3.905076067894697189e-03
3.918250091373920441e-03
3.909466788172721863e-03
3.902147989720106125e-03
3.903612028807401657e-03
3.905076067894697189e-03
3.916786052286624908e-03
3.915322944521903992e-03
3.912394866347312927e-03
3.912394866347312927e-03
3.910930827260017395e-03
3.909466788172721863e-03
3.886044956743717194e-03
3.902147989720106125e-03
3.906539175659418106e-03
3.905076067894697189e-03
3.855304094031453133e-03
3.793821902945637703e-03
3.735268022865056992e-03
3.708919044584035873e-03
3.730877069756388664e-03
3.858231939375400543e-03
3.891901113092899323e-03
3.897756105288863182e-03
3.900683950632810593e-03
3.900683950632810593e-03
3.903612028807401657e-03
3.905076067894697189e-03
3.905076067894697189e-03
3.908003214746713638e-03
3.906539175659418106e-03
3.896292066201567650e-03
3.919714130461215973e-03
3.908003214746713638e-03
3.906539175659418106e-03
3.905076067894697189e-03
3.905076067894697189e-03
3.906539175659418106e-03
3.912394866347312927e-03
3.910930827260017395e-03
3.894828958436846733e-03
3.905076067894697189e-03
3.905076067894697189e-03
3.910930827260017395e-03
3.906539175659418106e-03
3.908003214746713638e-03
3.908003214746713638e-03
3.909466788172721863e-03
3.859695978462696075e-03
3.779184073209762573e-03
3.735268022865056992e-03
3.732341108843684196e-03
3.878725925460457802e-03
3.906539175659418106e-03
3.906539175659418106e-03
3.900683950632810593e-03
3.900683950632810593e-03
3.905076067894697189e-03
3.899219911545515060e-03
3.900683950632810593e-03
3.912394866347312927e-03
3.905076067894697189e-03
3.903612028807401657e-03
3.900683950632810593e-03
3.916786052286624908e-03
3.909466788172721863e-03
3.912394866347312927e-03
3.915322944521903992e-03
3.891901113092899323e-03
3.908003214746713638e-03
3.908003214746713638e-03
3.908003214746713638e-03
3.906539175659418106e-03
3.906539175659418106e-03
3.906539175659418106e-03
3.906539175659418106e-03
3.912394866347312927e-03
3.906539175659418106e-03
3.908003214746713638e-03
3.908003214746713638e-03
3.846521023660898209e-03
3.786503104493021965e-03
3.735268022865056992e-03
3.869943087920546532e-03
3.905076067894697189e-03
3.905076067894697189e-03
3.906539175659418106e-03
3.903612028807401657e-03
3.910930827260017395e-03
3.903612028807401657e-03
3.902147989720106125e-03
3.905076067894697189e-03
3.905076067894697189e-03
3.903612028807401657e-03
3.906539175659418106e-03
3.909466788172721863e-03
3.869943087920546532e-03
