3.929961007088422775e-03
3.908003214746713638e-03
3.912394866347312927e-03
3.894828958436846733e-03
3.908003214746713638e-03
3.905076067894697189e-03
3.903612028807401657e-03
3.908003214746713638e-03
3.906539175659418106e-03
3.906539175659418106e-03
3.908003214746713638e-03
3.910930827260017395e-03
3.886044956743717194e-03
3.909466788172721863e-03
3.910930827260017395e-03
3.906539175659418106e-03
3.856767900288105011e-03
3.787966910749673843e-03
3.735268022865056992e-03
3.707455005496740341e-03
3.742587985470890999e-03
3.874334972351789474e-03
3.894828958436846733e-03
3.900683950632810593e-03
3.900683950632810593e-03
3.900683950632810593e-03
3.902147989720106125e-03
3.903612028807401657e-03
3.899219911545515060e-03
3.902147989720106125e-03
3.905076067894697189e-03
3.899219911545515060e-03
3.915322944521903992e-03
3.915322944521903992e-03
3.908003214746713638e-03
3.905076067894697189e-03
3.908003214746713638e-03
3.905076067894697189e-03
3.905076067894697189e-03
3.905076067894697189e-03
3.897756105288863182e-03
3.908003214746713638e-03
3.908003214746713638e-03
3.908003214746713638e-03
3.909466788172721863e-03
3.909466788172721863e-03
3.909466788172721863e-03
3.905076067894697189e-03
3.850912908092141151e-03
3.773329081013798714e-03
3.727948991581797600e-03
3.745514899492263794e-03
3.888973034918308258e-03
3.905076067894697189e-03
3.902147989720106125e-03
3.903612028807401657e-03
3.900683950632810593e-03
3.903612028807401657e-03
3.905076067894697189e-03
3.896292066201567650e-03
3.906539175659418106e-03
3.905076067894697189e-03
3.905076067894697189e-03
3.908003214746713638e-03
3.915322944521903992e-03
3.906539175659418106e-03
3.910930827260017395e-03
3.916786052286624908e-03
3.899219911545515060e-03
3.908003214746713638e-03
3.910930827260017395e-03
3.908003214746713638e-03
3.905076067894697189e-03
3.906539175659418106e-03
3.908003214746713638e-03
3.900683950632810593e-03
3.906539175659418106e-03
3.903612028807401657e-03
3.897756105288863182e-03
3.893364919349551201e-03
3.840666031464934349e-03
3.773329081013798714e-03
3.741123946383595467e-03
3.883118042722344398e-03
3.903612028807401657e-03
3.900683950632810593e-03
3.903612028807401657e-03
3.894828958436846733e-03
3.903612028807401657e-03
3.905076067894697189e-03
3.908003214746713638e-03
3.902147989720106125e-03
3.905076067894697189e-03
3.906539175659418106e-03
3.903612028807401657e-03
3.908003214746713638e-03
3.883118042722344398e-03
