3.916786052286624908e-03
3.908003214746713638e-03
3.906539175659418106e-03
3.905076067894697189e-03
3.906539175659418106e-03
3.905076067894697189e-03
3.891901113092899323e-03
3.900683950632810593e-03
3.906539175659418106e-03
3.910930827260017395e-03
3.903612028807401657e-03
3.905076067894697189e-03
3.903612028807401657e-03
3.905076067894697189e-03
3.906539175659418106e-03
3.909466788172721863e-03
3.836273914203047752e-03
3.774791955947875977e-03
3.723557107150554657e-03
3.720629960298538208e-03
3.826027037575840950e-03
3.906539175659418106e-03
3.905076067894697189e-03
3.903612028807401657e-03
3.902147989720106125e-03
3.894828958436846733e-03
3.899219911545515060e-03
3.905076067894697189e-03
3.905076067894697189e-03
3.906539175659418106e-03
3.905076067894697189e-03
3.931425046175718307e-03
3.916786052286624908e-03
3.915322944521903992e-03
3.897756105288863182e-03
3.909466788172721863e-03
3.908003214746713638e-03
3.906539175659418106e-03
3.908003214746713638e-03
3.908003214746713638e-03
3.905076067894697189e-03
3.908003214746713638e-03
3.912394866347312927e-03
3.887508995831012726e-03
3.905076067894697189e-03
3.906539175659418106e-03
3.906539175659418106e-03
3.881654003635048866e-03
3.808460896834731102e-03
3.754297969862818718e-03
3.722093999385833740e-03
3.823099890723824501e-03
3.902147989720106125e-03
3.897756105288863182e-03
3.899219911545515060e-03
3.900683950632810593e-03
3.903612028807401657e-03
3.906539175659418106e-03
3.905076067894697189e-03
3.903612028807401657e-03
3.900683950632810593e-03
3.903612028807401657e-03
3.899219911545515060e-03
3.918250091373920441e-03
3.913858905434608459e-03
3.916786052286624908e-03
3.909466788172721863e-03
3.903612028807401657e-03
3.900683950632810593e-03
3.902147989720106125e-03
3.903612028807401657e-03
3.891901113092899323e-03
3.906539175659418106e-03
3.905076067894697189e-03
3.908003214746713638e-03
3.902147989720106125e-03
3.900683950632810593e-03
3.910930827260017395e-03
3.910930827260017395e-03
3.861160017549991608e-03
3.789430949836969376e-03
3.735268022865056992e-03
3.795285942032933235e-03
3.897756105288863182e-03
3.899219911545515060e-03
3.908003214746713638e-03
3.909466788172721863e-03
3.908003214746713638e-03
3.909466788172721863e-03
3.881654003635048866e-03
3.902147989720106125e-03
3.900683950632810593e-03
3.905076067894697189e-03
3.910930827260017395e-03
3.908003214746713638e-03
3.906539175659418106e-03
