3.602056996896862984e-03
3.624015022069215775e-03
3.621088108047842979e-03
3.624015022069215775e-03
3.622550982981920242e-03
3.621088108047842979e-03
3.625479061156511307e-03
3.613767912611365318e-03
3.618160029873251915e-03
3.619624068960547447e-03
3.621088108047842979e-03
3.621088108047842979e-03
3.622550982981920242e-03
3.625479061156511307e-03
3.624015022069215775e-03
3.632798092439770699e-03
3.631334984675049782e-03
3.591809887439012527e-03
3.588882973417639732e-03
3.594737965613603592e-03
3.593273926526308060e-03
3.593273926526308060e-03
3.597666043788194656e-03
3.604985075071454048e-03
3.619624068960547447e-03
3.641580929979681969e-03
3.672322025522589684e-03
3.686961019411683083e-03
3.695744089782238007e-03
3.701600013300776482e-03
3.705990966409444809e-03
3.714774036779999733e-03
3.741123946383595467e-03
3.722093999385833740e-03
3.722093999385833740e-03
3.735268022865056992e-03
3.738196101039648056e-03
3.739659907296299934e-03
3.732341108843684196e-03
3.729413030669093132e-03
3.723557107150554657e-03
3.725020913407206535e-03
3.727948991581797600e-03
3.730877069756388664e-03
3.733803983777761459e-03
3.745514899492263794e-03
3.746978938579559326e-03
3.751371055841445923e-03
3.727948991581797600e-03
3.659148002043366432e-03
3.612304106354713440e-03
3.602056996896862984e-03
3.597666043788194656e-03
3.587418934330344200e-03
3.647437086328864098e-03
3.711846889927983284e-03
3.763081971555948257e-03
3.779184073209762573e-03
3.787966910749673843e-03
3.783575026318430901e-03
3.780648112297058105e-03
3.787966910749673843e-03
3.767472924664616585e-03
3.787966910749673843e-03
3.811388975009322166e-03
3.804069012403488159e-03
3.799678059294819832e-03
3.804069012403488159e-03
3.802605904638767242e-03
3.801142098382115364e-03
3.802605904638767242e-03
3.774791955947875977e-03
3.798214020207524300e-03
3.801142098382115364e-03
3.801142098382115364e-03
3.801142098382115364e-03
3.799678059294819832e-03
3.799678059294819832e-03
3.799678059294819832e-03
3.799678059294819832e-03
3.755762008950114250e-03
3.675250103697180748e-03
3.626943100243806839e-03
3.603521035984158516e-03
3.619624068960547447e-03
3.701600013300776482e-03
3.783575026318430901e-03
3.795285942032933235e-03
3.796749981120228767e-03
3.799678059294819832e-03
3.790894988924264908e-03
3.795285942032933235e-03
3.795285942032933235e-03
3.795285942032933235e-03
3.798214020207524300e-03
3.799678059294819832e-03
3.754297969862818718e-03
