3.618160029873251915e-03
3.622550982981920242e-03
3.624015022069215775e-03
3.621088108047842979e-03
3.625479061156511307e-03
3.626943100243806839e-03
3.635725937783718109e-03
3.626943100243806839e-03
3.621088108047842979e-03
3.621088108047842979e-03
3.624015022069215775e-03
3.626943100243806839e-03
3.624015022069215775e-03
3.629870945587754250e-03
3.632798092439770699e-03
3.632798092439770699e-03
3.604985075071454048e-03
3.572779940441250801e-03
3.585954895243048668e-03
3.588882973417639732e-03
3.599130082875490189e-03
3.600593889132142067e-03
3.604985075071454048e-03
3.616695990785956383e-03
3.631334984675049782e-03
3.654755884781479836e-03
3.675250103697180748e-03
3.689889097586274147e-03
3.716238075867295265e-03
3.711846889927983284e-03
3.713309997692704201e-03
3.710383083671331406e-03
3.723557107150554657e-03
3.720629960298538208e-03
3.729413030669093132e-03
3.733803983777761459e-03
3.726484952494502068e-03
3.752835094928741455e-03
3.732341108843684196e-03
3.726484952494502068e-03
3.726484952494502068e-03
3.729413030669093132e-03
3.732341108843684196e-03
3.741123946383595467e-03
3.742587985470890999e-03
3.736732061952352524e-03
3.757226048037409782e-03
3.763081971555948257e-03
3.692816011607646942e-03
3.635725937783718109e-03
3.604985075071454048e-03
3.597666043788194656e-03
3.597666043788194656e-03
3.621088108047842979e-03
3.675250103697180748e-03
3.754297969862818718e-03
3.777720034122467041e-03
3.783575026318430901e-03
3.785039065405726433e-03
3.783575026318430901e-03
3.789430949836969376e-03
3.789430949836969376e-03
3.790894988924264908e-03
3.786503104493021965e-03
3.799678059294819832e-03
3.801142098382115364e-03
3.801142098382115364e-03
3.799678059294819832e-03
3.804069012403488159e-03
3.808460896834731102e-03
3.801142098382115364e-03
3.804069012403488159e-03
3.801142098382115364e-03
3.795285942032933235e-03
3.801142098382115364e-03
3.799678059294819832e-03
3.804069012403488159e-03
3.804069012403488159e-03
3.801142098382115364e-03
3.801142098382115364e-03
3.719165921211242676e-03
3.654755884781479836e-03
3.612304106354713440e-03
3.604985075071454048e-03
3.651828039437532425e-03
3.752835094928741455e-03
3.793821902945637703e-03
3.790894988924264908e-03
3.796749981120228767e-03
3.801142098382115364e-03
3.798214020207524300e-03
3.786503104493021965e-03
3.793821902945637703e-03
3.799678059294819832e-03
3.805533051490783691e-03
3.798214020207524300e-03
3.808460896834731102e-03
