3.619624068960547447e-03
3.621088108047842979e-03
3.625479061156511307e-03
3.618160029873251915e-03
3.625479061156511307e-03
3.622550982981920242e-03
3.628406906500458717e-03
3.619624068960547447e-03
3.622550982981920242e-03
3.619624068960547447e-03
3.618160029873251915e-03
3.624015022069215775e-03
3.625479061156511307e-03
3.634261898696422577e-03
3.631334984675049782e-03
3.634261898696422577e-03
3.604985075071454048e-03
3.588882973417639732e-03
3.590347012504935265e-03
3.593273926526308060e-03
3.594737965613603592e-03
3.597666043788194656e-03
3.602056996896862984e-03
3.607912920415401459e-03
3.637189976871013641e-03
3.654755884781479836e-03
3.678177949041128159e-03
3.689889097586274147e-03
3.704526927322149277e-03
3.704526927322149277e-03
3.703062888234853745e-03
3.708919044584035873e-03
3.692816011607646942e-03
3.729413030669093132e-03
3.732341108843684196e-03
3.729413030669093132e-03
3.739659907296299934e-03
3.733803983777761459e-03
3.723557107150554657e-03
3.723557107150554657e-03
3.722093999385833740e-03
3.705990966409444809e-03
3.741123946383595467e-03
3.745514899492263794e-03
3.748442977666854858e-03
3.745514899492263794e-03
3.746978938579559326e-03
3.751371055841445923e-03
3.678177949041128159e-03
3.621088108047842979e-03
3.604985075071454048e-03
3.596202004700899124e-03
3.599130082875490189e-03
3.626943100243806839e-03
3.686961019411683083e-03
3.746978938579559326e-03
3.785039065405726433e-03
3.790894988924264908e-03
3.792359028011560440e-03
3.787966910749673843e-03
3.776255995035171509e-03
3.786503104493021965e-03
3.787966910749673843e-03
3.793821902945637703e-03
3.801142098382115364e-03
3.805533051490783691e-03
3.801142098382115364e-03
3.805533051490783691e-03
3.802605904638767242e-03
3.787966910749673843e-03
3.798214020207524300e-03
3.804069012403488159e-03
3.801142098382115364e-03
3.802605904638767242e-03
3.804069012403488159e-03
3.801142098382115364e-03
3.799678059294819832e-03
3.804069012403488159e-03
3.792359028011560440e-03
3.767472924664616585e-03
3.694280050694942474e-03
3.635725937783718109e-03
3.604985075071454048e-03
3.599130082875490189e-03
3.662074916064739227e-03
3.768936963751912117e-03
3.798214020207524300e-03
3.780648112297058105e-03
3.796749981120228767e-03
3.793821902945637703e-03
3.793821902945637703e-03
3.795285942032933235e-03
3.801142098382115364e-03
3.802605904638767242e-03
3.798214020207524300e-03
3.795285942032933235e-03
3.777720034122467041e-03
