3.910930827260017395e-03
3.912394866347312927e-03
3.906539175659418106e-03
3.908003214746713638e-03
3.909466788172721863e-03
3.910930827260017395e-03
3.905076067894697189e-03
3.887508995831012726e-03
3.897756105288863182e-03
3.909466788172721863e-03
3.913858905434608459e-03
3.910930827260017395e-03
3.906539175659418106e-03
3.905076067894697189e-03
3.908003214746713638e-03
3.903612028807401657e-03
3.834810107946395874e-03
3.767472924664616585e-03
3.733803983777761459e-03
3.726484952494502068e-03
3.850912908092141151e-03
3.900683950632810593e-03
3.902147989720106125e-03
3.902147989720106125e-03
3.905076067894697189e-03
3.897756105288863182e-03
3.891901113092899323e-03
3.900683950632810593e-03
3.905076067894697189e-03
3.903612028807401657e-03
3.903612028807401657e-03
3.915322944521903992e-03
3.916786052286624908e-03
3.919714130461215973e-03
3.906539175659418106e-03
3.891901113092899323e-03
3.905076067894697189e-03
3.910930827260017395e-03
3.906539175659418106e-03
3.906539175659418106e-03
3.910930827260017395e-03
3.905076067894697189e-03
3.908003214746713638e-03
3.908003214746713638e-03
3.893364919349551201e-03
3.912394866347312927e-03
3.912394866347312927e-03
3.871406894177198410e-03
3.798214020207524300e-03
3.741123946383595467e-03
3.725020913407206535e-03
3.856767900288105011e-03
3.900683950632810593e-03
3.883118042722344398e-03
3.903612028807401657e-03
3.908003214746713638e-03
3.905076067894697189e-03
3.903612028807401657e-03
3.903612028807401657e-03
3.905076067894697189e-03
3.905076067894697189e-03
3.903612028807401657e-03
3.903612028807401657e-03
3.919714130461215973e-03
3.915322944521903992e-03
3.915322944521903992e-03
3.908003214746713638e-03
3.912394866347312927e-03
3.906539175659418106e-03
3.909466788172721863e-03
3.906539175659418106e-03
3.902147989720106125e-03
3.899219911545515060e-03
3.912394866347312927e-03
3.916786052286624908e-03
3.905076067894697189e-03
3.906539175659418106e-03
3.909466788172721863e-03
3.905076067894697189e-03
3.859695978462696075e-03
3.787966910749673843e-03
3.720629960298538208e-03
3.830418922007083893e-03
3.903612028807401657e-03
3.908003214746713638e-03
3.909466788172721863e-03
3.909466788172721863e-03
3.908003214746713638e-03
3.906539175659418106e-03
3.905076067894697189e-03
3.890437074005603790e-03
3.903612028807401657e-03
3.903612028807401657e-03
3.902147989720106125e-03
3.902147989720106125e-03
3.909466788172721863e-03
