3.916786052286624908e-03
3.908003214746713638e-03
3.908003214746713638e-03
3.903612028807401657e-03
3.902147989720106125e-03
3.905076067894697189e-03
3.886044956743717194e-03
3.906539175659418106e-03
3.900683950632810593e-03
3.903612028807401657e-03
3.912394866347312927e-03
3.909466788172721863e-03
3.905076067894697189e-03
3.910930827260017395e-03
3.910930827260017395e-03
3.909466788172721863e-03
3.849449101835489273e-03
3.780648112297058105e-03
3.729413030669093132e-03
3.716238075867295265e-03
3.826027037575840950e-03
3.902147989720106125e-03
3.902147989720106125e-03
3.900683950632810593e-03
3.903612028807401657e-03
3.897756105288863182e-03
3.903612028807401657e-03
3.900683950632810593e-03
3.905076067894697189e-03
3.900683950632810593e-03
3.902147989720106125e-03
3.908003214746713638e-03
3.916786052286624908e-03
3.909466788172721863e-03
3.893364919349551201e-03
3.903612028807401657e-03
3.906539175659418106e-03
3.910930827260017395e-03
3.903612028807401657e-03
3.903612028807401657e-03
3.903612028807401657e-03
3.905076067894697189e-03
3.906539175659418106e-03
3.899219911545515060e-03
3.905076067894697189e-03
3.902147989720106125e-03
3.900683950632810593e-03
3.913858905434608459e-03
3.846521023660898209e-03
3.777720034122467041e-03
3.732341108843684196e-03
3.811388975009322166e-03
3.902147989720106125e-03
3.896292066201567650e-03
3.902147989720106125e-03
3.902147989720106125e-03
3.910930827260017395e-03
3.908003214746713638e-03
3.903612028807401657e-03
3.903612028807401657e-03
3.905076067894697189e-03
3.902147989720106125e-03
3.884582081809639931e-03
3.928496968001127243e-03
3.916786052286624908e-03
3.906539175659418106e-03
3.906539175659418106e-03
3.905076067894697189e-03
3.903612028807401657e-03
3.906539175659418106e-03
3.908003214746713638e-03
3.890437074005603790e-03
3.902147989720106125e-03
3.908003214746713638e-03
3.909466788172721863e-03
3.909466788172721863e-03
3.909466788172721863e-03
3.905076067894697189e-03
3.903612028807401657e-03
3.888973034918308258e-03
3.814315889030694962e-03
3.745514899492263794e-03
3.776255995035171509e-03
3.899219911545515060e-03
3.905076067894697189e-03
3.903612028807401657e-03
3.905076067894697189e-03
3.905076067894697189e-03
3.906539175659418106e-03
3.906539175659418106e-03
3.899219911545515060e-03
3.905076067894697189e-03
3.908003214746713638e-03
3.900683950632810593e-03
3.900683950632810593e-03
3.906539175659418106e-03
3.896292066201567650e-03
