3.716238075867295265e-03
3.751371055841445923e-03
3.764545079320669174e-03
3.771865041926503181e-03
3.780648112297058105e-03
3.789430949836969376e-03
3.783575026318430901e-03
3.783575026318430901e-03
3.790894988924264908e-03
3.786503104493021965e-03
3.780648112297058105e-03
3.785039065405726433e-03
3.787966910749673843e-03
3.787966910749673843e-03
3.783575026318430901e-03
3.795285942032933235e-03
3.713309997692704201e-03
3.741123946383595467e-03
3.736732061952352524e-03
3.729413030669093132e-03
3.736732061952352524e-03
3.739659907296299934e-03
3.742587985470890999e-03
3.735268022865056992e-03
3.736732061952352524e-03
3.742587985470890999e-03
3.741123946383595467e-03
3.741123946383595467e-03
3.726484952494502068e-03
3.733803983777761459e-03
3.738196101039648056e-03
3.739659907296299934e-03
3.757226048037409782e-03
3.771865041926503181e-03
3.780648112297058105e-03
3.782111918553709984e-03
3.787966910749673843e-03
3.789430949836969376e-03
3.780648112297058105e-03
3.785039065405726433e-03
3.783575026318430901e-03
3.787966910749673843e-03
3.786503104493021965e-03
3.785039065405726433e-03
3.789430949836969376e-03
3.785039065405726433e-03
3.790894988924264908e-03
3.780648112297058105e-03
3.725020913407206535e-03
3.733803983777761459e-03
3.736732061952352524e-03
3.739659907296299934e-03
3.739659907296299934e-03
3.736732061952352524e-03
3.738196101039648056e-03
3.741123946383595467e-03
3.726484952494502068e-03
3.736732061952352524e-03
3.736732061952352524e-03
3.732341108843684196e-03
3.733803983777761459e-03
3.735268022865056992e-03
3.732341108843684196e-03
3.736732061952352524e-03
3.766008885577321053e-03
3.748442977666854858e-03
3.771865041926503181e-03
3.783575026318430901e-03
3.786503104493021965e-03
3.787966910749673843e-03
3.782111918553709984e-03
3.782111918553709984e-03
3.786503104493021965e-03
3.787966910749673843e-03
3.789430949836969376e-03
3.780648112297058105e-03
3.783575026318430901e-03
3.785039065405726433e-03
3.790894988924264908e-03
3.790894988924264908e-03
3.733803983777761459e-03
3.735268022865056992e-03
3.732341108843684196e-03
3.744051093235611916e-03
3.726484952494502068e-03
3.733803983777761459e-03
3.730877069756388664e-03
3.735268022865056992e-03
3.744051093235611916e-03
3.738196101039648056e-03
3.736732061952352524e-03
3.735268022865056992e-03
3.733803983777761459e-03
3.719165921211242676e-03
3.732341108843684196e-03
3.738196101039648056e-03
3.694280050694942474e-03
