3.619624068960547447e-03
3.626943100243806839e-03
3.621088108047842979e-03
3.621088108047842979e-03
3.622550982981920242e-03
3.628406906500458717e-03
3.622550982981920242e-03
3.619624068960547447e-03
3.618160029873251915e-03
3.619624068960547447e-03
3.624015022069215775e-03
3.624015022069215775e-03
3.624015022069215775e-03
3.628406906500458717e-03
3.629870945587754250e-03
3.631334984675049782e-03
3.599130082875490189e-03
3.590347012504935265e-03
3.585954895243048668e-03
3.596202004700899124e-03
3.600593889132142067e-03
3.596202004700899124e-03
3.600593889132142067e-03
3.615231951698660851e-03
3.635725937783718109e-03
3.665002994239330292e-03
3.676713909953832626e-03
3.694280050694942474e-03
3.710383083671331406e-03
3.713309997692704201e-03
3.713309997692704201e-03
3.713309997692704201e-03
3.723557107150554657e-03
3.725020913407206535e-03
3.729413030669093132e-03
3.732341108843684196e-03
3.722093999385833740e-03
3.751371055841445923e-03
3.729413030669093132e-03
3.725020913407206535e-03
3.729413030669093132e-03
3.723557107150554657e-03
3.735268022865056992e-03
3.738196101039648056e-03
3.745514899492263794e-03
3.725020913407206535e-03
3.758690087124705315e-03
3.748442977666854858e-03
3.679641988128423691e-03
3.624015022069215775e-03
3.599130082875490189e-03
3.600593889132142067e-03
3.604985075071454048e-03
3.631334984675049782e-03
3.667931072413921356e-03
3.761617932468652725e-03
3.780648112297058105e-03
3.789430949836969376e-03
3.789430949836969376e-03
3.783575026318430901e-03
3.789430949836969376e-03
3.787966910749673843e-03
3.787966910749673843e-03
3.815779928117990494e-03
3.795285942032933235e-03
3.801142098382115364e-03
3.801142098382115364e-03
3.799678059294819832e-03
3.802605904638767242e-03
3.795285942032933235e-03
3.804069012403488159e-03
3.799678059294819832e-03
3.801142098382115364e-03
3.796749981120228767e-03
3.798214020207524300e-03
3.798214020207524300e-03
3.799678059294819832e-03
3.805533051490783691e-03
3.799678059294819832e-03
3.761617932468652725e-03
3.686961019411683083e-03
3.626943100243806839e-03
3.593273926526308060e-03
3.606449114158749580e-03
3.675250103697180748e-03
3.777720034122467041e-03
3.795285942032933235e-03
3.795285942032933235e-03
3.792359028011560440e-03
3.793821902945637703e-03
3.799678059294819832e-03
3.782111918553709984e-03
3.795285942032933235e-03
3.796749981120228767e-03
3.795285942032933235e-03
3.799678059294819832e-03
3.801142098382115364e-03
