3.880189964547753334e-03
3.908003214746713638e-03
3.905076067894697189e-03
3.905076067894697189e-03
3.894828958436846733e-03
3.902147989720106125e-03
3.903612028807401657e-03
3.915322944521903992e-03
3.908003214746713638e-03
3.905076067894697189e-03
3.906539175659418106e-03
3.912394866347312927e-03
3.903612028807401657e-03
3.890437074005603790e-03
3.902147989720106125e-03
3.900683950632810593e-03
3.859695978462696075e-03
3.789430949836969376e-03
3.735268022865056992e-03
3.710383083671331406e-03
3.738196101039648056e-03
3.869943087920546532e-03
3.897756105288863182e-03
3.896292066201567650e-03
3.897756105288863182e-03
3.897756105288863182e-03
3.902147989720106125e-03
3.903612028807401657e-03
3.905076067894697189e-03
3.900683950632810593e-03
3.903612028807401657e-03
3.900683950632810593e-03
3.908003214746713638e-03
3.908003214746713638e-03
3.906539175659418106e-03
3.909466788172721863e-03
3.910930827260017395e-03
3.909466788172721863e-03
3.906539175659418106e-03
3.908003214746713638e-03
3.909466788172721863e-03
3.886044956743717194e-03
3.900683950632810593e-03
3.905076067894697189e-03
3.905076067894697189e-03
3.915322944521903992e-03
3.905076067894697189e-03
3.910930827260017395e-03
3.855304094031453133e-03
3.787966910749673843e-03
3.710383083671331406e-03
3.739659907296299934e-03
3.888973034918308258e-03
3.897756105288863182e-03
3.897756105288863182e-03
3.900683950632810593e-03
3.906539175659418106e-03
3.906539175659418106e-03
3.903612028807401657e-03
3.906539175659418106e-03
3.897756105288863182e-03
3.902147989720106125e-03
3.900683950632810593e-03
3.897756105288863182e-03
3.916786052286624908e-03
3.918250091373920441e-03
3.913858905434608459e-03
3.909466788172721863e-03
3.908003214746713638e-03
3.897756105288863182e-03
3.905076067894697189e-03
3.906539175659418106e-03
3.903612028807401657e-03
3.903612028807401657e-03
3.906539175659418106e-03
3.912394866347312927e-03
3.909466788172721863e-03
3.906539175659418106e-03
3.890437074005603790e-03
3.900683950632810593e-03
3.839201992377638817e-03
3.771865041926503181e-03
3.745514899492263794e-03
3.883118042722344398e-03
3.906539175659418106e-03
3.903612028807401657e-03
3.910930827260017395e-03
3.893364919349551201e-03
3.902147989720106125e-03
3.905076067894697189e-03
3.902147989720106125e-03
3.900683950632810593e-03
3.902147989720106125e-03
3.909466788172721863e-03
3.908003214746713638e-03
3.906539175659418106e-03
3.896292066201567650e-03
