3.613767912611365318e-03
3.613767912611365318e-03
3.619624068960547447e-03
3.619624068960547447e-03
3.619624068960547447e-03
3.626943100243806839e-03
3.631334984675049782e-03
3.618160029873251915e-03
3.618160029873251915e-03
3.616695990785956383e-03
3.612304106354713440e-03
3.622550982981920242e-03
3.624015022069215775e-03
3.624015022069215775e-03
3.621088108047842979e-03
3.631334984675049782e-03
3.607912920415401459e-03
3.593273926526308060e-03
3.593273926526308060e-03
3.585954895243048668e-03
3.593273926526308060e-03
3.596202004700899124e-03
3.602056996896862984e-03
3.607912920415401459e-03
3.626943100243806839e-03
3.644509008154273033e-03
3.659148002043366432e-03
3.670858917757868767e-03
3.673786064609885216e-03
3.703062888234853745e-03
3.705990966409444809e-03
3.705990966409444809e-03
3.716238075867295265e-03
3.716238075867295265e-03
3.719165921211242676e-03
3.726484952494502068e-03
3.727948991581797600e-03
3.732341108843684196e-03
3.723557107150554657e-03
3.720629960298538208e-03
3.716238075867295265e-03
3.720629960298538208e-03
3.723557107150554657e-03
3.723557107150554657e-03
3.732341108843684196e-03
3.739659907296299934e-03
3.741123946383595467e-03
3.748442977666854858e-03
3.691352903842926025e-03
3.628406906500458717e-03
3.603521035984158516e-03
3.599130082875490189e-03
3.597666043788194656e-03
3.616695990785956383e-03
3.670858917757868767e-03
3.726484952494502068e-03
3.763081971555948257e-03
3.783575026318430901e-03
3.785039065405726433e-03
3.786503104493021965e-03
3.786503104493021965e-03
3.783575026318430901e-03
3.780648112297058105e-03
3.783575026318430901e-03
3.804069012403488159e-03
3.789430949836969376e-03
3.801142098382115364e-03
3.799678059294819832e-03
3.799678059294819832e-03
3.801142098382115364e-03
3.798214020207524300e-03
3.793821902945637703e-03
3.798214020207524300e-03
3.798214020207524300e-03
3.785039065405726433e-03
3.799678059294819832e-03
3.801142098382115364e-03
3.802605904638767242e-03
3.799678059294819832e-03
3.780648112297058105e-03
3.713309997692704201e-03
3.650364931672811508e-03
3.612304106354713440e-03
3.596202004700899124e-03
3.653292078524827957e-03
3.745514899492263794e-03
3.792359028011560440e-03
3.796749981120228767e-03
3.799678059294819832e-03
3.795285942032933235e-03
3.792359028011560440e-03
3.796749981120228767e-03
3.787966910749673843e-03
3.793821902945637703e-03
3.798214020207524300e-03
3.795285942032933235e-03
3.795285942032933235e-03
