3.610840998589992523e-03
3.616695990785956383e-03
3.622550982981920242e-03
3.613767912611365318e-03
3.621088108047842979e-03
3.626943100243806839e-03
3.619624068960547447e-03
3.618160029873251915e-03
3.619624068960547447e-03
3.616695990785956383e-03
3.619624068960547447e-03
3.618160029873251915e-03
3.597666043788194656e-03
3.625479061156511307e-03
3.635725937783718109e-03
3.634261898696422577e-03
3.597666043788194656e-03
3.588882973417639732e-03
3.593273926526308060e-03
3.597666043788194656e-03
3.594737965613603592e-03
3.575708018615841866e-03
3.596202004700899124e-03
3.616695990785956383e-03
3.629870945587754250e-03
3.647437086328864098e-03
3.669395111501216888e-03
3.682568902149796486e-03
3.697207896038889885e-03
3.694280050694942474e-03
3.682568902149796486e-03
3.711846889927983284e-03
3.719165921211242676e-03
3.716238075867295265e-03
3.717702114954590797e-03
3.720629960298538208e-03
3.730877069756388664e-03
3.730877069756388664e-03
3.717702114954590797e-03
3.714774036779999733e-03
3.717702114954590797e-03
3.729413030669093132e-03
3.727948991581797600e-03
3.729413030669093132e-03
3.736732061952352524e-03
3.739659907296299934e-03
3.739659907296299934e-03
3.739659907296299934e-03
3.670858917757868767e-03
3.607912920415401459e-03
3.600593889132142067e-03
3.602056996896862984e-03
3.600593889132142067e-03
3.628406906500458717e-03
3.685496980324387550e-03
3.745514899492263794e-03
3.776255995035171509e-03
3.786503104493021965e-03
3.779184073209762573e-03
3.786503104493021965e-03
3.787966910749673843e-03
3.786503104493021965e-03
3.785039065405726433e-03
3.811388975009322166e-03
3.806997090578079224e-03
3.806997090578079224e-03
3.798214020207524300e-03
3.783575026318430901e-03
3.799678059294819832e-03
3.798214020207524300e-03
3.796749981120228767e-03
3.798214020207524300e-03
3.802605904638767242e-03
3.801142098382115364e-03
3.799678059294819832e-03
3.801142098382115364e-03
3.783575026318430901e-03
3.798214020207524300e-03
3.801142098382115364e-03
3.761617932468652725e-03
3.686961019411683083e-03
3.632798092439770699e-03
3.604985075071454048e-03
3.607912920415401459e-03
3.670858917757868767e-03
3.770401002839207649e-03
3.793821902945637703e-03
3.796749981120228767e-03
3.798214020207524300e-03
3.796749981120228767e-03
3.795285942032933235e-03
3.796749981120228767e-03
3.799678059294819832e-03
3.795285942032933235e-03
3.782111918553709984e-03
3.796749981120228767e-03
3.798214020207524300e-03
