3.896292066201567650e-03
3.910930827260017395e-03
3.896292066201567650e-03
3.905076067894697189e-03
3.903612028807401657e-03
3.905076067894697189e-03
3.913858905434608459e-03
3.908003214746713638e-03
3.908003214746713638e-03
3.910930827260017395e-03
3.909466788172721863e-03
3.881654003635048866e-03
3.900683950632810593e-03
3.908003214746713638e-03
3.908003214746713638e-03
3.906539175659418106e-03
3.910930827260017395e-03
3.836273914203047752e-03
3.764545079320669174e-03
3.722093999385833740e-03
3.707455005496740341e-03
3.849449101835489273e-03
3.902147989720106125e-03
3.903612028807401657e-03
3.899219911545515060e-03
3.899219911545515060e-03
3.905076067894697189e-03
3.906539175659418106e-03
3.905076067894697189e-03
3.905076067894697189e-03
3.893364919349551201e-03
3.896292066201567650e-03
3.900683950632810593e-03
3.912394866347312927e-03
3.918250091373920441e-03
3.910930827260017395e-03
3.906539175659418106e-03
3.903612028807401657e-03
3.909466788172721863e-03
3.890437074005603790e-03
3.908003214746713638e-03
3.908003214746713638e-03
3.910930827260017395e-03
3.903612028807401657e-03
3.905076067894697189e-03
3.905076067894697189e-03
3.905076067894697189e-03
3.908003214746713638e-03
3.846521023660898209e-03
3.789430949836969376e-03
3.738196101039648056e-03
3.725020913407206535e-03
3.862624056637287140e-03
3.905076067894697189e-03
3.906539175659418106e-03
3.903612028807401657e-03
3.900683950632810593e-03
3.899219911545515060e-03
3.899219911545515060e-03
3.899219911545515060e-03
3.902147989720106125e-03
3.905076067894697189e-03
3.905076067894697189e-03
3.902147989720106125e-03
3.912394866347312927e-03
3.918250091373920441e-03
3.921178169548511505e-03
3.899219911545515060e-03
3.905076067894697189e-03
3.903612028807401657e-03
3.905076067894697189e-03
3.903612028807401657e-03
3.909466788172721863e-03
3.909466788172721863e-03
3.909466788172721863e-03
3.906539175659418106e-03
3.887508995831012726e-03
3.900683950632810593e-03
3.908003214746713638e-03
3.910930827260017395e-03
3.856767900288105011e-03
3.786503104493021965e-03
3.735268022865056992e-03
3.818708006292581558e-03
3.908003214746713638e-03
3.888973034918308258e-03
3.903612028807401657e-03
3.902147989720106125e-03
3.906539175659418106e-03
3.905076067894697189e-03
3.902147989720106125e-03
3.903612028807401657e-03
3.906539175659418106e-03
3.906539175659418106e-03
3.906539175659418106e-03
3.899219911545515060e-03
4.052924923598766327e-03
