3.631334984675049782e-03
3.622550982981920242e-03
3.622550982981920242e-03
3.625479061156511307e-03
3.621088108047842979e-03
3.626943100243806839e-03
3.610840998589992523e-03
3.618160029873251915e-03
3.619624068960547447e-03
3.621088108047842979e-03
3.621088108047842979e-03
3.625479061156511307e-03
3.626943100243806839e-03
3.626943100243806839e-03
3.629870945587754250e-03
3.622550982981920242e-03
3.602056996896862984e-03
3.593273926526308060e-03
3.594737965613603592e-03
3.597666043788194656e-03
3.594737965613603592e-03
3.593273926526308060e-03
3.603521035984158516e-03
3.618160029873251915e-03
3.624015022069215775e-03
3.678177949041128159e-03
3.685496980324387550e-03
3.694280050694942474e-03
3.701600013300776482e-03
3.705990966409444809e-03
3.707455005496740341e-03
3.716238075867295265e-03
3.725020913407206535e-03
3.727948991581797600e-03
3.741123946383595467e-03
3.742587985470890999e-03
3.738196101039648056e-03
3.739659907296299934e-03
3.726484952494502068e-03
3.725020913407206535e-03
3.726484952494502068e-03
3.732341108843684196e-03
3.736732061952352524e-03
3.748442977666854858e-03
3.748442977666854858e-03
3.752835094928741455e-03
3.751371055841445923e-03
3.760153893381357193e-03
3.676713909953832626e-03
3.622550982981920242e-03
3.596202004700899124e-03
3.591809887439012527e-03
3.602056996896862984e-03
3.634261898696422577e-03
3.689889097586274147e-03
3.746978938579559326e-03
3.782111918553709984e-03
3.787966910749673843e-03
3.789430949836969376e-03
3.786503104493021965e-03
3.786503104493021965e-03
3.785039065405726433e-03
3.790894988924264908e-03
3.815779928117990494e-03
3.808460896834731102e-03
3.804069012403488159e-03
3.804069012403488159e-03
3.799678059294819832e-03
3.804069012403488159e-03
3.804069012403488159e-03
3.792359028011560440e-03
3.796749981120228767e-03
3.798214020207524300e-03
3.799678059294819832e-03
3.801142098382115364e-03
3.804069012403488159e-03
3.805533051490783691e-03
3.801142098382115364e-03
3.802605904638767242e-03
3.746978938579559326e-03
3.685496980324387550e-03
3.631334984675049782e-03
3.606449114158749580e-03
3.606449114158749580e-03
3.686961019411683083e-03
3.777720034122467041e-03
3.792359028011560440e-03
3.798214020207524300e-03
3.783575026318430901e-03
3.793821902945637703e-03
3.793821902945637703e-03
3.793821902945637703e-03
3.795285942032933235e-03
3.799678059294819832e-03
3.804069012403488159e-03
3.798214020207524300e-03
3.799678059294819832e-03
