3.909466788172721863e-03
3.909466788172721863e-03
3.908003214746713638e-03
3.905076067894697189e-03
3.910930827260017395e-03
3.909466788172721863e-03
3.906539175659418106e-03
3.883118042722344398e-03
3.905076067894697189e-03
3.909466788172721863e-03
3.910930827260017395e-03
3.909466788172721863e-03
3.905076067894697189e-03
3.908003214746713638e-03
3.908003214746713638e-03
3.908003214746713638e-03
3.843594109639525414e-03
3.768936963751912117e-03
3.726484952494502068e-03
3.708919044584035873e-03
3.798214020207524300e-03
3.897756105288863182e-03
3.903612028807401657e-03
3.902147989720106125e-03
3.903612028807401657e-03
3.900683950632810593e-03
3.890437074005603790e-03
3.903612028807401657e-03
3.903612028807401657e-03
3.902147989720106125e-03
3.908003214746713638e-03
3.928496968001127243e-03
3.912394866347312927e-03
3.912394866347312927e-03
3.908003214746713638e-03
3.900683950632810593e-03
3.908003214746713638e-03
3.912394866347312927e-03
3.909466788172721863e-03
3.906539175659418106e-03
3.909466788172721863e-03
3.908003214746713638e-03
3.909466788172721863e-03
3.909466788172721863e-03
3.894828958436846733e-03
3.902147989720106125e-03
3.902147989720106125e-03
3.878725925460457802e-03
3.820172045379877090e-03
3.758690087124705315e-03
3.725020913407206535e-03
3.805533051490783691e-03
3.902147989720106125e-03
3.888973034918308258e-03
3.900683950632810593e-03
3.900683950632810593e-03
3.899219911545515060e-03
3.905076067894697189e-03
3.906539175659418106e-03
3.906539175659418106e-03
3.908003214746713638e-03
3.903612028807401657e-03
3.900683950632810593e-03
3.903612028807401657e-03
3.912394866347312927e-03
3.915322944521903992e-03
3.908003214746713638e-03
3.909466788172721863e-03
3.910930827260017395e-03
3.909466788172721863e-03
3.906539175659418106e-03
3.909466788172721863e-03
3.896292066201567650e-03
3.906539175659418106e-03
3.903612028807401657e-03
3.906539175659418106e-03
3.903612028807401657e-03
3.916786052286624908e-03
3.913858905434608459e-03
3.858231939375400543e-03
3.793821902945637703e-03
3.711846889927983284e-03
3.777720034122467041e-03
3.900683950632810593e-03
3.897756105288863182e-03
3.902147989720106125e-03
3.915322944521903992e-03
3.909466788172721863e-03
3.905076067894697189e-03
3.906539175659418106e-03
3.890437074005603790e-03
3.906539175659418106e-03
3.902147989720106125e-03
3.905076067894697189e-03
3.903612028807401657e-03
3.906539175659418106e-03
