3.909466788172721863e-03
3.912394866347312927e-03
3.910930827260017395e-03
3.894828958436846733e-03
3.908003214746713638e-03
3.909466788172721863e-03
3.905076067894697189e-03
3.908003214746713638e-03
3.902147989720106125e-03
3.906539175659418106e-03
3.900683950632810593e-03
3.909466788172721863e-03
3.909466788172721863e-03
3.899219911545515060e-03
3.908003214746713638e-03
3.906539175659418106e-03
3.856767900288105011e-03
3.786503104493021965e-03
3.730877069756388664e-03
3.710383083671331406e-03
3.776255995035171509e-03
3.897756105288863182e-03
3.893364919349551201e-03
3.903612028807401657e-03
3.900683950632810593e-03
3.902147989720106125e-03
3.905076067894697189e-03
3.899219911545515060e-03
3.903612028807401657e-03
3.900683950632810593e-03
3.900683950632810593e-03
3.910930827260017395e-03
3.912394866347312927e-03
3.913858905434608459e-03
3.908003214746713638e-03
3.908003214746713638e-03
3.903612028807401657e-03
3.906539175659418106e-03
3.905076067894697189e-03
3.903612028807401657e-03
3.909466788172721863e-03
3.900683950632810593e-03
3.910930827260017395e-03
3.909466788172721863e-03
3.908003214746713638e-03
3.909466788172721863e-03
3.905076067894697189e-03
3.906539175659418106e-03
3.847985062748193741e-03
3.776255995035171509e-03
3.723557107150554657e-03
3.771865041926503181e-03
3.902147989720106125e-03
3.899219911545515060e-03
3.908003214746713638e-03
3.903612028807401657e-03
3.903612028807401657e-03
3.903612028807401657e-03
3.905076067894697189e-03
3.875798080116510391e-03
3.902147989720106125e-03
3.908003214746713638e-03
3.908003214746713638e-03
3.906539175659418106e-03
3.916786052286624908e-03
3.910930827260017395e-03
3.908003214746713638e-03
3.908003214746713638e-03
3.891901113092899323e-03
3.902147989720106125e-03
3.906539175659418106e-03
3.913858905434608459e-03
3.910930827260017395e-03
3.908003214746713638e-03
3.910930827260017395e-03
3.906539175659418106e-03
3.905076067894697189e-03
3.905076067894697189e-03
3.899219911545515060e-03
3.915322944521903992e-03
3.831882961094379425e-03
3.767472924664616585e-03
3.757226048037409782e-03
3.897756105288863182e-03
3.905076067894697189e-03
3.903612028807401657e-03
3.906539175659418106e-03
3.900683950632810593e-03
3.902147989720106125e-03
3.905076067894697189e-03
3.906539175659418106e-03
3.909466788172721863e-03
3.906539175659418106e-03
3.906539175659418106e-03
3.908003214746713638e-03
3.905076067894697189e-03
3.902147989720106125e-03
