3.966556861996650696e-03
3.910930827260017395e-03
3.903612028807401657e-03
3.908003214746713638e-03
3.909466788172721863e-03
3.908003214746713638e-03
3.908003214746713638e-03
3.915322944521903992e-03
3.905076067894697189e-03
3.900683950632810593e-03
3.912394866347312927e-03
3.915322944521903992e-03
3.908003214746713638e-03
3.912394866347312927e-03
3.910930827260017395e-03
3.908003214746713638e-03
3.855304094031453133e-03
3.792359028011560440e-03
3.722093999385833740e-03
3.707455005496740341e-03
3.742587985470890999e-03
3.883118042722344398e-03
3.900683950632810593e-03
3.902147989720106125e-03
3.903612028807401657e-03
3.900683950632810593e-03
3.900683950632810593e-03
3.887508995831012726e-03
3.905076067894697189e-03
3.900683950632810593e-03
3.897756105288863182e-03
3.902147989720106125e-03
3.912394866347312927e-03
3.910930827260017395e-03
3.906539175659418106e-03
3.908003214746713638e-03
3.910930827260017395e-03
3.900683950632810593e-03
3.906539175659418106e-03
3.905076067894697189e-03
3.902147989720106125e-03
3.905076067894697189e-03
3.900683950632810593e-03
3.912394866347312927e-03
3.916786052286624908e-03
3.910930827260017395e-03
3.891901113092899323e-03
3.906539175659418106e-03
3.858231939375400543e-03
3.786503104493021965e-03
3.741123946383595467e-03
3.736732061952352524e-03
3.886044956743717194e-03
3.902147989720106125e-03
3.902147989720106125e-03
3.890437074005603790e-03
3.900683950632810593e-03
3.897756105288863182e-03
3.903612028807401657e-03
3.909466788172721863e-03
3.908003214746713638e-03
3.905076067894697189e-03
3.906539175659418106e-03
3.902147989720106125e-03
3.912394866347312927e-03
3.906539175659418106e-03
3.905076067894697189e-03
3.908003214746713638e-03
3.908003214746713638e-03
3.908003214746713638e-03
3.909466788172721863e-03
3.905076067894697189e-03
3.908003214746713638e-03
3.900683950632810593e-03
3.905076067894697189e-03
3.908003214746713638e-03
3.910930827260017395e-03
3.906539175659418106e-03
3.906539175659418106e-03
3.906539175659418106e-03
3.847985062748193741e-03
3.779184073209762573e-03
3.741123946383595467e-03
3.864088095724582672e-03
3.902147989720106125e-03
3.900683950632810593e-03
3.903612028807401657e-03
3.903612028807401657e-03
3.900683950632810593e-03
3.906539175659418106e-03
3.899219911545515060e-03
3.910930827260017395e-03
3.896292066201567650e-03
3.908003214746713638e-03
3.905076067894697189e-03
3.903612028807401657e-03
3.912394866347312927e-03
