3.651828039437532425e-03
3.621088108047842979e-03
3.619624068960547447e-03
3.625479061156511307e-03
3.622550982981920242e-03
3.624015022069215775e-03
3.626943100243806839e-03
3.624015022069215775e-03
3.619624068960547447e-03
3.619624068960547447e-03
3.621088108047842979e-03
3.604985075071454048e-03
3.626943100243806839e-03
3.628406906500458717e-03
3.631334984675049782e-03
3.631334984675049782e-03
3.612304106354713440e-03
3.594737965613603592e-03
3.597666043788194656e-03
3.596202004700899124e-03
3.587418934330344200e-03
3.591809887439012527e-03
3.597666043788194656e-03
3.606449114158749580e-03
3.626943100243806839e-03
3.653292078524827957e-03
3.676713909953832626e-03
3.689889097586274147e-03
3.695744089782238007e-03
3.692816011607646942e-03
3.713309997692704201e-03
3.717702114954590797e-03
3.726484952494502068e-03
3.725020913407206535e-03
3.729413030669093132e-03
3.736732061952352524e-03
3.736732061952352524e-03
3.744051093235611916e-03
3.730877069756388664e-03
3.730877069756388664e-03
3.729413030669093132e-03
3.732341108843684196e-03
3.738196101039648056e-03
3.738196101039648056e-03
3.745514899492263794e-03
3.745514899492263794e-03
3.751371055841445923e-03
3.752835094928741455e-03
3.698671935126185417e-03
3.638654015958309174e-03
3.607912920415401459e-03
3.600593889132142067e-03
3.596202004700899124e-03
3.615231951698660851e-03
3.670858917757868767e-03
3.736732061952352524e-03
3.773329081013798714e-03
3.782111918553709984e-03
3.786503104493021965e-03
3.789430949836969376e-03
3.789430949836969376e-03
3.790894988924264908e-03
3.787966910749673843e-03
3.792359028011560440e-03
3.804069012403488159e-03
3.799678059294819832e-03
3.783575026318430901e-03
3.798214020207524300e-03
3.802605904638767242e-03
3.808460896834731102e-03
3.801142098382115364e-03
3.799678059294819832e-03
3.804069012403488159e-03
3.798214020207524300e-03
3.799678059294819832e-03
3.787966910749673843e-03
3.798214020207524300e-03
3.795285942032933235e-03
3.801142098382115364e-03
3.804069012403488159e-03
3.736732061952352524e-03
3.669395111501216888e-03
3.624015022069215775e-03
3.603521035984158516e-03
3.616695990785956383e-03
3.742587985470890999e-03
3.789430949836969376e-03
3.795285942032933235e-03
3.796749981120228767e-03
3.799678059294819832e-03
3.798214020207524300e-03
3.798214020207524300e-03
3.795285942032933235e-03
3.771865041926503181e-03
3.792359028011560440e-03
3.795285942032933235e-03
3.764545079320669174e-03
