3.826027037575840950e-03
3.808460896834731102e-03
3.809924935922026634e-03
3.812853014096617699e-03
3.817243967205286026e-03
3.805533051490783691e-03
3.806997090578079224e-03
3.811388975009322166e-03
3.808460896834731102e-03
3.808460896834731102e-03
3.806997090578079224e-03
3.809924935922026634e-03
3.812853014096617699e-03
3.815779928117990494e-03
3.795285942032933235e-03
3.809924935922026634e-03
3.792359028011560440e-03
3.798214020207524300e-03
3.795285942032933235e-03
3.795285942032933235e-03
3.806997090578079224e-03
3.805533051490783691e-03
3.804069012403488159e-03
3.777720034122467041e-03
3.798214020207524300e-03
3.798214020207524300e-03
3.802605904638767242e-03
3.801142098382115364e-03
3.799678059294819832e-03
3.796749981120228767e-03
3.805533051490783691e-03
3.801142098382115364e-03
3.796749981120228767e-03
3.809924935922026634e-03
3.814315889030694962e-03
3.812853014096617699e-03
3.809924935922026634e-03
3.811388975009322166e-03
3.809924935922026634e-03
3.809924935922026634e-03
3.817243967205286026e-03
3.811388975009322166e-03
3.805533051490783691e-03
3.811388975009322166e-03
3.809924935922026634e-03
3.808460896834731102e-03
3.809924935922026634e-03
3.808460896834731102e-03
3.793821902945637703e-03
3.805533051490783691e-03
3.802605904638767242e-03
3.793821902945637703e-03
3.802605904638767242e-03
3.799678059294819832e-03
3.799678059294819832e-03
3.796749981120228767e-03
3.798214020207524300e-03
3.798214020207524300e-03
3.801142098382115364e-03
3.804069012403488159e-03
3.801142098382115364e-03
3.799678059294819832e-03
3.799678059294819832e-03
3.801142098382115364e-03
3.811388975009322166e-03
3.811388975009322166e-03
3.806997090578079224e-03
3.811388975009322166e-03
3.815779928117990494e-03
3.802605904638767242e-03
3.809924935922026634e-03
3.811388975009322166e-03
3.811388975009322166e-03
3.812853014096617699e-03
3.809924935922026634e-03
3.809924935922026634e-03
3.811388975009322166e-03
3.806997090578079224e-03
3.786503104493021965e-03
3.793821902945637703e-03
3.795285942032933235e-03
3.799678059294819832e-03
3.799678059294819832e-03
3.799678059294819832e-03
3.801142098382115364e-03
3.802605904638767242e-03
3.801142098382115364e-03
3.777720034122467041e-03
3.804069012403488159e-03
3.799678059294819832e-03
3.802605904638767242e-03
3.802605904638767242e-03
3.804069012403488159e-03
3.799678059294819832e-03
3.802605904638767242e-03
3.799678059294819832e-03
3.783575026318430901e-03
