3.625479061156511307e-03
3.618160029873251915e-03
3.621088108047842979e-03
3.619624068960547447e-03
3.622550982981920242e-03
3.626943100243806839e-03
3.619624068960547447e-03
3.622550982981920242e-03
3.624015022069215775e-03
3.618160029873251915e-03
3.621088108047842979e-03
3.622550982981920242e-03
3.624015022069215775e-03
3.628406906500458717e-03
3.628406906500458717e-03
3.626943100243806839e-03
3.594737965613603592e-03
3.588882973417639732e-03
3.588882973417639732e-03
3.593273926526308060e-03
3.603521035984158516e-03
3.585954895243048668e-03
3.600593889132142067e-03
3.609376959502696991e-03
3.631334984675049782e-03
3.650364931672811508e-03
3.676713909953832626e-03
3.685496980324387550e-03
3.698671935126185417e-03
3.707455005496740341e-03
3.697207896038889885e-03
3.710383083671331406e-03
3.720629960298538208e-03
3.720629960298538208e-03
3.722093999385833740e-03
3.729413030669093132e-03
3.733803983777761459e-03
3.736732061952352524e-03
3.727948991581797600e-03
3.705990966409444809e-03
3.729413030669093132e-03
3.725020913407206535e-03
3.727948991581797600e-03
3.733803983777761459e-03
3.736732061952352524e-03
3.739659907296299934e-03
3.744051093235611916e-03
3.748442977666854858e-03
3.682568902149796486e-03
3.618160029873251915e-03
3.602056996896862984e-03
3.599130082875490189e-03
3.602056996896862984e-03
3.624015022069215775e-03
3.681106027215719223e-03
3.746978938579559326e-03
3.782111918553709984e-03
3.783575026318430901e-03
3.779184073209762573e-03
3.786503104493021965e-03
3.790894988924264908e-03
3.787966910749673843e-03
3.789430949836969376e-03
3.782111918553709984e-03
3.802605904638767242e-03
3.802605904638767242e-03
3.805533051490783691e-03
3.796749981120228767e-03
3.805533051490783691e-03
3.804069012403488159e-03
3.799678059294819832e-03
3.801142098382115364e-03
3.799678059294819832e-03
3.801142098382115364e-03
3.801142098382115364e-03
3.804069012403488159e-03
3.799678059294819832e-03
3.801142098382115364e-03
3.804069012403488159e-03
3.757226048037409782e-03
3.686961019411683083e-03
3.631334984675049782e-03
3.604985075071454048e-03
3.604985075071454048e-03
3.666467033326625824e-03
3.754297969862818718e-03
3.793821902945637703e-03
3.796749981120228767e-03
3.796749981120228767e-03
3.795285942032933235e-03
3.799678059294819832e-03
3.798214020207524300e-03
3.798214020207524300e-03
3.796749981120228767e-03
3.783575026318430901e-03
3.792359028011560440e-03
3.786503104493021965e-03
