3.430786076933145523e-03
3.619624068960547447e-03
3.613767912611365318e-03
3.628406906500458717e-03
3.622550982981920242e-03
3.622550982981920242e-03
3.632798092439770699e-03
3.613767912611365318e-03
3.616695990785956383e-03
3.615231951698660851e-03
3.618160029873251915e-03
3.606449114158749580e-03
3.628406906500458717e-03
3.626943100243806839e-03
3.625479061156511307e-03
3.631334984675049782e-03
3.615231951698660851e-03
3.591809887439012527e-03
3.588882973417639732e-03
3.590347012504935265e-03
3.577172057703137398e-03
3.590347012504935265e-03
3.596202004700899124e-03
3.604985075071454048e-03
3.618160029873251915e-03
3.637189976871013641e-03
3.657683962956070900e-03
3.675250103697180748e-03
3.688425058498978615e-03
3.681106027215719223e-03
3.711846889927983284e-03
3.711846889927983284e-03
3.725020913407206535e-03
3.716238075867295265e-03
3.720629960298538208e-03
3.726484952494502068e-03
3.727948991581797600e-03
3.732341108843684196e-03
3.714774036779999733e-03
3.727948991581797600e-03
3.722093999385833740e-03
3.729413030669093132e-03
3.727948991581797600e-03
3.729413030669093132e-03
3.732341108843684196e-03
3.736732061952352524e-03
3.742587985470890999e-03
3.744051093235611916e-03
3.711846889927983284e-03
3.648900892585515976e-03
3.602056996896862984e-03
3.604985075071454048e-03
3.604985075071454048e-03
3.604985075071454048e-03
3.645973047241568565e-03
3.708919044584035873e-03
3.763081971555948257e-03
3.782111918553709984e-03
3.785039065405726433e-03
3.787966910749673843e-03
3.783575026318430901e-03
3.790894988924264908e-03
3.789430949836969376e-03
3.793821902945637703e-03
3.804069012403488159e-03
3.783575026318430901e-03
3.802605904638767242e-03
3.802605904638767242e-03
3.799678059294819832e-03
3.804069012403488159e-03
3.795285942032933235e-03
3.793821902945637703e-03
3.801142098382115364e-03
3.801142098382115364e-03
3.802605904638767242e-03
3.798214020207524300e-03
3.804069012403488159e-03
3.801142098382115364e-03
3.798214020207524300e-03
3.801142098382115364e-03
3.749907016754150391e-03
3.673786064609885216e-03
3.629870945587754250e-03
3.606449114158749580e-03
3.619624068960547447e-03
3.701600013300776482e-03
3.780648112297058105e-03
3.792359028011560440e-03
3.792359028011560440e-03
3.798214020207524300e-03
3.796749981120228767e-03
3.793821902945637703e-03
3.798214020207524300e-03
3.786503104493021965e-03
3.799678059294819832e-03
3.799678059294819832e-03
3.865550970658659935e-03
