3.812853014096617699e-03
3.811388975009322166e-03
3.808460896834731102e-03
3.799678059294819832e-03
3.806997090578079224e-03
3.808460896834731102e-03
3.808460896834731102e-03
3.809924935922026634e-03
3.814315889030694962e-03
3.811388975009322166e-03
3.811388975009322166e-03
3.811388975009322166e-03
3.783575026318430901e-03
3.809924935922026634e-03
3.809924935922026634e-03
3.768936963751912117e-03
3.792359028011560440e-03
3.796749981120228767e-03
3.806997090578079224e-03
3.805533051490783691e-03
3.804069012403488159e-03
3.779184073209762573e-03
3.798214020207524300e-03
3.801142098382115364e-03
3.799678059294819832e-03
3.799678059294819832e-03
3.799678059294819832e-03
3.804069012403488159e-03
3.804069012403488159e-03
3.806997090578079224e-03
3.787966910749673843e-03
3.798214020207524300e-03
3.812853014096617699e-03
3.812853014096617699e-03
3.808460896834731102e-03
3.811388975009322166e-03
3.808460896834731102e-03
3.812853014096617699e-03
3.820172045379877090e-03
3.806997090578079224e-03
3.806997090578079224e-03
3.806997090578079224e-03
3.811388975009322166e-03
3.808460896834731102e-03
3.809924935922026634e-03
3.808460896834731102e-03
3.809924935922026634e-03
3.787966910749673843e-03
3.798214020207524300e-03
3.792359028011560440e-03
3.801142098382115364e-03
3.802605904638767242e-03
3.802605904638767242e-03
3.802605904638767242e-03
3.798214020207524300e-03
3.801142098382115364e-03
3.799678059294819832e-03
3.805533051490783691e-03
3.796749981120228767e-03
3.806997090578079224e-03
3.801142098382115364e-03
3.806997090578079224e-03
3.801142098382115364e-03
3.805533051490783691e-03
3.811388975009322166e-03
3.826027037575840950e-03
3.818708006292581558e-03
3.801142098382115364e-03
3.806997090578079224e-03
3.812853014096617699e-03
3.809924935922026634e-03
3.805533051490783691e-03
3.811388975009322166e-03
3.809924935922026634e-03
3.814315889030694962e-03
3.817243967205286026e-03
3.811388975009322166e-03
3.804069012403488159e-03
3.811388975009322166e-03
3.795285942032933235e-03
3.795285942032933235e-03
3.798214020207524300e-03
3.796749981120228767e-03
3.799678059294819832e-03
3.805533051490783691e-03
3.804069012403488159e-03
3.799678059294819832e-03
3.804069012403488159e-03
3.796749981120228767e-03
3.804069012403488159e-03
3.799678059294819832e-03
3.804069012403488159e-03
3.801142098382115364e-03
3.801142098382115364e-03
3.804069012403488159e-03
3.921178169548511505e-03
