3.900683950632810593e-03
3.912394866347312927e-03
3.909466788172721863e-03
3.900683950632810593e-03
3.900683950632810593e-03
3.910930827260017395e-03
3.910930827260017395e-03
3.906539175659418106e-03
3.906539175659418106e-03
3.909466788172721863e-03
3.906539175659418106e-03
3.910930827260017395e-03
3.905076067894697189e-03
3.888973034918308258e-03
3.905076067894697189e-03
3.916786052286624908e-03
3.853840986266732216e-03
3.783575026318430901e-03
3.732341108843684196e-03
3.710383083671331406e-03
3.757226048037409782e-03
3.890437074005603790e-03
3.881654003635048866e-03
3.899219911545515060e-03
3.900683950632810593e-03
3.902147989720106125e-03
3.903612028807401657e-03
3.906539175659418106e-03
3.902147989720106125e-03
3.905076067894697189e-03
3.903612028807401657e-03
3.902147989720106125e-03
3.906539175659418106e-03
3.916786052286624908e-03
3.912394866347312927e-03
3.910930827260017395e-03
3.909466788172721863e-03
3.908003214746713638e-03
3.903612028807401657e-03
3.905076067894697189e-03
3.909466788172721863e-03
3.903612028807401657e-03
3.905076067894697189e-03
3.899219911545515060e-03
3.906539175659418106e-03
3.905076067894697189e-03
3.909466788172721863e-03
3.908003214746713638e-03
3.840666031464934349e-03
3.771865041926503181e-03
3.719165921211242676e-03
3.767472924664616585e-03
3.893364919349551201e-03
3.896292066201567650e-03
3.902147989720106125e-03
3.906539175659418106e-03
3.905076067894697189e-03
3.903612028807401657e-03
3.906539175659418106e-03
3.894828958436846733e-03
3.900683950632810593e-03
3.905076067894697189e-03
3.899219911545515060e-03
3.913858905434608459e-03
3.921178169548511505e-03
3.919714130461215973e-03
3.908003214746713638e-03
3.909466788172721863e-03
3.896292066201567650e-03
3.906539175659418106e-03
3.906539175659418106e-03
3.903612028807401657e-03
3.902147989720106125e-03
3.905076067894697189e-03
3.909466788172721863e-03
3.910930827260017395e-03
3.909466788172721863e-03
3.910930827260017395e-03
3.897756105288863182e-03
3.867015009745955467e-03
3.796749981120228767e-03
3.738196101039648056e-03
3.754297969862818718e-03
3.903612028807401657e-03
3.909466788172721863e-03
3.905076067894697189e-03
3.908003214746713638e-03
3.897756105288863182e-03
3.902147989720106125e-03
3.905076067894697189e-03
3.903612028807401657e-03
3.900683950632810593e-03
3.900683950632810593e-03
3.903612028807401657e-03
3.903612028807401657e-03
3.906539175659418106e-03
3.872870933264493942e-03
