3.912394866347312927e-03
3.905076067894697189e-03
3.913858905434608459e-03
3.909466788172721863e-03
3.908003214746713638e-03
3.900683950632810593e-03
3.906539175659418106e-03
3.905076067894697189e-03
3.900683950632810593e-03
3.906539175659418106e-03
3.912394866347312927e-03
3.908003214746713638e-03
3.905076067894697189e-03
3.908003214746713638e-03
3.888973034918308258e-03
3.893364919349551201e-03
3.839201992377638817e-03
3.770401002839207649e-03
3.725020913407206535e-03
3.713309997692704201e-03
3.802605904638767242e-03
3.900683950632810593e-03
3.902147989720106125e-03
3.878725925460457802e-03
3.902147989720106125e-03
3.903612028807401657e-03
3.905076067894697189e-03
3.903612028807401657e-03
3.905076067894697189e-03
3.903612028807401657e-03
3.903612028807401657e-03
3.905076067894697189e-03
3.894828958436846733e-03
3.913858905434608459e-03
3.906539175659418106e-03
3.909466788172721863e-03
3.908003214746713638e-03
3.906539175659418106e-03
3.906539175659418106e-03
3.909466788172721863e-03
3.910930827260017395e-03
3.896292066201567650e-03
3.905076067894697189e-03
3.909466788172721863e-03
3.903612028807401657e-03
3.906539175659418106e-03
3.902147989720106125e-03
3.859695978462696075e-03
3.795285942032933235e-03
3.736732061952352524e-03
3.713309997692704201e-03
3.823099890723824501e-03
3.900683950632810593e-03
3.899219911545515060e-03
3.897756105288863182e-03
3.903612028807401657e-03
3.905076067894697189e-03
3.910930827260017395e-03
3.905076067894697189e-03
3.906539175659418106e-03
3.900683950632810593e-03
3.899219911545515060e-03
3.905076067894697189e-03
3.913858905434608459e-03
3.915322944521903992e-03
3.916786052286624908e-03
3.905076067894697189e-03
3.905076067894697189e-03
3.906539175659418106e-03
3.880189964547753334e-03
3.900683950632810593e-03
3.906539175659418106e-03
3.910930827260017395e-03
3.906539175659418106e-03
3.906539175659418106e-03
3.906539175659418106e-03
3.913858905434608459e-03
3.909466788172721863e-03
3.916786052286624908e-03
3.847985062748193741e-03
3.785039065405726433e-03
3.736732061952352524e-03
3.802605904638767242e-03
3.900683950632810593e-03
3.905076067894697189e-03
3.906539175659418106e-03
3.905076067894697189e-03
3.908003214746713638e-03
3.900683950632810593e-03
3.903612028807401657e-03
3.905076067894697189e-03
3.906539175659418106e-03
3.900683950632810593e-03
3.913858905434608459e-03
3.909466788172721863e-03
4.069027025252580643e-03
