3.624015022069215775e-03
3.621088108047842979e-03
3.622550982981920242e-03
3.628406906500458717e-03
3.619624068960547447e-03
3.624015022069215775e-03
3.631334984675049782e-03
3.616695990785956383e-03
3.618160029873251915e-03
3.618160029873251915e-03
3.622550982981920242e-03
3.619624068960547447e-03
3.625479061156511307e-03
3.609376959502696991e-03
3.626943100243806839e-03
3.628406906500458717e-03
3.603521035984158516e-03
3.591809887439012527e-03
3.590347012504935265e-03
3.593273926526308060e-03
3.596202004700899124e-03
3.599130082875490189e-03
3.587418934330344200e-03
3.603521035984158516e-03
3.621088108047842979e-03
3.637189976871013641e-03
3.656219923868775368e-03
3.675250103697180748e-03
3.688425058498978615e-03
3.694280050694942474e-03
3.704526927322149277e-03
3.692816011607646942e-03
3.717702114954590797e-03
3.730877069756388664e-03
3.725020913407206535e-03
3.723557107150554657e-03
3.729413030669093132e-03
3.732341108843684196e-03
3.726484952494502068e-03
3.719165921211242676e-03
3.700135974213480949e-03
3.727948991581797600e-03
3.733803983777761459e-03
3.730877069756388664e-03
3.733803983777761459e-03
3.736732061952352524e-03
3.742587985470890999e-03
3.745514899492263794e-03
3.705990966409444809e-03
3.645973047241568565e-03
3.597666043788194656e-03
3.604985075071454048e-03
3.599130082875490189e-03
3.606449114158749580e-03
3.647437086328864098e-03
3.710383083671331406e-03
3.763081971555948257e-03
3.782111918553709984e-03
3.786503104493021965e-03
3.780648112297058105e-03
3.786503104493021965e-03
3.792359028011560440e-03
3.787966910749673843e-03
3.787966910749673843e-03
3.799678059294819832e-03
3.804069012403488159e-03
3.799678059294819832e-03
3.798214020207524300e-03
3.796749981120228767e-03
3.799678059294819832e-03
3.796749981120228767e-03
3.802605904638767242e-03
3.802605904638767242e-03
3.801142098382115364e-03
3.801142098382115364e-03
3.799678059294819832e-03
3.801142098382115364e-03
3.786503104493021965e-03
3.798214020207524300e-03
3.802605904638767242e-03
3.748442977666854858e-03
3.681106027215719223e-03
3.629870945587754250e-03
3.607912920415401459e-03
3.619624068960547447e-03
3.700135974213480949e-03
3.774791955947875977e-03
3.790894988924264908e-03
3.789430949836969376e-03
3.801142098382115364e-03
3.799678059294819832e-03
3.799678059294819832e-03
3.798214020207524300e-03
3.796749981120228767e-03
3.796749981120228767e-03
3.783575026318430901e-03
3.812853014096617699e-03
