3.897756105288863182e-03
3.906539175659418106e-03
3.910930827260017395e-03
3.899219911545515060e-03
3.908003214746713638e-03
3.906539175659418106e-03
3.905076067894697189e-03
3.906539175659418106e-03
3.906539175659418106e-03
3.905076067894697189e-03
3.905076067894697189e-03
3.915322944521903992e-03
3.893364919349551201e-03
3.908003214746713638e-03
3.912394866347312927e-03
3.906539175659418106e-03
3.850912908092141151e-03
3.782111918553709984e-03
3.726484952494502068e-03
3.707455005496740341e-03
3.763081971555948257e-03
3.877261886373162270e-03
3.900683950632810593e-03
3.900683950632810593e-03
3.900683950632810593e-03
3.899219911545515060e-03
3.899219911545515060e-03
3.900683950632810593e-03
3.899219911545515060e-03
3.900683950632810593e-03
3.888973034918308258e-03
3.900683950632810593e-03
3.915322944521903992e-03
3.912394866347312927e-03
3.912394866347312927e-03
3.903612028807401657e-03
3.905076067894697189e-03
3.906539175659418106e-03
3.909466788172721863e-03
3.897756105288863182e-03
3.906539175659418106e-03
3.908003214746713638e-03
3.912394866347312927e-03
3.909466788172721863e-03
3.909466788172721863e-03
3.910930827260017395e-03
3.906539175659418106e-03
3.906539175659418106e-03
3.839201992377638817e-03
3.760153893381357193e-03
3.727948991581797600e-03
3.770401002839207649e-03
3.900683950632810593e-03
3.900683950632810593e-03
3.900683950632810593e-03
3.902147989720106125e-03
3.910930827260017395e-03
3.902147989720106125e-03
3.883118042722344398e-03
3.905076067894697189e-03
3.906539175659418106e-03
3.903612028807401657e-03
3.905076067894697189e-03
3.932889085263013840e-03
3.909466788172721863e-03
3.910930827260017395e-03
3.903612028807401657e-03
3.903612028807401657e-03
3.908003214746713638e-03
3.912394866347312927e-03
3.910930827260017395e-03
3.906539175659418106e-03
3.905076067894697189e-03
3.909466788172721863e-03
3.906539175659418106e-03
3.903612028807401657e-03
3.905076067894697189e-03
3.894828958436846733e-03
3.910930827260017395e-03
3.884582081809639931e-03
3.804069012403488159e-03
3.744051093235611916e-03
3.754297969862818718e-03
3.897756105288863182e-03
3.900683950632810593e-03
3.902147989720106125e-03
3.891901113092899323e-03
3.903612028807401657e-03
3.905076067894697189e-03
3.905076067894697189e-03
3.909466788172721863e-03
3.905076067894697189e-03
3.908003214746713638e-03
3.905076067894697189e-03
3.902147989720106125e-03
3.891901113092899323e-03
3.893364919349551201e-03
