3.643044969066977501e-03
3.624015022069215775e-03
3.625479061156511307e-03
3.621088108047842979e-03
3.624015022069215775e-03
3.624015022069215775e-03
3.635725937783718109e-03
3.618160029873251915e-03
3.626943100243806839e-03
3.625479061156511307e-03
3.625479061156511307e-03
3.624015022069215775e-03
3.629870945587754250e-03
3.629870945587754250e-03
3.634261898696422577e-03
3.643044969066977501e-03
3.610840998589992523e-03
3.588882973417639732e-03
3.588882973417639732e-03
3.596202004700899124e-03
3.599130082875490189e-03
3.602056996896862984e-03
3.599130082875490189e-03
3.616695990785956383e-03
3.644509008154273033e-03
3.663538955152034760e-03
3.676713909953832626e-03
3.694280050694942474e-03
3.708919044584035873e-03
3.713309997692704201e-03
3.720629960298538208e-03
3.717702114954590797e-03
3.725020913407206535e-03
3.730877069756388664e-03
3.738196101039648056e-03
3.746978938579559326e-03
3.745514899492263794e-03
3.746978938579559326e-03
3.732341108843684196e-03
3.726484952494502068e-03
3.733803983777761459e-03
3.735268022865056992e-03
3.742587985470890999e-03
3.749907016754150391e-03
3.745514899492263794e-03
3.755762008950114250e-03
3.754297969862818718e-03
3.754297969862818718e-03
3.700135974213480949e-03
3.638654015958309174e-03
3.604985075071454048e-03
3.599130082875490189e-03
3.602056996896862984e-03
3.618160029873251915e-03
3.676713909953832626e-03
3.742587985470890999e-03
3.785039065405726433e-03
3.789430949836969376e-03
3.786503104493021965e-03
3.787966910749673843e-03
3.782111918553709984e-03
3.783575026318430901e-03
3.793821902945637703e-03
3.795285942032933235e-03
3.802605904638767242e-03
3.802605904638767242e-03
3.801142098382115364e-03
3.804069012403488159e-03
3.802605904638767242e-03
3.798214020207524300e-03
3.796749981120228767e-03
3.796749981120228767e-03
3.802605904638767242e-03
3.804069012403488159e-03
3.802605904638767242e-03
3.795285942032933235e-03
3.801142098382115364e-03
3.809924935922026634e-03
3.792359028011560440e-03
3.801142098382115364e-03
3.727948991581797600e-03
3.660612041130661964e-03
3.616695990785956383e-03
3.607912920415401459e-03
3.647437086328864098e-03
3.746978938579559326e-03
3.793821902945637703e-03
3.777720034122467041e-03
3.792359028011560440e-03
3.796749981120228767e-03
3.799678059294819832e-03
3.795285942032933235e-03
3.795285942032933235e-03
3.796749981120228767e-03
3.795285942032933235e-03
3.798214020207524300e-03
3.771865041926503181e-03
