3.626943100243806839e-03
3.622550982981920242e-03
3.621088108047842979e-03
3.621088108047842979e-03
3.621088108047842979e-03
3.625479061156511307e-03
3.621088108047842979e-03
3.618160029873251915e-03
3.618160029873251915e-03
3.604985075071454048e-03
3.624015022069215775e-03
3.624015022069215775e-03
3.625479061156511307e-03
3.624015022069215775e-03
3.629870945587754250e-03
3.629870945587754250e-03
3.596202004700899124e-03
3.588882973417639732e-03
3.577172057703137398e-03
3.593273926526308060e-03
3.599130082875490189e-03
3.596202004700899124e-03
3.597666043788194656e-03
3.612304106354713440e-03
3.631334984675049782e-03
3.654755884781479836e-03
3.672322025522589684e-03
3.689889097586274147e-03
3.705990966409444809e-03
3.707455005496740341e-03
3.703062888234853745e-03
3.707455005496740341e-03
3.714774036779999733e-03
3.719165921211242676e-03
3.725020913407206535e-03
3.732341108843684196e-03
3.730877069756388664e-03
3.746978938579559326e-03
3.730877069756388664e-03
3.719165921211242676e-03
3.722093999385833740e-03
3.722093999385833740e-03
3.726484952494502068e-03
3.733803983777761459e-03
3.741123946383595467e-03
3.744051093235611916e-03
3.752835094928741455e-03
3.735268022865056992e-03
3.679641988128423691e-03
3.625479061156511307e-03
3.603521035984158516e-03
3.600593889132142067e-03
3.597666043788194656e-03
3.628406906500458717e-03
3.684032941237092018e-03
3.748442977666854858e-03
3.776255995035171509e-03
3.782111918553709984e-03
3.789430949836969376e-03
3.787966910749673843e-03
3.786503104493021965e-03
3.787966910749673843e-03
3.786503104493021965e-03
3.780648112297058105e-03
3.789430949836969376e-03
3.798214020207524300e-03
3.799678059294819832e-03
3.801142098382115364e-03
3.802605904638767242e-03
3.799678059294819832e-03
3.801142098382115364e-03
3.799678059294819832e-03
3.801142098382115364e-03
3.789430949836969376e-03
3.798214020207524300e-03
3.793821902945637703e-03
3.808460896834731102e-03
3.802605904638767242e-03
3.804069012403488159e-03
3.754297969862818718e-03
3.689889097586274147e-03
3.632798092439770699e-03
3.588882973417639732e-03
3.602056996896862984e-03
3.669395111501216888e-03
3.767472924664616585e-03
3.801142098382115364e-03
3.796749981120228767e-03
3.796749981120228767e-03
3.799678059294819832e-03
3.798214020207524300e-03
3.779184073209762573e-03
3.792359028011560440e-03
3.792359028011560440e-03
3.795285942032933235e-03
3.795285942032933235e-03
3.799678059294819832e-03
