3.915322944521903992e-03
3.908003214746713638e-03
3.886044956743717194e-03
3.905076067894697189e-03
3.903612028807401657e-03
3.910930827260017395e-03
3.908003214746713638e-03
3.906539175659418106e-03
3.908003214746713638e-03
3.908003214746713638e-03
3.909466788172721863e-03
3.905076067894697189e-03
3.894828958436846733e-03
3.905076067894697189e-03
3.912394866347312927e-03
3.909466788172721863e-03
3.852376947179436684e-03
3.780648112297058105e-03
3.735268022865056992e-03
3.713309997692704201e-03
3.761617932468652725e-03
3.883118042722344398e-03
3.897756105288863182e-03
3.897756105288863182e-03
3.897756105288863182e-03
3.905076067894697189e-03
3.905076067894697189e-03
3.905076067894697189e-03
3.905076067894697189e-03
3.902147989720106125e-03
3.886044956743717194e-03
3.897756105288863182e-03
3.913858905434608459e-03
3.906539175659418106e-03
3.906539175659418106e-03
3.915322944521903992e-03
3.912394866347312927e-03
3.910930827260017395e-03
3.909466788172721863e-03
3.893364919349551201e-03
3.905076067894697189e-03
3.903612028807401657e-03
3.906539175659418106e-03
3.902147989720106125e-03
3.909466788172721863e-03
3.912394866347312927e-03
3.906539175659418106e-03
3.915322944521903992e-03
3.836273914203047752e-03
3.763081971555948257e-03
3.723557107150554657e-03
3.776255995035171509e-03
3.896292066201567650e-03
3.908003214746713638e-03
3.908003214746713638e-03
3.905076067894697189e-03
3.905076067894697189e-03
3.903612028807401657e-03
3.893364919349551201e-03
3.903612028807401657e-03
3.903612028807401657e-03
3.902147989720106125e-03
3.906539175659418106e-03
3.921178169548511505e-03
3.921178169548511505e-03
3.916786052286624908e-03
3.910930827260017395e-03
3.897756105288863182e-03
3.905076067894697189e-03
3.905076067894697189e-03
3.905076067894697189e-03
3.908003214746713638e-03
3.909466788172721863e-03
3.912394866347312927e-03
3.905076067894697189e-03
3.908003214746713638e-03
3.886044956743717194e-03
3.905076067894697189e-03
3.906539175659418106e-03
3.859695978462696075e-03
3.790894988924264908e-03
3.739659907296299934e-03
3.755762008950114250e-03
3.899219911545515060e-03
3.903612028807401657e-03
3.887508995831012726e-03
3.899219911545515060e-03
3.903612028807401657e-03
3.905076067894697189e-03
3.903612028807401657e-03
3.915322944521903992e-03
3.909466788172721863e-03
3.909466788172721863e-03
3.912394866347312927e-03
3.906539175659418106e-03
3.897756105288863182e-03
3.875798080116510391e-03
