3.906539175659418106e-03
3.894828958436846733e-03
3.903612028807401657e-03
3.906539175659418106e-03
3.902147989720106125e-03
3.910930827260017395e-03
3.910930827260017395e-03
3.909466788172721863e-03
3.909466788172721863e-03
3.908003214746713638e-03
3.906539175659418106e-03
3.905076067894697189e-03
3.909466788172721863e-03
3.906539175659418106e-03
3.905076067894697189e-03
3.906539175659418106e-03
3.855304094031453133e-03
3.780648112297058105e-03
3.729413030669093132e-03
3.723557107150554657e-03
3.776255995035171509e-03
3.897756105288863182e-03
3.900683950632810593e-03
3.899219911545515060e-03
3.902147989720106125e-03
3.900683950632810593e-03
3.906539175659418106e-03
3.908003214746713638e-03
3.903612028807401657e-03
3.883118042722344398e-03
3.902147989720106125e-03
3.905076067894697189e-03
3.915322944521903992e-03
3.908003214746713638e-03
3.913858905434608459e-03
3.910930827260017395e-03
3.912394866347312927e-03
3.909466788172721863e-03
3.881654003635048866e-03
3.905076067894697189e-03
3.905076067894697189e-03
3.910930827260017395e-03
3.909466788172721863e-03
3.909466788172721863e-03
3.909466788172721863e-03
3.910930827260017395e-03
3.905076067894697189e-03
3.905076067894697189e-03
3.840666031464934349e-03
3.785039065405726433e-03
3.732341108843684196e-03
3.786503104493021965e-03
3.899219911545515060e-03
3.903612028807401657e-03
3.903612028807401657e-03
3.902147989720106125e-03
3.916786052286624908e-03
3.890437074005603790e-03
3.903612028807401657e-03
3.905076067894697189e-03
3.902147989720106125e-03
3.903612028807401657e-03
3.902147989720106125e-03
3.899219911545515060e-03
3.918250091373920441e-03
3.915322944521903992e-03
3.893364919349551201e-03
3.905076067894697189e-03
3.908003214746713638e-03
3.905076067894697189e-03
3.906539175659418106e-03
3.902147989720106125e-03
3.909466788172721863e-03
3.909466788172721863e-03
3.905076067894697189e-03
3.890437074005603790e-03
3.902147989720106125e-03
3.903612028807401657e-03
3.908003214746713638e-03
3.918250091373920441e-03
3.833347000181674957e-03
3.771865041926503181e-03
3.758690087124705315e-03
3.896292066201567650e-03
3.893364919349551201e-03
3.899219911545515060e-03
3.906539175659418106e-03
3.912394866347312927e-03
3.908003214746713638e-03
3.905076067894697189e-03
3.905076067894697189e-03
3.900683950632810593e-03
3.902147989720106125e-03
3.905076067894697189e-03
3.899219911545515060e-03
3.905076067894697189e-03
3.909466788172721863e-03
