3.751371055841445923e-03
3.764545079320669174e-03
3.768936963751912117e-03
3.777720034122467041e-03
3.777720034122467041e-03
3.787966910749673843e-03
3.787966910749673843e-03
3.776255995035171509e-03
3.787966910749673843e-03
3.783575026318430901e-03
3.785039065405726433e-03
3.786503104493021965e-03
3.785039065405726433e-03
3.790894988924264908e-03
3.795285942032933235e-03
3.789430949836969376e-03
3.723557107150554657e-03
3.736732061952352524e-03
3.738196101039648056e-03
3.736732061952352524e-03
3.745514899492263794e-03
3.742587985470890999e-03
3.741123946383595467e-03
3.742587985470890999e-03
3.739659907296299934e-03
3.741123946383595467e-03
3.732341108843684196e-03
3.736732061952352524e-03
3.741123946383595467e-03
3.742587985470890999e-03
3.742587985470890999e-03
3.780648112297058105e-03
3.773329081013798714e-03
3.783575026318430901e-03
3.782111918553709984e-03
3.768936963751912117e-03
3.787966910749673843e-03
3.789430949836969376e-03
3.787966910749673843e-03
3.787966910749673843e-03
3.787966910749673843e-03
3.786503104493021965e-03
3.787966910749673843e-03
3.787966910749673843e-03
3.790894988924264908e-03
3.782111918553709984e-03
3.789430949836969376e-03
3.742587985470890999e-03
3.736732061952352524e-03
3.739659907296299934e-03
3.736732061952352524e-03
3.736732061952352524e-03
3.739659907296299934e-03
3.742587985470890999e-03
3.733803983777761459e-03
3.736732061952352524e-03
3.738196101039648056e-03
3.736732061952352524e-03
3.735268022865056992e-03
3.735268022865056992e-03
3.739659907296299934e-03
3.746978938579559326e-03
3.738196101039648056e-03
3.767472924664616585e-03
3.771865041926503181e-03
3.777720034122467041e-03
3.780648112297058105e-03
3.777720034122467041e-03
3.785039065405726433e-03
3.783575026318430901e-03
3.786503104493021965e-03
3.785039065405726433e-03
3.770401002839207649e-03
3.782111918553709984e-03
3.787966910749673843e-03
3.783575026318430901e-03
3.785039065405726433e-03
3.789430949836969376e-03
3.792359028011560440e-03
3.736732061952352524e-03
3.741123946383595467e-03
3.726484952494502068e-03
3.736732061952352524e-03
3.735268022865056992e-03
3.741123946383595467e-03
3.745514899492263794e-03
3.738196101039648056e-03
3.741123946383595467e-03
3.735268022865056992e-03
3.736732061952352524e-03
3.736732061952352524e-03
3.725020913407206535e-03
3.735268022865056992e-03
3.736732061952352524e-03
3.735268022865056992e-03
3.739659907296299934e-03
