3.625479061156511307e-03
3.624015022069215775e-03
3.624015022069215775e-03
3.625479061156511307e-03
3.625479061156511307e-03
3.612304106354713440e-03
3.628406906500458717e-03
3.619624068960547447e-03
3.621088108047842979e-03
3.622550982981920242e-03
3.624015022069215775e-03
3.624015022069215775e-03
3.628406906500458717e-03
3.628406906500458717e-03
3.625479061156511307e-03
3.635725937783718109e-03
3.600593889132142067e-03
3.588882973417639732e-03
3.591809887439012527e-03
3.594737965613603592e-03
3.596202004700899124e-03
3.600593889132142067e-03
3.604985075071454048e-03
3.616695990785956383e-03
3.643044969066977501e-03
3.669395111501216888e-03
3.684032941237092018e-03
3.695744089782238007e-03
3.705990966409444809e-03
3.713309997692704201e-03
3.711846889927983284e-03
3.723557107150554657e-03
3.717702114954590797e-03
3.732341108843684196e-03
3.733803983777761459e-03
3.736732061952352524e-03
3.738196101039648056e-03
3.741123946383595467e-03
3.726484952494502068e-03
3.727948991581797600e-03
3.727948991581797600e-03
3.741123946383595467e-03
3.736732061952352524e-03
3.744051093235611916e-03
3.746978938579559326e-03
3.752835094928741455e-03
3.749907016754150391e-03
3.729413030669093132e-03
3.672322025522589684e-03
3.618160029873251915e-03
3.599130082875490189e-03
3.587418934330344200e-03
3.603521035984158516e-03
3.635725937783718109e-03
3.694280050694942474e-03
3.754297969862818718e-03
3.783575026318430901e-03
3.790894988924264908e-03
3.789430949836969376e-03
3.787966910749673843e-03
3.771865041926503181e-03
3.780648112297058105e-03
3.787966910749673843e-03
3.792359028011560440e-03
3.805533051490783691e-03
3.804069012403488159e-03
3.801142098382115364e-03
3.804069012403488159e-03
3.801142098382115364e-03
3.787966910749673843e-03
3.793821902945637703e-03
3.804069012403488159e-03
3.802605904638767242e-03
3.805533051490783691e-03
3.804069012403488159e-03
3.798214020207524300e-03
3.801142098382115364e-03
3.804069012403488159e-03
3.801142098382115364e-03
3.744051093235611916e-03
3.686961019411683083e-03
3.632798092439770699e-03
3.606449114158749580e-03
3.610840998589992523e-03
3.684032941237092018e-03
3.777720034122467041e-03
3.795285942032933235e-03
3.785039065405726433e-03
3.789430949836969376e-03
3.796749981120228767e-03
3.796749981120228767e-03
3.796749981120228767e-03
3.799678059294819832e-03
3.805533051490783691e-03
3.796749981120228767e-03
3.799678059294819832e-03
