3.935817163437604904e-03
3.912394866347312927e-03
3.906539175659418106e-03
3.906539175659418106e-03
3.905076067894697189e-03
3.905076067894697189e-03
3.908003214746713638e-03
3.897756105288863182e-03
3.909466788172721863e-03
3.910930827260017395e-03
3.908003214746713638e-03
3.910930827260017395e-03
3.908003214746713638e-03
3.906539175659418106e-03
3.905076067894697189e-03
3.913858905434608459e-03
3.834810107946395874e-03
3.789430949836969376e-03
3.735268022865056992e-03
3.704526927322149277e-03
3.744051093235611916e-03
3.884582081809639931e-03
3.899219911545515060e-03
3.899219911545515060e-03
3.900683950632810593e-03
3.908003214746713638e-03
3.899219911545515060e-03
3.900683950632810593e-03
3.900683950632810593e-03
3.903612028807401657e-03
3.905076067894697189e-03
3.905076067894697189e-03
3.912394866347312927e-03
3.916786052286624908e-03
3.916786052286624908e-03
3.905076067894697189e-03
3.912394866347312927e-03
3.909466788172721863e-03
3.909466788172721863e-03
3.905076067894697189e-03
3.908003214746713638e-03
3.908003214746713638e-03
3.906539175659418106e-03
3.902147989720106125e-03
3.893364919349551201e-03
3.910930827260017395e-03
3.909466788172721863e-03
3.906539175659418106e-03
3.855304094031453133e-03
3.785039065405726433e-03
3.730877069756388664e-03
3.741123946383595467e-03
3.890437074005603790e-03
3.893364919349551201e-03
3.905076067894697189e-03
3.905076067894697189e-03
3.900683950632810593e-03
3.902147989720106125e-03
3.908003214746713638e-03
3.903612028807401657e-03
3.905076067894697189e-03
3.905076067894697189e-03
3.903612028807401657e-03
3.897756105288863182e-03
3.919714130461215973e-03
3.912394866347312927e-03
3.910930827260017395e-03
3.908003214746713638e-03
3.905076067894697189e-03
3.906539175659418106e-03
3.902147989720106125e-03
3.905076067894697189e-03
3.905076067894697189e-03
3.908003214746713638e-03
3.912394866347312927e-03
3.909466788172721863e-03
3.909466788172721863e-03
3.909466788172721863e-03
3.906539175659418106e-03
3.906539175659418106e-03
3.845056984573602676e-03
3.764545079320669174e-03
3.742587985470890999e-03
3.877261886373162270e-03
3.905076067894697189e-03
3.903612028807401657e-03
3.905076067894697189e-03
3.905076067894697189e-03
3.903612028807401657e-03
3.902147989720106125e-03
3.884582081809639931e-03
3.903612028807401657e-03
3.909466788172721863e-03
3.906539175659418106e-03
3.905076067894697189e-03
3.906539175659418106e-03
3.881654003635048866e-03
