3.638654015958309174e-03
3.624015022069215775e-03
3.600593889132142067e-03
3.622550982981920242e-03
3.621088108047842979e-03
3.624015022069215775e-03
3.625479061156511307e-03
3.610840998589992523e-03
3.619624068960547447e-03
3.619624068960547447e-03
3.616695990785956383e-03
3.619624068960547447e-03
3.625479061156511307e-03
3.624015022069215775e-03
3.619624068960547447e-03
3.626943100243806839e-03
3.599130082875490189e-03
3.581563010811805725e-03
3.594737965613603592e-03
3.597666043788194656e-03
3.597666043788194656e-03
3.593273926526308060e-03
3.599130082875490189e-03
3.607912920415401459e-03
3.624015022069215775e-03
3.643044969066977501e-03
3.662074916064739227e-03
3.681106027215719223e-03
3.685496980324387550e-03
3.692816011607646942e-03
3.704526927322149277e-03
3.708919044584035873e-03
3.711846889927983284e-03
3.713309997692704201e-03
3.717702114954590797e-03
3.726484952494502068e-03
3.730877069756388664e-03
3.729413030669093132e-03
3.719165921211242676e-03
3.703062888234853745e-03
3.720629960298538208e-03
3.723557107150554657e-03
3.722093999385833740e-03
3.729413030669093132e-03
3.733803983777761459e-03
3.736732061952352524e-03
3.741123946383595467e-03
3.748442977666854858e-03
3.675250103697180748e-03
3.634261898696422577e-03
3.603521035984158516e-03
3.600593889132142067e-03
3.597666043788194656e-03
3.619624068960547447e-03
3.669395111501216888e-03
3.727948991581797600e-03
3.770401002839207649e-03
3.774791955947875977e-03
3.782111918553709984e-03
3.789430949836969376e-03
3.787966910749673843e-03
3.789430949836969376e-03
3.785039065405726433e-03
3.787966910749673843e-03
3.802605904638767242e-03
3.802605904638767242e-03
3.787966910749673843e-03
3.795285942032933235e-03
3.802605904638767242e-03
3.805533051490783691e-03
3.801142098382115364e-03
3.798214020207524300e-03
3.798214020207524300e-03
3.799678059294819832e-03
3.799678059294819832e-03
3.798214020207524300e-03
3.799678059294819832e-03
3.798214020207524300e-03
3.799678059294819832e-03
3.802605904638767242e-03
3.717702114954590797e-03
3.656219923868775368e-03
3.615231951698660851e-03
3.603521035984158516e-03
3.637189976871013641e-03
3.748442977666854858e-03
3.792359028011560440e-03
3.792359028011560440e-03
3.796749981120228767e-03
3.801142098382115364e-03
3.798214020207524300e-03
3.795285942032933235e-03
3.799678059294819832e-03
3.798214020207524300e-03
3.795285942032933235e-03
3.795285942032933235e-03
3.805533051490783691e-03
