3.956309985369443893e-03
3.919714130461215973e-03
3.912394866347312927e-03
3.894828958436846733e-03
3.903612028807401657e-03
3.903612028807401657e-03
3.909466788172721863e-03
3.913858905434608459e-03
3.908003214746713638e-03
3.906539175659418106e-03
3.906539175659418106e-03
3.908003214746713638e-03
3.890437074005603790e-03
3.902147989720106125e-03
3.909466788172721863e-03
3.913858905434608459e-03
3.858231939375400543e-03
3.795285942032933235e-03
3.735268022865056992e-03
3.711846889927983284e-03
3.722093999385833740e-03
3.828955115750432014e-03
3.897756105288863182e-03
3.905076067894697189e-03
3.905076067894697189e-03
3.902147989720106125e-03
3.902147989720106125e-03
3.897756105288863182e-03
3.902147989720106125e-03
3.899219911545515060e-03
3.884582081809639931e-03
3.899219911545515060e-03
3.915322944521903992e-03
3.915322944521903992e-03
3.912394866347312927e-03
3.905076067894697189e-03
3.906539175659418106e-03
3.906539175659418106e-03
3.913858905434608459e-03
3.909466788172721863e-03
3.897756105288863182e-03
3.905076067894697189e-03
3.903612028807401657e-03
3.903612028807401657e-03
3.909466788172721863e-03
3.910930827260017395e-03
3.913858905434608459e-03
3.910930827260017395e-03
3.852376947179436684e-03
3.774791955947875977e-03
3.725020913407206535e-03
3.729413030669093132e-03
3.875798080116510391e-03
3.899219911545515060e-03
3.905076067894697189e-03
3.903612028807401657e-03
3.902147989720106125e-03
3.902147989720106125e-03
3.888973034918308258e-03
3.906539175659418106e-03
3.905076067894697189e-03
3.903612028807401657e-03
3.905076067894697189e-03
3.902147989720106125e-03
3.910930827260017395e-03
3.913858905434608459e-03
3.912394866347312927e-03
3.905076067894697189e-03
3.902147989720106125e-03
3.906539175659418106e-03
3.906539175659418106e-03
3.905076067894697189e-03
3.900683950632810593e-03
3.902147989720106125e-03
3.910930827260017395e-03
3.908003214746713638e-03
3.909466788172721863e-03
3.897756105288863182e-03
3.908003214746713638e-03
3.906539175659418106e-03
3.846521023660898209e-03
3.787966910749673843e-03
3.741123946383595467e-03
3.849449101835489273e-03
3.897756105288863182e-03
3.905076067894697189e-03
3.891901113092899323e-03
3.899219911545515060e-03
3.902147989720106125e-03
3.906539175659418106e-03
3.905076067894697189e-03
3.905076067894697189e-03
3.902147989720106125e-03
3.903612028807401657e-03
3.902147989720106125e-03
3.894828958436846733e-03
3.931425046175718307e-03
