3.662074916064739227e-03
3.625479061156511307e-03
3.624015022069215775e-03
3.626943100243806839e-03
3.624015022069215775e-03
3.624015022069215775e-03
3.641580929979681969e-03
3.621088108047842979e-03
3.619624068960547447e-03
3.603521035984158516e-03
3.624015022069215775e-03
3.624015022069215775e-03
3.625479061156511307e-03
3.632798092439770699e-03
3.634261898696422577e-03
3.634261898696422577e-03
3.604985075071454048e-03
3.591809887439012527e-03
3.577172057703137398e-03
3.591809887439012527e-03
3.596202004700899124e-03
3.596202004700899124e-03
3.600593889132142067e-03
3.610840998589992523e-03
3.625479061156511307e-03
3.647437086328864098e-03
3.673786064609885216e-03
3.681106027215719223e-03
3.710383083671331406e-03
3.719165921211242676e-03
3.713309997692704201e-03
3.710383083671331406e-03
3.719165921211242676e-03
3.723557107150554657e-03
3.727948991581797600e-03
3.732341108843684196e-03
3.733803983777761459e-03
3.748442977666854858e-03
3.739659907296299934e-03
3.725020913407206535e-03
3.723557107150554657e-03
3.725020913407206535e-03
3.732341108843684196e-03
3.741123946383595467e-03
3.741123946383595467e-03
3.746978938579559326e-03
3.751371055841445923e-03
3.760153893381357193e-03
3.707455005496740341e-03
3.645973047241568565e-03
3.604985075071454048e-03
3.600593889132142067e-03
3.597666043788194656e-03
3.613767912611365318e-03
3.666467033326625824e-03
3.726484952494502068e-03
3.779184073209762573e-03
3.789430949836969376e-03
3.787966910749673843e-03
3.786503104493021965e-03
3.786503104493021965e-03
3.786503104493021965e-03
3.792359028011560440e-03
3.790894988924264908e-03
3.795285942032933235e-03
3.802605904638767242e-03
3.804069012403488159e-03
3.798214020207524300e-03
3.802605904638767242e-03
3.814315889030694962e-03
3.801142098382115364e-03
3.801142098382115364e-03
3.799678059294819832e-03
3.789430949836969376e-03
3.801142098382115364e-03
3.793821902945637703e-03
3.805533051490783691e-03
3.804069012403488159e-03
3.804069012403488159e-03
3.799678059294819832e-03
3.736732061952352524e-03
3.663538955152034760e-03
3.602056996896862984e-03
3.600593889132142067e-03
3.632798092439770699e-03
3.729413030669093132e-03
3.792359028011560440e-03
3.792359028011560440e-03
3.798214020207524300e-03
3.796749981120228767e-03
3.793821902945637703e-03
3.773329081013798714e-03
3.793821902945637703e-03
3.799678059294819832e-03
3.796749981120228767e-03
3.799678059294819832e-03
3.779184073209762573e-03
