3.786503104493021965e-03
3.751371055841445923e-03
3.764545079320669174e-03
3.771865041926503181e-03
3.783575026318430901e-03
3.783575026318430901e-03
3.787966910749673843e-03
3.767472924664616585e-03
3.785039065405726433e-03
3.785039065405726433e-03
3.786503104493021965e-03
3.787966910749673843e-03
3.786503104493021965e-03
3.790894988924264908e-03
3.789430949836969376e-03
3.792359028011560440e-03
3.716238075867295265e-03
3.736732061952352524e-03
3.741123946383595467e-03
3.739659907296299934e-03
3.732341108843684196e-03
3.736732061952352524e-03
3.735268022865056992e-03
3.744051093235611916e-03
3.745514899492263794e-03
3.739659907296299934e-03
3.732341108843684196e-03
3.736732061952352524e-03
3.738196101039648056e-03
3.741123946383595467e-03
3.738196101039648056e-03
3.738196101039648056e-03
3.763081971555948257e-03
3.776255995035171509e-03
3.783575026318430901e-03
3.779184073209762573e-03
3.782111918553709984e-03
3.787966910749673843e-03
3.787966910749673843e-03
3.787966910749673843e-03
3.786503104493021965e-03
3.783575026318430901e-03
3.792359028011560440e-03
3.792359028011560440e-03
3.782111918553709984e-03
3.785039065405726433e-03
3.789430949836969376e-03
3.787966910749673843e-03
3.736732061952352524e-03
3.739659907296299934e-03
3.736732061952352524e-03
3.735268022865056992e-03
3.736732061952352524e-03
3.742587985470890999e-03
3.735268022865056992e-03
3.736732061952352524e-03
3.738196101039648056e-03
3.736732061952352524e-03
3.736732061952352524e-03
3.739659907296299934e-03
3.732341108843684196e-03
3.738196101039648056e-03
3.735268022865056992e-03
3.720629960298538208e-03
3.771865041926503181e-03
3.782111918553709984e-03
3.779184073209762573e-03
3.782111918553709984e-03
3.783575026318430901e-03
3.785039065405726433e-03
3.786503104493021965e-03
3.783575026318430901e-03
3.767472924664616585e-03
3.780648112297058105e-03
3.793821902945637703e-03
3.787966910749673843e-03
3.786503104493021965e-03
3.787966910749673843e-03
3.789430949836969376e-03
3.787966910749673843e-03
3.735268022865056992e-03
3.736732061952352524e-03
3.729413030669093132e-03
3.730877069756388664e-03
3.733803983777761459e-03
3.742587985470890999e-03
3.741123946383595467e-03
3.738196101039648056e-03
3.739659907296299934e-03
3.739659907296299934e-03
3.739659907296299934e-03
3.727948991581797600e-03
3.733803983777761459e-03
3.732341108843684196e-03
3.733803983777761459e-03
3.738196101039648056e-03
3.685496980324387550e-03
