3.577172057703137398e-03
3.610840998589992523e-03
3.619624068960547447e-03
3.622550982981920242e-03
3.619624068960547447e-03
3.619624068960547447e-03
3.628406906500458717e-03
3.616695990785956383e-03
3.612304106354713440e-03
3.615231951698660851e-03
3.618160029873251915e-03
3.615231951698660851e-03
3.624015022069215775e-03
3.625479061156511307e-03
3.624015022069215775e-03
3.626943100243806839e-03
3.609376959502696991e-03
3.591809887439012527e-03
3.590347012504935265e-03
3.596202004700899124e-03
3.588882973417639732e-03
3.597666043788194656e-03
3.602056996896862984e-03
3.603521035984158516e-03
3.618160029873251915e-03
3.635725937783718109e-03
3.659148002043366432e-03
3.673786064609885216e-03
3.681106027215719223e-03
3.694280050694942474e-03
3.710383083671331406e-03
3.708919044584035873e-03
3.726484952494502068e-03
3.714774036779999733e-03
3.713309997692704201e-03
3.719165921211242676e-03
3.720629960298538208e-03
3.729413030669093132e-03
3.707455005496740341e-03
3.722093999385833740e-03
3.719165921211242676e-03
3.722093999385833740e-03
3.722093999385833740e-03
3.726484952494502068e-03
3.729413030669093132e-03
3.732341108843684196e-03
3.735268022865056992e-03
3.719165921211242676e-03
3.704526927322149277e-03
3.641580929979681969e-03
3.603521035984158516e-03
3.594737965613603592e-03
3.594737965613603592e-03
3.615231951698660851e-03
3.653292078524827957e-03
3.713309997692704201e-03
3.736732061952352524e-03
3.782111918553709984e-03
3.783575026318430901e-03
3.783575026318430901e-03
3.786503104493021965e-03
3.786503104493021965e-03
3.789430949836969376e-03
3.789430949836969376e-03
3.805533051490783691e-03
3.804069012403488159e-03
3.795285942032933235e-03
3.799678059294819832e-03
3.799678059294819832e-03
3.799678059294819832e-03
3.792359028011560440e-03
3.796749981120228767e-03
3.802605904638767242e-03
3.801142098382115364e-03
3.805533051490783691e-03
3.796749981120228767e-03
3.801142098382115364e-03
3.801142098382115364e-03
3.801142098382115364e-03
3.801142098382115364e-03
3.738196101039648056e-03
3.666467033326625824e-03
3.625479061156511307e-03
3.606449114158749580e-03
3.631334984675049782e-03
3.717702114954590797e-03
3.789430949836969376e-03
3.793821902945637703e-03
3.793821902945637703e-03
3.792359028011560440e-03
3.793821902945637703e-03
3.796749981120228767e-03
3.796749981120228767e-03
3.779184073209762573e-03
3.796749981120228767e-03
3.796749981120228767e-03
3.796749981120228767e-03
