3.616695990785956383e-03
3.619624068960547447e-03
3.619624068960547447e-03
3.621088108047842979e-03
3.625479061156511307e-03
3.621088108047842979e-03
3.624015022069215775e-03
3.621088108047842979e-03
3.615231951698660851e-03
3.618160029873251915e-03
3.618160029873251915e-03
3.619624068960547447e-03
3.626943100243806839e-03
3.629870945587754250e-03
3.625479061156511307e-03
3.625479061156511307e-03
3.599130082875490189e-03
3.588882973417639732e-03
3.588882973417639732e-03
3.593273926526308060e-03
3.594737965613603592e-03
3.597666043788194656e-03
3.597666043788194656e-03
3.618160029873251915e-03
3.615231951698660851e-03
3.656219923868775368e-03
3.675250103697180748e-03
3.685496980324387550e-03
3.695744089782238007e-03
3.698671935126185417e-03
3.710383083671331406e-03
3.708919044584035873e-03
3.717702114954590797e-03
3.713309997692704201e-03
3.730877069756388664e-03
3.729413030669093132e-03
3.730877069756388664e-03
3.732341108843684196e-03
3.716238075867295265e-03
3.717702114954590797e-03
3.723557107150554657e-03
3.722093999385833740e-03
3.732341108843684196e-03
3.739659907296299934e-03
3.742587985470890999e-03
3.739659907296299934e-03
3.744051093235611916e-03
3.751371055841445923e-03
3.678177949041128159e-03
3.624015022069215775e-03
3.600593889132142067e-03
3.599130082875490189e-03
3.599130082875490189e-03
3.624015022069215775e-03
3.675250103697180748e-03
3.735268022865056992e-03
3.779184073209762573e-03
3.785039065405726433e-03
3.783575026318430901e-03
3.787966910749673843e-03
3.787966910749673843e-03
3.783575026318430901e-03
3.789430949836969376e-03
3.823099890723824501e-03
3.801142098382115364e-03
3.801142098382115364e-03
3.804069012403488159e-03
3.799678059294819832e-03
3.799678059294819832e-03
3.802605904638767242e-03
3.779184073209762573e-03
3.799678059294819832e-03
3.801142098382115364e-03
3.801142098382115364e-03
3.799678059294819832e-03
3.802605904638767242e-03
3.799678059294819832e-03
3.799678059294819832e-03
3.802605904638767242e-03
3.757226048037409782e-03
3.694280050694942474e-03
3.640118055045604706e-03
3.610840998589992523e-03
3.609376959502696991e-03
3.660612041130661964e-03
3.764545079320669174e-03
3.792359028011560440e-03
3.793821902945637703e-03
3.780648112297058105e-03
3.790894988924264908e-03
3.795285942032933235e-03
3.787966910749673843e-03
3.798214020207524300e-03
3.798214020207524300e-03
3.799678059294819832e-03
3.799678059294819832e-03
3.804069012403488159e-03
