3.600593889132142067e-03
3.626943100243806839e-03
3.618160029873251915e-03
3.624015022069215775e-03
3.619624068960547447e-03
3.621088108047842979e-03
3.629870945587754250e-03
3.618160029873251915e-03
3.616695990785956383e-03
3.618160029873251915e-03
3.621088108047842979e-03
3.618160029873251915e-03
3.619624068960547447e-03
3.619624068960547447e-03
3.626943100243806839e-03
3.629870945587754250e-03
3.634261898696422577e-03
3.596202004700899124e-03
3.591809887439012527e-03
3.594737965613603592e-03
3.581563010811805725e-03
3.590347012504935265e-03
3.597666043788194656e-03
3.600593889132142067e-03
3.618160029873251915e-03
3.632798092439770699e-03
3.650364931672811508e-03
3.670858917757868767e-03
3.688425058498978615e-03
3.692816011607646942e-03
3.711846889927983284e-03
3.713309997692704201e-03
3.727948991581797600e-03
3.717702114954590797e-03
3.716238075867295265e-03
3.722093999385833740e-03
3.725020913407206535e-03
3.730877069756388664e-03
3.717702114954590797e-03
3.727948991581797600e-03
3.722093999385833740e-03
3.723557107150554657e-03
3.723557107150554657e-03
3.727948991581797600e-03
3.733803983777761459e-03
3.738196101039648056e-03
3.741123946383595467e-03
3.751371055841445923e-03
3.720629960298538208e-03
3.659148002043366432e-03
3.612304106354713440e-03
3.597666043788194656e-03
3.596202004700899124e-03
3.602056996896862984e-03
3.640118055045604706e-03
3.698671935126185417e-03
3.741123946383595467e-03
3.782111918553709984e-03
3.786503104493021965e-03
3.786503104493021965e-03
3.782111918553709984e-03
3.785039065405726433e-03
3.783575026318430901e-03
3.787966910749673843e-03
3.804069012403488159e-03
3.801142098382115364e-03
3.798214020207524300e-03
3.798214020207524300e-03
3.799678059294819832e-03
3.801142098382115364e-03
3.799678059294819832e-03
3.801142098382115364e-03
3.799678059294819832e-03
3.802605904638767242e-03
3.801142098382115364e-03
3.789430949836969376e-03
3.799678059294819832e-03
3.799678059294819832e-03
3.802605904638767242e-03
3.802605904638767242e-03
3.755762008950114250e-03
3.682568902149796486e-03
3.628406906500458717e-03
3.603521035984158516e-03
3.607912920415401459e-03
3.695744089782238007e-03
3.782111918553709984e-03
3.796749981120228767e-03
3.795285942032933235e-03
3.796749981120228767e-03
3.801142098382115364e-03
3.799678059294819832e-03
3.798214020207524300e-03
3.780648112297058105e-03
3.789430949836969376e-03
3.804069012403488159e-03
3.954846877604722977e-03
