3.853840986266732216e-03
3.912394866347312927e-03
3.905076067894697189e-03
3.905076067894697189e-03
3.910930827260017395e-03
3.883118042722344398e-03
3.908003214746713638e-03
3.908003214746713638e-03
3.909466788172721863e-03
3.909466788172721863e-03
3.909466788172721863e-03
3.906539175659418106e-03
3.906539175659418106e-03
3.910930827260017395e-03
3.883118042722344398e-03
3.902147989720106125e-03
3.871406894177198410e-03
3.789430949836969376e-03
3.730877069756388664e-03
3.708919044584035873e-03
3.729413030669093132e-03
3.852376947179436684e-03
3.900683950632810593e-03
3.897756105288863182e-03
3.886044956743717194e-03
3.900683950632810593e-03
3.906539175659418106e-03
3.903612028807401657e-03
3.902147989720106125e-03
3.902147989720106125e-03
3.899219911545515060e-03
3.902147989720106125e-03
3.924105782061815262e-03
3.900683950632810593e-03
3.913858905434608459e-03
3.909466788172721863e-03
3.909466788172721863e-03
3.909466788172721863e-03
3.905076067894697189e-03
3.909466788172721863e-03
3.906539175659418106e-03
3.905076067894697189e-03
3.891901113092899323e-03
3.906539175659418106e-03
3.913858905434608459e-03
3.910930827260017395e-03
3.908003214746713638e-03
3.909466788172721863e-03
3.859695978462696075e-03
3.786503104493021965e-03
3.733803983777761459e-03
3.723557107150554657e-03
3.881654003635048866e-03
3.900683950632810593e-03
3.900683950632810593e-03
3.896292066201567650e-03
3.906539175659418106e-03
3.902147989720106125e-03
3.905076067894697189e-03
3.905076067894697189e-03
3.900683950632810593e-03
3.896292066201567650e-03
3.905076067894697189e-03
3.900683950632810593e-03
3.916786052286624908e-03
3.909466788172721863e-03
3.909466788172721863e-03
3.908003214746713638e-03
3.913858905434608459e-03
3.909466788172721863e-03
3.888973034918308258e-03
3.905076067894697189e-03
3.905076067894697189e-03
3.900683950632810593e-03
3.902147989720106125e-03
3.906539175659418106e-03
3.909466788172721863e-03
3.909466788172721863e-03
3.912394866347312927e-03
3.888973034918308258e-03
3.849449101835489273e-03
3.779184073209762573e-03
3.739659907296299934e-03
3.861160017549991608e-03
3.897756105288863182e-03
3.910930827260017395e-03
3.906539175659418106e-03
3.909466788172721863e-03
3.908003214746713638e-03
3.900683950632810593e-03
3.903612028807401657e-03
3.905076067894697189e-03
3.905076067894697189e-03
3.900683950632810593e-03
3.910930827260017395e-03
3.912394866347312927e-03
3.925569821149110794e-03
