3.913858905434608459e-03
3.906539175659418106e-03
3.909466788172721863e-03
3.905076067894697189e-03
3.905076067894697189e-03
3.905076067894697189e-03
3.908003214746713638e-03
3.909466788172721863e-03
3.912394866347312927e-03
3.909466788172721863e-03
3.887508995831012726e-03
3.905076067894697189e-03
3.908003214746713638e-03
3.912394866347312927e-03
3.910930827260017395e-03
3.909466788172721863e-03
3.852376947179436684e-03
3.780648112297058105e-03
3.732341108843684196e-03
3.697207896038889885e-03
3.823099890723824501e-03
3.899219911545515060e-03
3.902147989720106125e-03
3.902147989720106125e-03
3.903612028807401657e-03
3.905076067894697189e-03
3.908003214746713638e-03
3.905076067894697189e-03
3.906539175659418106e-03
3.900683950632810593e-03
3.908003214746713638e-03
3.905076067894697189e-03
3.909466788172721863e-03
3.912394866347312927e-03
3.913858905434608459e-03
3.909466788172721863e-03
3.908003214746713638e-03
3.910930827260017395e-03
3.900683950632810593e-03
3.909466788172721863e-03
3.909466788172721863e-03
3.910930827260017395e-03
3.909466788172721863e-03
3.909466788172721863e-03
3.908003214746713638e-03
3.905076067894697189e-03
3.916786052286624908e-03
3.881654003635048866e-03
3.834810107946395874e-03
3.767472924664616585e-03
3.727948991581797600e-03
3.817243967205286026e-03
3.906539175659418106e-03
3.908003214746713638e-03
3.905076067894697189e-03
3.905076067894697189e-03
3.877261886373162270e-03
3.897756105288863182e-03
3.900683950632810593e-03
3.905076067894697189e-03
3.908003214746713638e-03
3.905076067894697189e-03
3.905076067894697189e-03
3.905076067894697189e-03
3.913858905434608459e-03
3.890437074005603790e-03
3.909466788172721863e-03
3.912394866347312927e-03
3.906539175659418106e-03
3.906539175659418106e-03
3.903612028807401657e-03
3.902147989720106125e-03
3.908003214746713638e-03
3.909466788172721863e-03
3.909466788172721863e-03
3.900683950632810593e-03
3.905076067894697189e-03
3.906539175659418106e-03
3.909466788172721863e-03
3.865550970658659935e-03
3.795285942032933235e-03
3.736732061952352524e-03
3.774791955947875977e-03
3.903612028807401657e-03
3.888973034918308258e-03
3.903612028807401657e-03
3.910930827260017395e-03
3.908003214746713638e-03
3.905076067894697189e-03
3.908003214746713638e-03
3.909466788172721863e-03
3.909466788172721863e-03
3.902147989720106125e-03
3.893364919349551201e-03
3.903612028807401657e-03
3.909466788172721863e-03
3.877261886373162270e-03
