3.909466788172721863e-03
3.894828958436846733e-03
3.905076067894697189e-03
3.905076067894697189e-03
3.900683950632810593e-03
3.902147989720106125e-03
3.909466788172721863e-03
3.912394866347312927e-03
3.906539175659418106e-03
3.908003214746713638e-03
3.891901113092899323e-03
3.902147989720106125e-03
3.905076067894697189e-03
3.899219911545515060e-03
3.908003214746713638e-03
3.909466788172721863e-03
3.846521023660898209e-03
3.776255995035171509e-03
3.725020913407206535e-03
3.719165921211242676e-03
3.812853014096617699e-03
3.891901113092899323e-03
3.894828958436846733e-03
3.905076067894697189e-03
3.909466788172721863e-03
3.902147989720106125e-03
3.906539175659418106e-03
3.903612028807401657e-03
3.905076067894697189e-03
3.890437074005603790e-03
3.897756105288863182e-03
3.934353124350309372e-03
3.922642208635807037e-03
3.918250091373920441e-03
3.909466788172721863e-03
3.908003214746713638e-03
3.909466788172721863e-03
3.908003214746713638e-03
3.897756105288863182e-03
3.900683950632810593e-03
3.908003214746713638e-03
3.910930827260017395e-03
3.908003214746713638e-03
3.910930827260017395e-03
3.909466788172721863e-03
3.912394866347312927e-03
3.905076067894697189e-03
3.881654003635048866e-03
3.802605904638767242e-03
3.744051093235611916e-03
3.725020913407206535e-03
3.833347000181674957e-03
3.903612028807401657e-03
3.903612028807401657e-03
3.905076067894697189e-03
3.905076067894697189e-03
3.903612028807401657e-03
3.888973034918308258e-03
3.902147989720106125e-03
3.900683950632810593e-03
3.906539175659418106e-03
3.906539175659418106e-03
3.908003214746713638e-03
3.928496968001127243e-03
3.915322944521903992e-03
3.916786052286624908e-03
3.899219911545515060e-03
3.900683950632810593e-03
3.905076067894697189e-03
3.902147989720106125e-03
3.908003214746713638e-03
3.910930827260017395e-03
3.913858905434608459e-03
3.905076067894697189e-03
3.912394866347312927e-03
3.894828958436846733e-03
3.908003214746713638e-03
3.903612028807401657e-03
3.903612028807401657e-03
3.859695978462696075e-03
3.787966910749673843e-03
3.741123946383595467e-03
3.801142098382115364e-03
3.902147989720106125e-03
3.888973034918308258e-03
3.897756105288863182e-03
3.905076067894697189e-03
3.903612028807401657e-03
3.900683950632810593e-03
3.906539175659418106e-03
3.908003214746713638e-03
3.910930827260017395e-03
3.908003214746713638e-03
3.906539175659418106e-03
3.900683950632810593e-03
3.899219911545515060e-03
