3.861160017549991608e-03
3.916786052286624908e-03
3.910930827260017395e-03
3.893364919349551201e-03
3.905076067894697189e-03
3.905076067894697189e-03
3.900683950632810593e-03
3.906539175659418106e-03
3.916786052286624908e-03
3.912394866347312927e-03
3.910930827260017395e-03
3.909466788172721863e-03
3.908003214746713638e-03
3.899219911545515060e-03
3.900683950632810593e-03
3.908003214746713638e-03
3.874334972351789474e-03
3.804069012403488159e-03
3.739659907296299934e-03
3.708919044584035873e-03
3.722093999385833740e-03
3.839201992377638817e-03
3.896292066201567650e-03
3.902147989720106125e-03
3.903612028807401657e-03
3.903612028807401657e-03
3.906539175659418106e-03
3.900683950632810593e-03
3.902147989720106125e-03
3.900683950632810593e-03
3.910930827260017395e-03
3.893364919349551201e-03
3.919714130461215973e-03
3.912394866347312927e-03
3.913858905434608459e-03
3.909466788172721863e-03
3.905076067894697189e-03
3.910930827260017395e-03
3.910930827260017395e-03
3.913858905434608459e-03
3.886044956743717194e-03
3.905076067894697189e-03
3.906539175659418106e-03
3.906539175659418106e-03
3.906539175659418106e-03
3.905076067894697189e-03
3.910930827260017395e-03
3.906539175659418106e-03
3.861160017549991608e-03
3.787966910749673843e-03
3.725020913407206535e-03
3.727948991581797600e-03
3.862624056637287140e-03
3.900683950632810593e-03
3.903612028807401657e-03
3.906539175659418106e-03
3.905076067894697189e-03
3.905076067894697189e-03
3.905076067894697189e-03
3.891901113092899323e-03
3.897756105288863182e-03
3.900683950632810593e-03
3.906539175659418106e-03
3.910930827260017395e-03
3.922642208635807037e-03
3.915322944521903992e-03
3.909466788172721863e-03
3.908003214746713638e-03
3.891901113092899323e-03
3.900683950632810593e-03
3.908003214746713638e-03
3.910930827260017395e-03
3.908003214746713638e-03
3.908003214746713638e-03
3.909466788172721863e-03
3.909466788172721863e-03
3.905076067894697189e-03
3.891901113092899323e-03
3.908003214746713638e-03
3.909466788172721863e-03
3.853840986266732216e-03
3.782111918553709984e-03
3.733803983777761459e-03
3.842130070552229881e-03
3.897756105288863182e-03
3.903612028807401657e-03
3.903612028807401657e-03
3.902147989720106125e-03
3.902147989720106125e-03
3.906539175659418106e-03
3.903612028807401657e-03
3.905076067894697189e-03
3.899219911545515060e-03
3.909466788172721863e-03
3.908003214746713638e-03
3.905076067894697189e-03
3.852376947179436684e-03
