3.587418934330344200e-03
3.754297969862818718e-03
3.764545079320669174e-03
3.771865041926503181e-03
3.785039065405726433e-03
3.779184073209762573e-03
3.783575026318430901e-03
3.773329081013798714e-03
3.789430949836969376e-03
3.787966910749673843e-03
3.787966910749673843e-03
3.787966910749673843e-03
3.786503104493021965e-03
3.787966910749673843e-03
3.789430949836969376e-03
3.783575026318430901e-03
3.713309997692704201e-03
3.738196101039648056e-03
3.739659907296299934e-03
3.741123946383595467e-03
3.739659907296299934e-03
3.739659907296299934e-03
3.735268022865056992e-03
3.738196101039648056e-03
3.736732061952352524e-03
3.720629960298538208e-03
3.738196101039648056e-03
3.739659907296299934e-03
3.741123946383595467e-03
3.738196101039648056e-03
3.739659907296299934e-03
3.741123946383595467e-03
3.763081971555948257e-03
3.771865041926503181e-03
3.780648112297058105e-03
3.773329081013798714e-03
3.780648112297058105e-03
3.785039065405726433e-03
3.787966910749673843e-03
3.787966910749673843e-03
3.787966910749673843e-03
3.787966910749673843e-03
3.793821902945637703e-03
3.789430949836969376e-03
3.773329081013798714e-03
3.783575026318430901e-03
3.783575026318430901e-03
3.790894988924264908e-03
3.735268022865056992e-03
3.739659907296299934e-03
3.738196101039648056e-03
3.736732061952352524e-03
3.741123946383595467e-03
3.732341108843684196e-03
3.732341108843684196e-03
3.736732061952352524e-03
3.739659907296299934e-03
3.742587985470890999e-03
3.741123946383595467e-03
3.741123946383595467e-03
3.739659907296299934e-03
3.738196101039648056e-03
3.736732061952352524e-03
3.733803983777761459e-03
3.767472924664616585e-03
3.770401002839207649e-03
3.776255995035171509e-03
3.786503104493021965e-03
3.785039065405726433e-03
3.785039065405726433e-03
3.787966910749673843e-03
3.787966910749673843e-03
3.777720034122467041e-03
3.786503104493021965e-03
3.786503104493021965e-03
3.780648112297058105e-03
3.789430949836969376e-03
3.785039065405726433e-03
3.786503104493021965e-03
3.790894988924264908e-03
3.736732061952352524e-03
3.719165921211242676e-03
3.735268022865056992e-03
3.727948991581797600e-03
3.733803983777761459e-03
3.730877069756388664e-03
3.736732061952352524e-03
3.742587985470890999e-03
3.741123946383595467e-03
3.738196101039648056e-03
3.725020913407206535e-03
3.735268022865056992e-03
3.735268022865056992e-03
3.732341108843684196e-03
3.736732061952352524e-03
3.738196101039648056e-03
3.785039065405726433e-03
