3.670858917757868767e-03
3.626943100243806839e-03
3.624015022069215775e-03
3.628406906500458717e-03
3.625479061156511307e-03
3.631334984675049782e-03
3.621088108047842979e-03
3.625479061156511307e-03
3.619624068960547447e-03
3.621088108047842979e-03
3.622550982981920242e-03
3.626943100243806839e-03
3.628406906500458717e-03
3.629870945587754250e-03
3.637189976871013641e-03
3.619624068960547447e-03
3.612304106354713440e-03
3.594737965613603592e-03
3.594737965613603592e-03
3.590347012504935265e-03
3.596202004700899124e-03
3.594737965613603592e-03
3.599130082875490189e-03
3.615231951698660851e-03
3.628406906500458717e-03
3.662074916064739227e-03
3.689889097586274147e-03
3.701600013300776482e-03
3.705990966409444809e-03
3.710383083671331406e-03
3.714774036779999733e-03
3.717702114954590797e-03
3.727948991581797600e-03
3.729413030669093132e-03
3.738196101039648056e-03
3.746978938579559326e-03
3.742587985470890999e-03
3.742587985470890999e-03
3.736732061952352524e-03
3.730877069756388664e-03
3.729413030669093132e-03
3.732341108843684196e-03
3.744051093235611916e-03
3.746978938579559326e-03
3.752835094928741455e-03
3.752835094928741455e-03
3.757226048037409782e-03
3.757226048037409782e-03
3.703062888234853745e-03
3.645973047241568565e-03
3.603521035984158516e-03
3.597666043788194656e-03
3.585954895243048668e-03
3.616695990785956383e-03
3.669395111501216888e-03
3.733803983777761459e-03
3.776255995035171509e-03
3.785039065405726433e-03
3.787966910749673843e-03
3.787966910749673843e-03
3.787966910749673843e-03
3.777720034122467041e-03
3.785039065405726433e-03
3.786503104493021965e-03
3.808460896834731102e-03
3.806997090578079224e-03
3.804069012403488159e-03
3.801142098382115364e-03
3.806997090578079224e-03
3.806997090578079224e-03
3.787966910749673843e-03
3.801142098382115364e-03
3.795285942032933235e-03
3.799678059294819832e-03
3.793821902945637703e-03
3.806997090578079224e-03
3.805533051490783691e-03
3.804069012403488159e-03
3.802605904638767242e-03
3.783575026318430901e-03
3.730877069756388664e-03
3.663538955152034760e-03
3.621088108047842979e-03
3.600593889132142067e-03
3.644509008154273033e-03
3.751371055841445923e-03
3.795285942032933235e-03
3.799678059294819832e-03
3.782111918553709984e-03
3.793821902945637703e-03
3.793821902945637703e-03
3.795285942032933235e-03
3.796749981120228767e-03
3.790894988924264908e-03
3.793821902945637703e-03
3.799678059294819832e-03
3.806997090578079224e-03
