3.465919056907296181e-03
3.624015022069215775e-03
3.621088108047842979e-03
3.626943100243806839e-03
3.629870945587754250e-03
3.610840998589992523e-03
3.634261898696422577e-03
3.621088108047842979e-03
3.619624068960547447e-03
3.619624068960547447e-03
3.621088108047842979e-03
3.624015022069215775e-03
3.622550982981920242e-03
3.624015022069215775e-03
3.626943100243806839e-03
3.641580929979681969e-03
3.629870945587754250e-03
3.593273926526308060e-03
3.588882973417639732e-03
3.593273926526308060e-03
3.597666043788194656e-03
3.594737965613603592e-03
3.597666043788194656e-03
3.604985075071454048e-03
3.631334984675049782e-03
3.647437086328864098e-03
3.662074916064739227e-03
3.681106027215719223e-03
3.694280050694942474e-03
3.703062888234853745e-03
3.704526927322149277e-03
3.713309997692704201e-03
3.730877069756388664e-03
3.726484952494502068e-03
3.733803983777761459e-03
3.732341108843684196e-03
3.733803983777761459e-03
3.739659907296299934e-03
3.730877069756388664e-03
3.723557107150554657e-03
3.723557107150554657e-03
3.727948991581797600e-03
3.729413030669093132e-03
3.741123946383595467e-03
3.744051093235611916e-03
3.742587985470890999e-03
3.748442977666854858e-03
3.752835094928741455e-03
3.716238075867295265e-03
3.647437086328864098e-03
3.604985075071454048e-03
3.580099903047084808e-03
3.591809887439012527e-03
3.607912920415401459e-03
3.648900892585515976e-03
3.711846889927983284e-03
3.763081971555948257e-03
3.785039065405726433e-03
3.789430949836969376e-03
3.787966910749673843e-03
3.776255995035171509e-03
3.785039065405726433e-03
3.785039065405726433e-03
3.786503104493021965e-03
3.806997090578079224e-03
3.806997090578079224e-03
3.804069012403488159e-03
3.802605904638767242e-03
3.802605904638767242e-03
3.780648112297058105e-03
3.793821902945637703e-03
3.796749981120228767e-03
3.802605904638767242e-03
3.801142098382115364e-03
3.802605904638767242e-03
3.805533051490783691e-03
3.802605904638767242e-03
3.802605904638767242e-03
3.786503104493021965e-03
3.796749981120228767e-03
3.744051093235611916e-03
3.672322025522589684e-03
3.629870945587754250e-03
3.609376959502696991e-03
3.625479061156511307e-03
3.707455005496740341e-03
3.789430949836969376e-03
3.786503104493021965e-03
3.789430949836969376e-03
3.796749981120228767e-03
3.795285942032933235e-03
3.801142098382115364e-03
3.802605904638767242e-03
3.798214020207524300e-03
3.801142098382115364e-03
3.798214020207524300e-03
3.821636084467172623e-03
