3.855304094031453133e-03
3.912394866347312927e-03
3.905076067894697189e-03
3.910930827260017395e-03
3.912394866347312927e-03
3.909466788172721863e-03
3.909466788172721863e-03
3.909466788172721863e-03
3.900683950632810593e-03
3.905076067894697189e-03
3.900683950632810593e-03
3.912394866347312927e-03
3.910930827260017395e-03
3.909466788172721863e-03
3.910930827260017395e-03
3.906539175659418106e-03
3.865550970658659935e-03
3.779184073209762573e-03
3.735268022865056992e-03
3.708919044584035873e-03
3.748442977666854858e-03
3.886044956743717194e-03
3.899219911545515060e-03
3.903612028807401657e-03
3.899219911545515060e-03
3.899219911545515060e-03
3.888973034918308258e-03
3.903612028807401657e-03
3.909466788172721863e-03
3.900683950632810593e-03
3.903612028807401657e-03
3.900683950632810593e-03
3.919714130461215973e-03
3.909466788172721863e-03
3.916786052286624908e-03
3.899219911545515060e-03
3.905076067894697189e-03
3.908003214746713638e-03
3.906539175659418106e-03
3.903612028807401657e-03
3.909466788172721863e-03
3.912394866347312927e-03
3.915322944521903992e-03
3.916786052286624908e-03
3.910930827260017395e-03
3.899219911545515060e-03
3.906539175659418106e-03
3.906539175659418106e-03
3.856767900288105011e-03
3.786503104493021965e-03
3.736732061952352524e-03
3.739659907296299934e-03
3.894828958436846733e-03
3.903612028807401657e-03
3.893364919349551201e-03
3.899219911545515060e-03
3.899219911545515060e-03
3.902147989720106125e-03
3.906539175659418106e-03
3.908003214746713638e-03
3.905076067894697189e-03
3.905076067894697189e-03
3.905076067894697189e-03
3.883118042722344398e-03
3.921178169548511505e-03
3.916786052286624908e-03
3.915322944521903992e-03
3.909466788172721863e-03
3.905076067894697189e-03
3.908003214746713638e-03
3.909466788172721863e-03
3.905076067894697189e-03
3.886044956743717194e-03
3.908003214746713638e-03
3.910930827260017395e-03
3.910930827260017395e-03
3.910930827260017395e-03
3.910930827260017395e-03
3.906539175659418106e-03
3.906539175659418106e-03
3.849449101835489273e-03
3.777720034122467041e-03
3.746978938579559326e-03
3.881654003635048866e-03
3.903612028807401657e-03
3.905076067894697189e-03
3.902147989720106125e-03
3.900683950632810593e-03
3.906539175659418106e-03
3.905076067894697189e-03
3.913858905434608459e-03
3.899219911545515060e-03
3.903612028807401657e-03
3.905076067894697189e-03
3.903612028807401657e-03
3.903612028807401657e-03
3.925569821149110794e-03
