3.597666043788194656e-03
3.621088108047842979e-03
3.618160029873251915e-03
3.600593889132142067e-03
3.621088108047842979e-03
3.619624068960547447e-03
3.631334984675049782e-03
3.619624068960547447e-03
3.613767912611365318e-03
3.615231951698660851e-03
3.615231951698660851e-03
3.619624068960547447e-03
3.603521035984158516e-03
3.622550982981920242e-03
3.624015022069215775e-03
3.624015022069215775e-03
3.607912920415401459e-03
3.593273926526308060e-03
3.593273926526308060e-03
3.593273926526308060e-03
3.593273926526308060e-03
3.578636096790432930e-03
3.590347012504935265e-03
3.606449114158749580e-03
3.619624068960547447e-03
3.635725937783718109e-03
3.656219923868775368e-03
3.670858917757868767e-03
3.682568902149796486e-03
3.691352903842926025e-03
3.700135974213480949e-03
3.708919044584035873e-03
3.723557107150554657e-03
3.717702114954590797e-03
3.717702114954590797e-03
3.722093999385833740e-03
3.726484952494502068e-03
3.727948991581797600e-03
3.730877069756388664e-03
3.716238075867295265e-03
3.716238075867295265e-03
3.720629960298538208e-03
3.722093999385833740e-03
3.729413030669093132e-03
3.729413030669093132e-03
3.732341108843684196e-03
3.744051093235611916e-03
3.741123946383595467e-03
3.700135974213480949e-03
3.622550982981920242e-03
3.602056996896862984e-03
3.596202004700899124e-03
3.597666043788194656e-03
3.606449114158749580e-03
3.651828039437532425e-03
3.719165921211242676e-03
3.764545079320669174e-03
3.780648112297058105e-03
3.777720034122467041e-03
3.787966910749673843e-03
3.783575026318430901e-03
3.782111918553709984e-03
3.785039065405726433e-03
3.786503104493021965e-03
3.799678059294819832e-03
3.802605904638767242e-03
3.805533051490783691e-03
3.787966910749673843e-03
3.801142098382115364e-03
3.801142098382115364e-03
3.798214020207524300e-03
3.801142098382115364e-03
3.801142098382115364e-03
3.801142098382115364e-03
3.799678059294819832e-03
3.804069012403488159e-03
3.790894988924264908e-03
3.798214020207524300e-03
3.799678059294819832e-03
3.804069012403488159e-03
3.744051093235611916e-03
3.669395111501216888e-03
3.625479061156511307e-03
3.604985075071454048e-03
3.626943100243806839e-03
3.700135974213480949e-03
3.786503104493021965e-03
3.789430949836969376e-03
3.799678059294819832e-03
3.799678059294819832e-03
3.798214020207524300e-03
3.799678059294819832e-03
3.796749981120228767e-03
3.798214020207524300e-03
3.796749981120228767e-03
3.786503104493021965e-03
3.828955115750432014e-03
