3.748442977666854858e-03
3.761617932468652725e-03
3.766008885577321053e-03
3.774791955947875977e-03
3.786503104493021965e-03
3.786503104493021965e-03
3.771865041926503181e-03
3.785039065405726433e-03
3.786503104493021965e-03
3.785039065405726433e-03
3.785039065405726433e-03
3.789430949836969376e-03
3.789430949836969376e-03
3.785039065405726433e-03
3.792359028011560440e-03
3.777720034122467041e-03
3.738196101039648056e-03
3.736732061952352524e-03
3.736732061952352524e-03
3.736732061952352524e-03
3.736732061952352524e-03
3.741123946383595467e-03
3.736732061952352524e-03
3.739659907296299934e-03
3.744051093235611916e-03
3.735268022865056992e-03
3.739659907296299934e-03
3.739659907296299934e-03
3.739659907296299934e-03
3.738196101039648056e-03
3.738196101039648056e-03
3.744051093235611916e-03
3.770401002839207649e-03
3.785039065405726433e-03
3.774791955947875977e-03
3.783575026318430901e-03
3.785039065405726433e-03
3.790894988924264908e-03
3.785039065405726433e-03
3.787966910749673843e-03
3.787966910749673843e-03
3.785039065405726433e-03
3.785039065405726433e-03
3.779184073209762573e-03
3.782111918553709984e-03
3.789430949836969376e-03
3.783575026318430901e-03
3.726484952494502068e-03
3.738196101039648056e-03
3.736732061952352524e-03
3.736732061952352524e-03
3.738196101039648056e-03
3.732341108843684196e-03
3.732341108843684196e-03
3.738196101039648056e-03
3.739659907296299934e-03
3.736732061952352524e-03
3.739659907296299934e-03
3.739659907296299934e-03
3.738196101039648056e-03
3.738196101039648056e-03
3.735268022865056992e-03
3.726484952494502068e-03
3.766008885577321053e-03
3.773329081013798714e-03
3.779184073209762573e-03
3.785039065405726433e-03
3.783575026318430901e-03
3.780648112297058105e-03
3.783575026318430901e-03
3.780648112297058105e-03
3.767472924664616585e-03
3.779184073209762573e-03
3.786503104493021965e-03
3.786503104493021965e-03
3.786503104493021965e-03
3.786503104493021965e-03
3.787966910749673843e-03
3.787966910749673843e-03
3.732341108843684196e-03
3.722093999385833740e-03
3.729413030669093132e-03
3.735268022865056992e-03
3.742587985470890999e-03
3.738196101039648056e-03
3.741123946383595467e-03
3.739659907296299934e-03
3.738196101039648056e-03
3.732341108843684196e-03
3.733803983777761459e-03
3.730877069756388664e-03
3.736732061952352524e-03
3.733803983777761459e-03
3.736732061952352524e-03
3.738196101039648056e-03
3.806997090578079224e-03
