3.565460909157991409e-03
3.621088108047842979e-03
3.624015022069215775e-03
3.621088108047842979e-03
3.621088108047842979e-03
3.621088108047842979e-03
3.628406906500458717e-03
3.615231951698660851e-03
3.613767912611365318e-03
3.606449114158749580e-03
3.618160029873251915e-03
3.621088108047842979e-03
3.619624068960547447e-03
3.624015022069215775e-03
3.622550982981920242e-03
3.625479061156511307e-03
3.613767912611365318e-03
3.591809887439012527e-03
3.585954895243048668e-03
3.591809887439012527e-03
3.591809887439012527e-03
3.593273926526308060e-03
3.602056996896862984e-03
3.604985075071454048e-03
3.619624068960547447e-03
3.634261898696422577e-03
3.657683962956070900e-03
3.675250103697180748e-03
3.695744089782238007e-03
3.703062888234853745e-03
3.710383083671331406e-03
3.705990966409444809e-03
3.716238075867295265e-03
3.708919044584035873e-03
3.714774036779999733e-03
3.725020913407206535e-03
3.727948991581797600e-03
3.729413030669093132e-03
3.730877069756388664e-03
3.717702114954590797e-03
3.717702114954590797e-03
3.719165921211242676e-03
3.725020913407206535e-03
3.725020913407206535e-03
3.732341108843684196e-03
3.735268022865056992e-03
3.720629960298538208e-03
3.755762008950114250e-03
3.707455005496740341e-03
3.641580929979681969e-03
3.602056996896862984e-03
3.602056996896862984e-03
3.597666043788194656e-03
3.607912920415401459e-03
3.653292078524827957e-03
3.700135974213480949e-03
3.771865041926503181e-03
3.783575026318430901e-03
3.783575026318430901e-03
3.785039065405726433e-03
3.783575026318430901e-03
3.787966910749673843e-03
3.785039065405726433e-03
3.789430949836969376e-03
3.782111918553709984e-03
3.801142098382115364e-03
3.801142098382115364e-03
3.801142098382115364e-03
3.801142098382115364e-03
3.802605904638767242e-03
3.796749981120228767e-03
3.805533051490783691e-03
3.796749981120228767e-03
3.779184073209762573e-03
3.799678059294819832e-03
3.801142098382115364e-03
3.801142098382115364e-03
3.799678059294819832e-03
3.801142098382115364e-03
3.802605904638767242e-03
3.732341108843684196e-03
3.670858917757868767e-03
3.624015022069215775e-03
3.597666043788194656e-03
3.626943100243806839e-03
3.708919044584035873e-03
3.786503104493021965e-03
3.795285942032933235e-03
3.792359028011560440e-03
3.789430949836969376e-03
3.796749981120228767e-03
3.799678059294819832e-03
3.790894988924264908e-03
3.796749981120228767e-03
3.798214020207524300e-03
3.796749981120228767e-03
3.812853014096617699e-03
