3.910930827260017395e-03
3.906539175659418106e-03
3.903612028807401657e-03
3.906539175659418106e-03
3.897756105288863182e-03
3.906539175659418106e-03
3.908003214746713638e-03
3.908003214746713638e-03
3.908003214746713638e-03
3.906539175659418106e-03
3.906539175659418106e-03
3.905076067894697189e-03
3.906539175659418106e-03
3.905076067894697189e-03
3.902147989720106125e-03
3.908003214746713638e-03
3.843594109639525414e-03
3.776255995035171509e-03
3.726484952494502068e-03
3.713309997692704201e-03
3.801142098382115364e-03
3.896292066201567650e-03
3.906539175659418106e-03
3.899219911545515060e-03
3.905076067894697189e-03
3.903612028807401657e-03
3.900683950632810593e-03
3.903612028807401657e-03
3.902147989720106125e-03
3.903612028807401657e-03
3.900683950632810593e-03
3.938743844628334045e-03
3.894828958436846733e-03
3.921178169548511505e-03
3.909466788172721863e-03
3.910930827260017395e-03
3.903612028807401657e-03
3.908003214746713638e-03
3.906539175659418106e-03
3.906539175659418106e-03
3.906539175659418106e-03
3.903612028807401657e-03
3.905076067894697189e-03
3.909466788172721863e-03
3.910930827260017395e-03
3.908003214746713638e-03
3.909466788172721863e-03
3.887508995831012726e-03
3.806997090578079224e-03
3.745514899492263794e-03
3.717702114954590797e-03
3.824562998488545418e-03
3.900683950632810593e-03
3.909466788172721863e-03
3.908003214746713638e-03
3.903612028807401657e-03
3.905076067894697189e-03
3.905076067894697189e-03
3.906539175659418106e-03
3.905076067894697189e-03
3.893364919349551201e-03
3.912394866347312927e-03
3.906539175659418106e-03
3.931425046175718307e-03
3.919714130461215973e-03
3.916786052286624908e-03
3.909466788172721863e-03
3.908003214746713638e-03
3.908003214746713638e-03
3.891901113092899323e-03
3.908003214746713638e-03
3.912394866347312927e-03
3.912394866347312927e-03
3.908003214746713638e-03
3.908003214746713638e-03
3.905076067894697189e-03
3.912394866347312927e-03
3.908003214746713638e-03
3.909466788172721863e-03
3.850912908092141151e-03
3.787966910749673843e-03
3.733803983777761459e-03
3.792359028011560440e-03
3.897756105288863182e-03
3.906539175659418106e-03
3.903612028807401657e-03
3.905076067894697189e-03
3.905076067894697189e-03
3.894828958436846733e-03
3.909466788172721863e-03
3.908003214746713638e-03
3.906539175659418106e-03
3.912394866347312927e-03
3.908003214746713638e-03
3.908003214746713638e-03
3.908003214746713638e-03
