3.604985075071454048e-03
3.606449114158749580e-03
3.622550982981920242e-03
3.619624068960547447e-03
3.625479061156511307e-03
3.624015022069215775e-03
3.632798092439770699e-03
3.619624068960547447e-03
3.616695990785956383e-03
3.618160029873251915e-03
3.613767912611365318e-03
3.621088108047842979e-03
3.625479061156511307e-03
3.621088108047842979e-03
3.624015022069215775e-03
3.628406906500458717e-03
3.625479061156511307e-03
3.594737965613603592e-03
3.587418934330344200e-03
3.591809887439012527e-03
3.590347012504935265e-03
3.597666043788194656e-03
3.597666043788194656e-03
3.602056996896862984e-03
3.618160029873251915e-03
3.635725937783718109e-03
3.656219923868775368e-03
3.678177949041128159e-03
3.686961019411683083e-03
3.692816011607646942e-03
3.705990966409444809e-03
3.707455005496740341e-03
3.730877069756388664e-03
3.714774036779999733e-03
3.720629960298538208e-03
3.720629960298538208e-03
3.727948991581797600e-03
3.729413030669093132e-03
3.726484952494502068e-03
3.725020913407206535e-03
3.720629960298538208e-03
3.729413030669093132e-03
3.726484952494502068e-03
3.725020913407206535e-03
3.732341108843684196e-03
3.741123946383595467e-03
3.741123946383595467e-03
3.741123946383595467e-03
3.729413030669093132e-03
3.659148002043366432e-03
3.612304106354713440e-03
3.600593889132142067e-03
3.596202004700899124e-03
3.602056996896862984e-03
3.638654015958309174e-03
3.708919044584035873e-03
3.739659907296299934e-03
3.785039065405726433e-03
3.786503104493021965e-03
3.783575026318430901e-03
3.785039065405726433e-03
3.782111918553709984e-03
3.787966910749673843e-03
3.789430949836969376e-03
3.808460896834731102e-03
3.782111918553709984e-03
3.793821902945637703e-03
3.798214020207524300e-03
3.799678059294819832e-03
3.806997090578079224e-03
3.798214020207524300e-03
3.798214020207524300e-03
3.798214020207524300e-03
3.801142098382115364e-03
3.795285942032933235e-03
3.793821902945637703e-03
3.802605904638767242e-03
3.805533051490783691e-03
3.804069012403488159e-03
3.802605904638767242e-03
3.752835094928741455e-03
3.676713909953832626e-03
3.625479061156511307e-03
3.603521035984158516e-03
3.621088108047842979e-03
3.694280050694942474e-03
3.779184073209762573e-03
3.795285942032933235e-03
3.795285942032933235e-03
3.790894988924264908e-03
3.795285942032933235e-03
3.796749981120228767e-03
3.795285942032933235e-03
3.789430949836969376e-03
3.795285942032933235e-03
3.792359028011560440e-03
3.729413030669093132e-03
