3.910930827260017395e-03
3.910930827260017395e-03
3.909466788172721863e-03
3.903612028807401657e-03
3.908003214746713638e-03
3.899219911545515060e-03
3.908003214746713638e-03
3.905076067894697189e-03
3.908003214746713638e-03
3.906539175659418106e-03
3.906539175659418106e-03
3.906539175659418106e-03
3.916786052286624908e-03
3.909466788172721863e-03
3.897756105288863182e-03
3.906539175659418106e-03
3.856767900288105011e-03
3.783575026318430901e-03
3.729413030669093132e-03
3.705990966409444809e-03
3.732341108843684196e-03
3.853840986266732216e-03
3.905076067894697189e-03
3.881654003635048866e-03
3.897756105288863182e-03
3.902147989720106125e-03
3.900683950632810593e-03
3.902147989720106125e-03
3.903612028807401657e-03
3.905076067894697189e-03
3.903612028807401657e-03
3.903612028807401657e-03
3.922642208635807037e-03
3.905076067894697189e-03
3.910930827260017395e-03
3.909466788172721863e-03
3.906539175659418106e-03
3.915322944521903992e-03
3.909466788172721863e-03
3.913858905434608459e-03
3.905076067894697189e-03
3.909466788172721863e-03
3.900683950632810593e-03
3.903612028807401657e-03
3.910930827260017395e-03
3.912394866347312927e-03
3.912394866347312927e-03
3.909466788172721863e-03
3.853840986266732216e-03
3.779184073209762573e-03
3.727948991581797600e-03
3.736732061952352524e-03
3.886044956743717194e-03
3.908003214746713638e-03
3.905076067894697189e-03
3.903612028807401657e-03
3.902147989720106125e-03
3.902147989720106125e-03
3.906539175659418106e-03
3.900683950632810593e-03
3.881654003635048866e-03
3.900683950632810593e-03
3.906539175659418106e-03
3.906539175659418106e-03
3.918250091373920441e-03
3.908003214746713638e-03
3.903612028807401657e-03
3.905076067894697189e-03
3.905076067894697189e-03
3.886044956743717194e-03
3.909466788172721863e-03
3.906539175659418106e-03
3.909466788172721863e-03
3.902147989720106125e-03
3.905076067894697189e-03
3.905076067894697189e-03
3.915322944521903992e-03
3.912394866347312927e-03
3.909466788172721863e-03
3.900683950632810593e-03
3.840666031464934349e-03
3.768936963751912117e-03
3.735268022865056992e-03
3.874334972351789474e-03
3.902147989720106125e-03
3.905076067894697189e-03
3.906539175659418106e-03
3.906539175659418106e-03
3.900683950632810593e-03
3.903612028807401657e-03
3.903612028807401657e-03
3.905076067894697189e-03
3.906539175659418106e-03
3.905076067894697189e-03
3.909466788172721863e-03
3.903612028807401657e-03
3.888973034918308258e-03
