3.897756105288863182e-03
3.910930827260017395e-03
3.912394866347312927e-03
3.908003214746713638e-03
3.906539175659418106e-03
3.909466788172721863e-03
3.906539175659418106e-03
3.910930827260017395e-03
3.899219911545515060e-03
3.906539175659418106e-03
3.909466788172721863e-03
3.906539175659418106e-03
3.906539175659418106e-03
3.909466788172721863e-03
3.909466788172721863e-03
3.909466788172721863e-03
3.855304094031453133e-03
3.773329081013798714e-03
3.725020913407206535e-03
3.717702114954590797e-03
3.804069012403488159e-03
3.900683950632810593e-03
3.902147989720106125e-03
3.905076067894697189e-03
3.905076067894697189e-03
3.902147989720106125e-03
3.886044956743717194e-03
3.897756105288863182e-03
3.897756105288863182e-03
3.905076067894697189e-03
3.908003214746713638e-03
3.906539175659418106e-03
3.919714130461215973e-03
3.910930827260017395e-03
3.908003214746713638e-03
3.894828958436846733e-03
3.902147989720106125e-03
3.902147989720106125e-03
3.906539175659418106e-03
3.906539175659418106e-03
3.908003214746713638e-03
3.909466788172721863e-03
3.909466788172721863e-03
3.909466788172721863e-03
3.908003214746713638e-03
3.893364919349551201e-03
3.903612028807401657e-03
3.905076067894697189e-03
3.850912908092141151e-03
3.783575026318430901e-03
3.733803983777761459e-03
3.793821902945637703e-03
3.897756105288863182e-03
3.900683950632810593e-03
3.890437074005603790e-03
3.900683950632810593e-03
3.896292066201567650e-03
3.908003214746713638e-03
3.908003214746713638e-03
3.906539175659418106e-03
3.905076067894697189e-03
3.906539175659418106e-03
3.906539175659418106e-03
3.888973034918308258e-03
3.913858905434608459e-03
3.908003214746713638e-03
3.903612028807401657e-03
3.910930827260017395e-03
3.912394866347312927e-03
3.910930827260017395e-03
3.909466788172721863e-03
3.910930827260017395e-03
3.903612028807401657e-03
3.903612028807401657e-03
3.905076067894697189e-03
3.903612028807401657e-03
3.906539175659418106e-03
3.908003214746713638e-03
3.909466788172721863e-03
3.897756105288863182e-03
3.826027037575840950e-03
3.761617932468652725e-03
3.770401002839207649e-03
3.896292066201567650e-03
3.899219911545515060e-03
3.900683950632810593e-03
3.906539175659418106e-03
3.899219911545515060e-03
3.905076067894697189e-03
3.909466788172721863e-03
3.908003214746713638e-03
3.899219911545515060e-03
3.902147989720106125e-03
3.905076067894697189e-03
3.902147989720106125e-03
3.905076067894697189e-03
3.897756105288863182e-03
