3.653292078524827957e-03
3.613767912611365318e-03
3.619624068960547447e-03
3.621088108047842979e-03
3.621088108047842979e-03
3.621088108047842979e-03
3.622550982981920242e-03
3.616695990785956383e-03
3.613767912611365318e-03
3.616695990785956383e-03
3.603521035984158516e-03
3.621088108047842979e-03
3.622550982981920242e-03
3.624015022069215775e-03
3.625479061156511307e-03
3.625479061156511307e-03
3.597666043788194656e-03
3.591809887439012527e-03
3.590347012504935265e-03
3.591809887439012527e-03
3.599130082875490189e-03
3.597666043788194656e-03
3.596202004700899124e-03
3.603521035984158516e-03
3.625479061156511307e-03
3.645973047241568565e-03
3.665002994239330292e-03
3.681106027215719223e-03
3.682568902149796486e-03
3.701600013300776482e-03
3.704526927322149277e-03
3.704526927322149277e-03
3.705990966409444809e-03
3.713309997692704201e-03
3.720629960298538208e-03
3.725020913407206535e-03
3.725020913407206535e-03
3.738196101039648056e-03
3.719165921211242676e-03
3.722093999385833740e-03
3.716238075867295265e-03
3.717702114954590797e-03
3.723557107150554657e-03
3.727948991581797600e-03
3.730877069756388664e-03
3.735268022865056992e-03
3.739659907296299934e-03
3.729413030669093132e-03
3.692816011607646942e-03
3.637189976871013641e-03
3.606449114158749580e-03
3.602056996896862984e-03
3.599130082875490189e-03
3.616695990785956383e-03
3.663538955152034760e-03
3.725020913407206535e-03
3.766008885577321053e-03
3.779184073209762573e-03
3.783575026318430901e-03
3.790894988924264908e-03
3.789430949836969376e-03
3.787966910749673843e-03
3.786503104493021965e-03
3.789430949836969376e-03
3.798214020207524300e-03
3.787966910749673843e-03
3.798214020207524300e-03
3.798214020207524300e-03
3.801142098382115364e-03
3.804069012403488159e-03
3.798214020207524300e-03
3.799678059294819832e-03
3.795285942032933235e-03
3.801142098382115364e-03
3.786503104493021965e-03
3.798214020207524300e-03
3.799678059294819832e-03
3.796749981120228767e-03
3.806997090578079224e-03
3.799678059294819832e-03
3.719165921211242676e-03
3.659148002043366432e-03
3.616695990785956383e-03
3.591809887439012527e-03
3.641580929979681969e-03
3.739659907296299934e-03
3.787966910749673843e-03
3.795285942032933235e-03
3.793821902945637703e-03
3.798214020207524300e-03
3.799678059294819832e-03
3.796749981120228767e-03
3.790894988924264908e-03
3.787966910749673843e-03
3.793821902945637703e-03
3.793821902945637703e-03
3.798214020207524300e-03
