3.542039077728986740e-03
3.622550982981920242e-03
3.626943100243806839e-03
3.626943100243806839e-03
3.626943100243806839e-03
3.626943100243806839e-03
3.619624068960547447e-03
3.626943100243806839e-03
3.618160029873251915e-03
3.619624068960547447e-03
3.625479061156511307e-03
3.625479061156511307e-03
3.622550982981920242e-03
3.626943100243806839e-03
3.626943100243806839e-03
3.615231951698660851e-03
3.616695990785956383e-03
3.593273926526308060e-03
3.585954895243048668e-03
3.591809887439012527e-03
3.597666043788194656e-03
3.597666043788194656e-03
3.597666043788194656e-03
3.607912920415401459e-03
3.610840998589992523e-03
3.648900892585515976e-03
3.670858917757868767e-03
3.682568902149796486e-03
3.694280050694942474e-03
3.703062888234853745e-03
3.710383083671331406e-03
3.713309997692704201e-03
3.719165921211242676e-03
3.719165921211242676e-03
3.733803983777761459e-03
3.736732061952352524e-03
3.738196101039648056e-03
3.745514899492263794e-03
3.730877069756388664e-03
3.725020913407206535e-03
3.726484952494502068e-03
3.735268022865056992e-03
3.733803983777761459e-03
3.742587985470890999e-03
3.744051093235611916e-03
3.745514899492263794e-03
3.751371055841445923e-03
3.752835094928741455e-03
3.722093999385833740e-03
3.651828039437532425e-03
3.610840998589992523e-03
3.597666043788194656e-03
3.594737965613603592e-03
3.606449114158749580e-03
3.651828039437532425e-03
3.719165921211242676e-03
3.764545079320669174e-03
3.786503104493021965e-03
3.787966910749673843e-03
3.787966910749673843e-03
3.789430949836969376e-03
3.777720034122467041e-03
3.792359028011560440e-03
3.790894988924264908e-03
3.804069012403488159e-03
3.806997090578079224e-03
3.805533051490783691e-03
3.799678059294819832e-03
3.804069012403488159e-03
3.806997090578079224e-03
3.792359028011560440e-03
3.799678059294819832e-03
3.799678059294819832e-03
3.801142098382115364e-03
3.798214020207524300e-03
3.801142098382115364e-03
3.802605904638767242e-03
3.805533051490783691e-03
3.808460896834731102e-03
3.806997090578079224e-03
3.739659907296299934e-03
3.678177949041128159e-03
3.628406906500458717e-03
3.603521035984158516e-03
3.619624068960547447e-03
3.714774036779999733e-03
3.787966910749673843e-03
3.798214020207524300e-03
3.777720034122467041e-03
3.798214020207524300e-03
3.793821902945637703e-03
3.790894988924264908e-03
3.799678059294819832e-03
3.796749981120228767e-03
3.798214020207524300e-03
3.799678059294819832e-03
3.836273914203047752e-03
