3.927032928913831711e-03
3.912394866347312927e-03
3.897756105288863182e-03
3.906539175659418106e-03
3.902147989720106125e-03
3.905076067894697189e-03
3.906539175659418106e-03
3.909466788172721863e-03
3.909466788172721863e-03
3.912394866347312927e-03
3.909466788172721863e-03
3.897756105288863182e-03
3.908003214746713638e-03
3.908003214746713638e-03
3.906539175659418106e-03
3.902147989720106125e-03
3.853840986266732216e-03
3.790894988924264908e-03
3.739659907296299934e-03
3.710383083671331406e-03
3.725020913407206535e-03
3.874334972351789474e-03
3.899219911545515060e-03
3.900683950632810593e-03
3.899219911545515060e-03
3.903612028807401657e-03
3.900683950632810593e-03
3.905076067894697189e-03
3.908003214746713638e-03
3.897756105288863182e-03
3.902147989720106125e-03
3.906539175659418106e-03
3.915322944521903992e-03
3.912394866347312927e-03
3.908003214746713638e-03
3.912394866347312927e-03
3.906539175659418106e-03
3.910930827260017395e-03
3.909466788172721863e-03
3.905076067894697189e-03
3.905076067894697189e-03
3.912394866347312927e-03
3.908003214746713638e-03
3.906539175659418106e-03
3.906539175659418106e-03
3.906539175659418106e-03
3.909466788172721863e-03
3.909466788172721863e-03
3.839201992377638817e-03
3.780648112297058105e-03
3.730877069756388664e-03
3.746978938579559326e-03
3.887508995831012726e-03
3.897756105288863182e-03
3.905076067894697189e-03
3.900683950632810593e-03
3.900683950632810593e-03
3.884582081809639931e-03
3.902147989720106125e-03
3.909466788172721863e-03
3.902147989720106125e-03
3.906539175659418106e-03
3.902147989720106125e-03
3.903612028807401657e-03
3.916786052286624908e-03
3.910930827260017395e-03
3.906539175659418106e-03
3.902147989720106125e-03
3.909466788172721863e-03
3.906539175659418106e-03
3.910930827260017395e-03
3.908003214746713638e-03
3.908003214746713638e-03
3.908003214746713638e-03
3.906539175659418106e-03
3.900683950632810593e-03
3.894828958436846733e-03
3.900683950632810593e-03
3.915322944521903992e-03
3.881654003635048866e-03
3.840666031464934349e-03
3.770401002839207649e-03
3.741123946383595467e-03
3.881654003635048866e-03
3.900683950632810593e-03
3.891901113092899323e-03
3.902147989720106125e-03
3.903612028807401657e-03
3.906539175659418106e-03
3.905076067894697189e-03
3.906539175659418106e-03
3.905076067894697189e-03
3.903612028807401657e-03
3.906539175659418106e-03
3.893364919349551201e-03
3.902147989720106125e-03
3.884582081809639931e-03
