3.723557107150554657e-03
3.805533051490783691e-03
3.830418922007083893e-03
3.868479048833250999e-03
3.883118042722344398e-03
3.902147989720106125e-03
3.900683950632810593e-03
3.912394866347312927e-03
3.934353124350309372e-03
3.929961007088422775e-03
3.922642208635807037e-03
3.924105782061815262e-03
3.922642208635807037e-03
3.916786052286624908e-03
3.922642208635807037e-03
3.916786052286624908e-03
3.830418922007083893e-03
3.790894988924264908e-03
3.782111918553709984e-03
3.776255995035171509e-03
3.787966910749673843e-03
3.785039065405726433e-03
3.783575026318430901e-03
3.774791955947875977e-03
3.779184073209762573e-03
3.777720034122467041e-03
3.779184073209762573e-03
3.777720034122467041e-03
3.770401002839207649e-03
3.779184073209762573e-03
3.780648112297058105e-03
3.780648112297058105e-03
3.828955115750432014e-03
3.858231939375400543e-03
3.880189964547753334e-03
3.893364919349551201e-03
3.905076067894697189e-03
3.905076067894697189e-03
3.927032928913831711e-03
3.932889085263013840e-03
3.928496968001127243e-03
3.927032928913831711e-03
3.922642208635807037e-03
3.925569821149110794e-03
3.922642208635807037e-03
3.919714130461215973e-03
3.910930827260017395e-03
3.921178169548511505e-03
3.806997090578079224e-03
3.785039065405726433e-03
3.779184073209762573e-03
3.780648112297058105e-03
3.779184073209762573e-03
3.779184073209762573e-03
3.780648112297058105e-03
3.764545079320669174e-03
3.782111918553709984e-03
3.785039065405726433e-03
3.782111918553709984e-03
3.785039065405726433e-03
3.780648112297058105e-03
3.779184073209762573e-03
3.782111918553709984e-03
3.780648112297058105e-03
3.814315889030694962e-03
3.861160017549991608e-03
3.884582081809639931e-03
3.899219911545515060e-03
3.906539175659418106e-03
3.912394866347312927e-03
3.929961007088422775e-03
3.929961007088422775e-03
3.925569821149110794e-03
3.922642208635807037e-03
3.916786052286624908e-03
3.922642208635807037e-03
3.927032928913831711e-03
3.925569821149110794e-03
3.927032928913831711e-03
3.924105782061815262e-03
3.796749981120228767e-03
3.783575026318430901e-03
3.780648112297058105e-03
3.771865041926503181e-03
3.776255995035171509e-03
3.780648112297058105e-03
3.783575026318430901e-03
3.783575026318430901e-03
3.779184073209762573e-03
3.783575026318430901e-03
3.779184073209762573e-03
3.764545079320669174e-03
3.774791955947875977e-03
3.776255995035171509e-03
3.787966910749673843e-03
3.785039065405726433e-03
3.689889097586274147e-03
