3.744051093235611916e-03
3.795285942032933235e-03
3.837737953290343285e-03
3.865550970658659935e-03
3.883118042722344398e-03
3.896292066201567650e-03
3.903612028807401657e-03
3.912394866347312927e-03
3.928496968001127243e-03
3.924105782061815262e-03
3.916786052286624908e-03
3.927032928913831711e-03
3.922642208635807037e-03
3.919714130461215973e-03
3.919714130461215973e-03
3.922642208635807037e-03
3.823099890723824501e-03
3.786503104493021965e-03
3.780648112297058105e-03
3.774791955947875977e-03
3.777720034122467041e-03
3.783575026318430901e-03
3.779184073209762573e-03
3.783575026318430901e-03
3.783575026318430901e-03
3.777720034122467041e-03
3.782111918553709984e-03
3.777720034122467041e-03
3.777720034122467041e-03
3.785039065405726433e-03
3.780648112297058105e-03
3.782111918553709984e-03
3.830418922007083893e-03
3.856767900288105011e-03
3.883118042722344398e-03
3.896292066201567650e-03
3.905076067894697189e-03
3.909466788172721863e-03
3.924105782061815262e-03
3.928496968001127243e-03
3.927032928913831711e-03
3.924105782061815262e-03
3.919714130461215973e-03
3.927032928913831711e-03
3.921178169548511505e-03
3.922642208635807037e-03
3.921178169548511505e-03
3.918250091373920441e-03
3.809924935922026634e-03
3.782111918553709984e-03
3.782111918553709984e-03
3.783575026318430901e-03
3.780648112297058105e-03
3.783575026318430901e-03
3.779184073209762573e-03
3.779184073209762573e-03
3.779184073209762573e-03
3.785039065405726433e-03
3.777720034122467041e-03
3.782111918553709984e-03
3.783575026318430901e-03
3.782111918553709984e-03
3.782111918553709984e-03
3.780648112297058105e-03
3.836273914203047752e-03
3.861160017549991608e-03
3.883118042722344398e-03
3.897756105288863182e-03
3.905076067894697189e-03
3.910930827260017395e-03
3.929961007088422775e-03
3.928496968001127243e-03
3.925569821149110794e-03
3.922642208635807037e-03
3.912394866347312927e-03
3.918250091373920441e-03
3.918250091373920441e-03
3.922642208635807037e-03
3.921178169548511505e-03
3.922642208635807037e-03
3.795285942032933235e-03
3.780648112297058105e-03
3.779184073209762573e-03
3.767472924664616585e-03
3.782111918553709984e-03
3.783575026318430901e-03
3.783575026318430901e-03
3.780648112297058105e-03
3.779184073209762573e-03
3.779184073209762573e-03
3.782111918553709984e-03
3.780648112297058105e-03
3.771865041926503181e-03
3.783575026318430901e-03
3.783575026318430901e-03
3.783575026318430901e-03
3.684032941237092018e-03
