3.805533051490783691e-03
3.817243967205286026e-03
3.824562998488545418e-03
3.827491076663136482e-03
3.833347000181674957e-03
3.834810107946395874e-03
3.836273914203047752e-03
3.833347000181674957e-03
3.836273914203047752e-03
3.836273914203047752e-03
3.833347000181674957e-03
3.839201992377638817e-03
3.831882961094379425e-03
3.833347000181674957e-03
3.837737953290343285e-03
3.814315889030694962e-03
3.754297969862818718e-03
3.771865041926503181e-03
3.764545079320669174e-03
3.763081971555948257e-03
3.764545079320669174e-03
3.764545079320669174e-03
3.760153893381357193e-03
3.757226048037409782e-03
3.749907016754150391e-03
3.760153893381357193e-03
3.763081971555948257e-03
3.763081971555948257e-03
3.757226048037409782e-03
3.757226048037409782e-03
3.758690087124705315e-03
3.758690087124705315e-03
3.795285942032933235e-03
3.793821902945637703e-03
3.808460896834731102e-03
3.817243967205286026e-03
3.823099890723824501e-03
3.834810107946395874e-03
3.830418922007083893e-03
3.827491076663136482e-03
3.830418922007083893e-03
3.834810107946395874e-03
3.814315889030694962e-03
3.831882961094379425e-03
3.836273914203047752e-03
3.836273914203047752e-03
3.839201992377638817e-03
3.842130070552229881e-03
3.767472924664616585e-03
3.776255995035171509e-03
3.768936963751912117e-03
3.748442977666854858e-03
3.760153893381357193e-03
3.763081971555948257e-03
3.761617932468652725e-03
3.760153893381357193e-03
3.760153893381357193e-03
3.758690087124705315e-03
3.760153893381357193e-03
3.760153893381357193e-03
3.749907016754150391e-03
3.763081971555948257e-03
3.758690087124705315e-03
3.783575026318430901e-03
3.799678059294819832e-03
3.804069012403488159e-03
3.815779928117990494e-03
3.827491076663136482e-03
3.826027037575840950e-03
3.815779928117990494e-03
3.828955115750432014e-03
3.830418922007083893e-03
3.837737953290343285e-03
3.834810107946395874e-03
3.837737953290343285e-03
3.833347000181674957e-03
3.834810107946395874e-03
3.831882961094379425e-03
3.823099890723824501e-03
3.780648112297058105e-03
3.774791955947875977e-03
3.768936963751912117e-03
3.768936963751912117e-03
3.758690087124705315e-03
3.768936963751912117e-03
3.760153893381357193e-03
3.763081971555948257e-03
3.745514899492263794e-03
3.757226048037409782e-03
3.763081971555948257e-03
3.757226048037409782e-03
3.754297969862818718e-03
3.758690087124705315e-03
3.764545079320669174e-03
3.758690087124705315e-03
3.760153893381357193e-03
3.786503104493021965e-03
