3.921178169548511505e-03
3.959238063544034958e-03
3.957774024456739426e-03
3.963630180805921555e-03
3.968020901083946228e-03
3.970948979258537292e-03
3.970948979258537292e-03
3.973877057433128357e-03
3.973877057433128357e-03
3.972413018345832825e-03
3.975341096520423889e-03
3.968020901083946228e-03
3.970948979258537292e-03
3.972413018345832825e-03
3.966556861996650696e-03
3.976804204285144806e-03
3.951918799430131912e-03
3.953382838517427444e-03
3.950455226004123688e-03
3.950455226004123688e-03
3.940207883715629578e-03
3.950455226004123688e-03
3.953382838517427444e-03
3.953382838517427444e-03
3.950455226004123688e-03
3.951918799430131912e-03
3.950455226004123688e-03
3.951918799430131912e-03
3.951918799430131912e-03
3.944600000977516174e-03
3.947527147829532623e-03
3.947527147829532623e-03
3.965094219893217087e-03
3.968020901083946228e-03
3.970948979258537292e-03
3.972413018345832825e-03
3.968020901083946228e-03
3.968020901083946228e-03
3.957774024456739426e-03
3.979731816798448563e-03
3.970948979258537292e-03
3.972413018345832825e-03
3.969484940171241760e-03
3.968020901083946228e-03
3.972413018345832825e-03
3.975341096520423889e-03
3.970948979258537292e-03
3.954846877604722977e-03
3.943135961890220642e-03
3.948991186916828156e-03
3.954846877604722977e-03
3.951918799430131912e-03
3.953382838517427444e-03
3.951918799430131912e-03
3.947527147829532623e-03
3.948991186916828156e-03
3.941671922802925110e-03
3.951918799430131912e-03
3.950455226004123688e-03
3.947527147829532623e-03
3.947527147829532623e-03
3.944600000977516174e-03
3.951918799430131912e-03
3.954846877604722977e-03
3.970948979258537292e-03
3.959238063544034958e-03
3.969484940171241760e-03
3.969484940171241760e-03
3.975341096520423889e-03
3.976804204285144806e-03
3.970948979258537292e-03
3.972413018345832825e-03
3.966556861996650696e-03
3.966556861996650696e-03
3.946064040064811707e-03
3.968020901083946228e-03
3.970948979258537292e-03
3.968020901083946228e-03
3.966556861996650696e-03
3.965094219893217087e-03
3.946064040064811707e-03
3.950455226004123688e-03
3.953382838517427444e-03
3.925569821149110794e-03
3.944600000977516174e-03
3.951918799430131912e-03
3.943135961890220642e-03
3.954846877604722977e-03
3.953382838517427444e-03
3.951918799430131912e-03
3.947527147829532623e-03
3.948991186916828156e-03
3.931425046175718307e-03
3.953382838517427444e-03
3.950455226004123688e-03
3.947527147829532623e-03
3.976804204285144806e-03
