3.827491076663136482e-03
3.821636084467172623e-03
3.818708006292581558e-03
3.808460896834731102e-03
3.815779928117990494e-03
3.828955115750432014e-03
3.824562998488545418e-03
3.824562998488545418e-03
3.824562998488545418e-03
3.823099890723824501e-03
3.824562998488545418e-03
3.820172045379877090e-03
3.809924935922026634e-03
3.818708006292581558e-03
3.820172045379877090e-03
3.826027037575840950e-03
3.793821902945637703e-03
3.796749981120228767e-03
3.796749981120228767e-03
3.789430949836969376e-03
3.787966910749673843e-03
3.770401002839207649e-03
3.785039065405726433e-03
3.785039065405726433e-03
3.779184073209762573e-03
3.790894988924264908e-03
3.789430949836969376e-03
3.787966910749673843e-03
3.787966910749673843e-03
3.786503104493021965e-03
3.777720034122467041e-03
3.789430949836969376e-03
3.812853014096617699e-03
3.809924935922026634e-03
3.818708006292581558e-03
3.818708006292581558e-03
3.821636084467172623e-03
3.824562998488545418e-03
3.823099890723824501e-03
3.811388975009322166e-03
3.818708006292581558e-03
3.823099890723824501e-03
3.820172045379877090e-03
3.820172045379877090e-03
3.820172045379877090e-03
3.818708006292581558e-03
3.823099890723824501e-03
3.824562998488545418e-03
3.792359028011560440e-03
3.793821902945637703e-03
3.790894988924264908e-03
3.790894988924264908e-03
3.787966910749673843e-03
3.785039065405726433e-03
3.783575026318430901e-03
3.792359028011560440e-03
3.793821902945637703e-03
3.777720034122467041e-03
3.783575026318430901e-03
3.782111918553709984e-03
3.786503104493021965e-03
3.785039065405726433e-03
3.783575026318430901e-03
3.805533051490783691e-03
3.808460896834731102e-03
3.811388975009322166e-03
3.809924935922026634e-03
3.818708006292581558e-03
3.823099890723824501e-03
3.821636084467172623e-03
3.823099890723824501e-03
3.817243967205286026e-03
3.821636084467172623e-03
3.818708006292581558e-03
3.818708006292581558e-03
3.817243967205286026e-03
3.823099890723824501e-03
3.823099890723824501e-03
3.823099890723824501e-03
3.783575026318430901e-03
3.799678059294819832e-03
3.795285942032933235e-03
3.787966910749673843e-03
3.787966910749673843e-03
3.779184073209762573e-03
3.795285942032933235e-03
3.789430949836969376e-03
3.790894988924264908e-03
3.787966910749673843e-03
3.786503104493021965e-03
3.785039065405726433e-03
3.785039065405726433e-03
3.780648112297058105e-03
3.776255995035171509e-03
3.792359028011560440e-03
3.789430949836969376e-03
3.795285942032933235e-03
