3.638654015958309174e-03
3.798214020207524300e-03
3.836273914203047752e-03
3.864088095724582672e-03
3.886044956743717194e-03
3.899219911545515060e-03
3.905076067894697189e-03
3.910930827260017395e-03
3.919714130461215973e-03
3.922642208635807037e-03
3.928496968001127243e-03
3.925569821149110794e-03
3.924105782061815262e-03
3.921178169548511505e-03
3.922642208635807037e-03
3.919714130461215973e-03
3.849449101835489273e-03
3.771865041926503181e-03
3.777720034122467041e-03
3.782111918553709984e-03
3.780648112297058105e-03
3.780648112297058105e-03
3.780648112297058105e-03
3.780648112297058105e-03
3.783575026318430901e-03
3.786503104493021965e-03
3.768936963751912117e-03
3.777720034122467041e-03
3.779184073209762573e-03
3.783575026318430901e-03
3.787966910749673843e-03
3.783575026318430901e-03
3.826027037575840950e-03
3.856767900288105011e-03
3.875798080116510391e-03
3.890437074005603790e-03
3.896292066201567650e-03
3.905076067894697189e-03
3.919714130461215973e-03
3.929961007088422775e-03
3.929961007088422775e-03
3.922642208635807037e-03
3.919714130461215973e-03
3.922642208635807037e-03
3.925569821149110794e-03
3.925569821149110794e-03
3.922642208635807037e-03
3.922642208635807037e-03
3.817243967205286026e-03
3.785039065405726433e-03
3.777720034122467041e-03
3.779184073209762573e-03
3.782111918553709984e-03
3.783575026318430901e-03
3.777720034122467041e-03
3.783575026318430901e-03
3.780648112297058105e-03
3.782111918553709984e-03
3.783575026318430901e-03
3.785039065405726433e-03
3.780648112297058105e-03
3.780648112297058105e-03
3.779184073209762573e-03
3.771865041926503181e-03
3.828955115750432014e-03
3.856767900288105011e-03
3.878725925460457802e-03
3.900683950632810593e-03
3.900683950632810593e-03
3.912394866347312927e-03
3.928496968001127243e-03
3.927032928913831711e-03
3.918250091373920441e-03
3.928496968001127243e-03
3.924105782061815262e-03
3.924105782061815262e-03
3.921178169548511505e-03
3.919714130461215973e-03
3.922642208635807037e-03
3.928496968001127243e-03
3.806997090578079224e-03
3.768936963751912117e-03
3.777720034122467041e-03
3.782111918553709984e-03
3.777720034122467041e-03
3.777720034122467041e-03
3.782111918553709984e-03
3.783575026318430901e-03
3.782111918553709984e-03
3.780648112297058105e-03
3.767472924664616585e-03
3.782111918553709984e-03
3.773329081013798714e-03
3.776255995035171509e-03
3.779184073209762573e-03
3.777720034122467041e-03
3.761617932468652725e-03
