3.782111918553709984e-03
3.806997090578079224e-03
3.836273914203047752e-03
3.871406894177198410e-03
3.877261886373162270e-03
3.897756105288863182e-03
3.903612028807401657e-03
3.915322944521903992e-03
3.929961007088422775e-03
3.929961007088422775e-03
3.927032928913831711e-03
3.925569821149110794e-03
3.924105782061815262e-03
3.900683950632810593e-03
3.918250091373920441e-03
3.921178169548511505e-03
3.821636084467172623e-03
3.787966910749673843e-03
3.777720034122467041e-03
3.782111918553709984e-03
3.783575026318430901e-03
3.782111918553709984e-03
3.763081971555948257e-03
3.774791955947875977e-03
3.785039065405726433e-03
3.782111918553709984e-03
3.785039065405726433e-03
3.783575026318430901e-03
3.776255995035171509e-03
3.782111918553709984e-03
3.779184073209762573e-03
3.767472924664616585e-03
3.824562998488545418e-03
3.858231939375400543e-03
3.880189964547753334e-03
3.897756105288863182e-03
3.903612028807401657e-03
3.906539175659418106e-03
3.927032928913831711e-03
3.928496968001127243e-03
3.921178169548511505e-03
3.921178169548511505e-03
3.918250091373920441e-03
3.921178169548511505e-03
3.916786052286624908e-03
3.919714130461215973e-03
3.919714130461215973e-03
3.919714130461215973e-03
3.808460896834731102e-03
3.786503104493021965e-03
3.774791955947875977e-03
3.777720034122467041e-03
3.777720034122467041e-03
3.777720034122467041e-03
3.776255995035171509e-03
3.782111918553709984e-03
3.779184073209762573e-03
3.780648112297058105e-03
3.779184073209762573e-03
3.774791955947875977e-03
3.779184073209762573e-03
3.779184073209762573e-03
3.783575026318430901e-03
3.779184073209762573e-03
3.831882961094379425e-03
3.859695978462696075e-03
3.881654003635048866e-03
3.897756105288863182e-03
3.887508995831012726e-03
3.913858905434608459e-03
3.927032928913831711e-03
3.928496968001127243e-03
3.924105782061815262e-03
3.925569821149110794e-03
3.922642208635807037e-03
3.927032928913831711e-03
3.927032928913831711e-03
3.908003214746713638e-03
3.921178169548511505e-03
3.921178169548511505e-03
3.792359028011560440e-03
3.779184073209762573e-03
3.779184073209762573e-03
3.782111918553709984e-03
3.783575026318430901e-03
3.779184073209762573e-03
3.782111918553709984e-03
3.774791955947875977e-03
3.776255995035171509e-03
3.776255995035171509e-03
3.779184073209762573e-03
3.780648112297058105e-03
3.783575026318430901e-03
3.785039065405726433e-03
3.780648112297058105e-03
3.779184073209762573e-03
3.729413030669093132e-03
