3.948991186916828156e-03
3.954846877604722977e-03
3.962166141718626022e-03
3.963630180805921555e-03
3.959238063544034958e-03
3.968020901083946228e-03
3.973877057433128357e-03
3.972413018345832825e-03
3.970948979258537292e-03
3.968020901083946228e-03
3.976804204285144806e-03
3.976804204285144806e-03
3.978267777711153030e-03
3.966556861996650696e-03
3.969484940171241760e-03
3.973877057433128357e-03
4.001690074801445007e-03
4.029503092169761658e-03
4.044142086058855057e-03
4.054388962686061859e-03
4.074883181601762772e-03
4.069027025252580643e-03
4.069027025252580643e-03
4.067563917487859726e-03
4.071955103427171707e-03
4.073419142514467239e-03
4.074883181601762772e-03
4.074883181601762772e-03
4.073419142514467239e-03
4.073419142514467239e-03
4.074883181601762772e-03
4.051460884511470795e-03
4.020719788968563080e-03
3.994370810687541962e-03
3.979731816798448563e-03
3.981195855885744095e-03
3.978267777711153030e-03
3.975341096520423889e-03
3.970948979258537292e-03
3.978267777711153030e-03
3.962166141718626022e-03
3.978267777711153030e-03
3.975341096520423889e-03
3.975341096520423889e-03
3.972413018345832825e-03
3.972413018345832825e-03
3.970948979258537292e-03
3.968020901083946228e-03
4.014865029603242874e-03
4.020719788968563080e-03
4.045606125146150589e-03
4.058780148625373840e-03
4.066099878400564194e-03
4.069027025252580643e-03
4.070491064339876175e-03
4.073419142514467239e-03
4.070491064339876175e-03
4.076347220689058304e-03
4.066099878400564194e-03
4.069027025252580643e-03
4.074883181601762772e-03
4.071955103427171707e-03
4.073419142514467239e-03
4.054388962686061859e-03
4.013400990515947342e-03
3.992906771600246429e-03
3.991443198174238205e-03
3.969484940171241760e-03
3.973877057433128357e-03
3.976804204285144806e-03
3.973877057433128357e-03
3.969484940171241760e-03
3.973877057433128357e-03
3.970948979258537292e-03
3.972413018345832825e-03
3.979731816798448563e-03
3.960702102631330490e-03
3.973877057433128357e-03
3.975341096520423889e-03
3.987051080912351608e-03
4.022183828055858612e-03
4.039749968796968460e-03
4.049996845424175262e-03
4.055853001773357391e-03
4.073419142514467239e-03
4.058780148625373840e-03
4.074883181601762772e-03
4.074883181601762772e-03
4.074883181601762772e-03
4.073419142514467239e-03
4.076347220689058304e-03
4.071955103427171707e-03
4.073419142514467239e-03
4.073419142514467239e-03
4.066099878400564194e-03
4.063171800225973129e-03
