3.915322944521903992e-03
3.948991186916828156e-03
3.951918799430131912e-03
3.962166141718626022e-03
3.969484940171241760e-03
3.973877057433128357e-03
3.975341096520423889e-03
3.979731816798448563e-03
3.975341096520423889e-03
3.975341096520423889e-03
3.957774024456739426e-03
3.970948979258537292e-03
3.975341096520423889e-03
3.979731816798448563e-03
3.976804204285144806e-03
3.973877057433128357e-03
3.979731816798448563e-03
4.014865029603242874e-03
4.041214007884263992e-03
4.036822821944952011e-03
4.058780148625373840e-03
4.067563917487859726e-03
4.069027025252580643e-03
4.070491064339876175e-03
4.071955103427171707e-03
4.074883181601762772e-03
4.076347220689058304e-03
4.073419142514467239e-03
4.052924923598766327e-03
4.070491064339876175e-03
4.074883181601762772e-03
4.079273901879787445e-03
4.054388962686061859e-03
4.014865029603242874e-03
3.994370810687541962e-03
3.984123934060335159e-03
3.979731816798448563e-03
3.968020901083946228e-03
3.976804204285144806e-03
3.976804204285144806e-03
3.975341096520423889e-03
3.975341096520423889e-03
3.975341096520423889e-03
3.975341096520423889e-03
3.975341096520423889e-03
3.976804204285144806e-03
3.963630180805921555e-03
3.972413018345832825e-03
3.989979159086942673e-03
4.017792176455259323e-03
4.036822821944952011e-03
4.049996845424175262e-03
4.066099878400564194e-03
4.067563917487859726e-03
4.073419142514467239e-03
4.061708226799964905e-03
4.069027025252580643e-03
4.070491064339876175e-03
4.074883181601762772e-03
4.079273901879787445e-03
4.079273901879787445e-03
4.074883181601762772e-03
4.076347220689058304e-03
4.076347220689058304e-03
4.028039053082466125e-03
4.010472912341356277e-03
3.992906771600246429e-03
3.981195855885744095e-03
3.976804204285144806e-03
3.976804204285144806e-03
3.973877057433128357e-03
3.978267777711153030e-03
3.979731816798448563e-03
3.969484940171241760e-03
3.975341096520423889e-03
3.975341096520423889e-03
3.973877057433128357e-03
3.970948979258537292e-03
3.976804204285144806e-03
3.981195855885744095e-03
3.998761996626853943e-03
4.028039053082466125e-03
4.036822821944952011e-03
4.051460884511470795e-03
4.064635839313268661e-03
4.070491064339876175e-03
4.071955103427171707e-03
4.071955103427171707e-03
4.073419142514467239e-03
4.071955103427171707e-03
4.060244187712669373e-03
4.077810794115066528e-03
4.074883181601762772e-03
4.076347220689058304e-03
4.074883181601762772e-03
4.076347220689058304e-03
4.137828946113586426e-03
