3.726484952494502068e-03
3.768936963751912117e-03
3.806997090578079224e-03
3.815779928117990494e-03
3.839201992377638817e-03
3.847985062748193741e-03
3.853840986266732216e-03
3.871406894177198410e-03
3.865550970658659935e-03
3.869943087920546532e-03
3.868479048833250999e-03
3.869943087920546532e-03
3.867015009745955467e-03
3.859695978462696075e-03
3.865550970658659935e-03
3.864088095724582672e-03
3.711846889927983284e-03
3.679641988128423691e-03
3.684032941237092018e-03
3.682568902149796486e-03
3.688425058498978615e-03
3.691352903842926025e-03
3.684032941237092018e-03
3.686961019411683083e-03
3.689889097586274147e-03
3.685496980324387550e-03
3.686961019411683083e-03
3.684032941237092018e-03
3.685496980324387550e-03
3.685496980324387550e-03
3.692816011607646942e-03
3.688425058498978615e-03
3.751371055841445923e-03
3.787966910749673843e-03
3.811388975009322166e-03
3.831882961094379425e-03
3.836273914203047752e-03
3.845056984573602676e-03
3.861160017549991608e-03
3.872870933264493942e-03
3.865550970658659935e-03
3.868479048833250999e-03
3.868479048833250999e-03
3.865550970658659935e-03
3.865550970658659935e-03
3.862624056637287140e-03
3.864088095724582672e-03
3.864088095724582672e-03
3.700135974213480949e-03
3.669395111501216888e-03
3.681106027215719223e-03
3.682568902149796486e-03
3.688425058498978615e-03
3.686961019411683083e-03
3.688425058498978615e-03
3.685496980324387550e-03
3.682568902149796486e-03
3.686961019411683083e-03
3.673786064609885216e-03
3.682568902149796486e-03
3.685496980324387550e-03
3.686961019411683083e-03
3.686961019411683083e-03
3.729413030669093132e-03
3.760153893381357193e-03
3.792359028011560440e-03
3.817243967205286026e-03
3.823099890723824501e-03
3.837737953290343285e-03
3.852376947179436684e-03
3.862624056637287140e-03
3.874334972351789474e-03
3.871406894177198410e-03
3.867015009745955467e-03
3.865550970658659935e-03
3.865550970658659935e-03
3.868479048833250999e-03
3.859695978462696075e-03
3.858231939375400543e-03
3.764545079320669174e-03
3.686961019411683083e-03
3.682568902149796486e-03
3.684032941237092018e-03
3.686961019411683083e-03
3.685496980324387550e-03
3.673786064609885216e-03
3.682568902149796486e-03
3.682568902149796486e-03
3.694280050694942474e-03
3.689889097586274147e-03
3.686961019411683083e-03
3.685496980324387550e-03
3.685496980324387550e-03
3.689889097586274147e-03
3.679641988128423691e-03
3.682568902149796486e-03
3.686961019411683083e-03
