3.931425046175718307e-03
3.950455226004123688e-03
3.950455226004123688e-03
3.965094219893217087e-03
3.970948979258537292e-03
3.975341096520423889e-03
3.973877057433128357e-03
3.976804204285144806e-03
3.975341096520423889e-03
3.973877057433128357e-03
3.981195855885744095e-03
3.963630180805921555e-03
3.975341096520423889e-03
3.970948979258537292e-03
3.975341096520423889e-03
3.976804204285144806e-03
3.994370810687541962e-03
4.022183828055858612e-03
4.044142086058855057e-03
4.052924923598766327e-03
4.055853001773357391e-03
4.071955103427171707e-03
4.070491064339876175e-03
4.071955103427171707e-03
4.071955103427171707e-03
4.082201980054378510e-03
4.083666019141674042e-03
4.080737940967082977e-03
4.057317040860652924e-03
4.073419142514467239e-03
4.074883181601762772e-03
4.071955103427171707e-03
4.035358782857656479e-03
4.007544834166765213e-03
3.991443198174238205e-03
3.987051080912351608e-03
3.979731816798448563e-03
3.962166141718626022e-03
3.972413018345832825e-03
3.970948979258537292e-03
3.978267777711153030e-03
3.978267777711153030e-03
3.978267777711153030e-03
3.978267777711153030e-03
3.978267777711153030e-03
3.973877057433128357e-03
3.959238063544034958e-03
3.969484940171241760e-03
4.004618152976036072e-03
4.028039053082466125e-03
4.047070164233446121e-03
4.057317040860652924e-03
4.066099878400564194e-03
4.066099878400564194e-03
4.070491064339876175e-03
4.052924923598766327e-03
4.073419142514467239e-03
4.077810794115066528e-03
4.076347220689058304e-03
4.076347220689058304e-03
4.074883181601762772e-03
4.071955103427171707e-03
4.079273901879787445e-03
4.096840973943471909e-03
4.014865029603242874e-03
3.997297957539558411e-03
3.985587973147630692e-03
3.981195855885744095e-03
3.976804204285144806e-03
3.976804204285144806e-03
3.979731816798448563e-03
3.979731816798448563e-03
3.978267777711153030e-03
3.956309985369443893e-03
3.970948979258537292e-03
3.973877057433128357e-03
3.969484940171241760e-03
3.975341096520423889e-03
3.978267777711153030e-03
3.981195855885744095e-03
4.013400990515947342e-03
4.035358782857656479e-03
4.039749968796968460e-03
4.054388962686061859e-03
4.071955103427171707e-03
4.073419142514467239e-03
4.071955103427171707e-03
4.074883181601762772e-03
4.071955103427171707e-03
4.073419142514467239e-03
4.074883181601762772e-03
4.067563917487859726e-03
4.080737940967082977e-03
4.079273901879787445e-03
4.076347220689058304e-03
4.074883181601762772e-03
4.093912895768880844e-03
