3.616695990785956383e-03
3.801142098382115364e-03
3.831882961094379425e-03
3.861160017549991608e-03
3.883118042722344398e-03
3.900683950632810593e-03
3.906539175659418106e-03
3.913858905434608459e-03
3.922642208635807037e-03
3.924105782061815262e-03
3.924105782061815262e-03
3.924105782061815262e-03
3.922642208635807037e-03
3.919714130461215973e-03
3.925569821149110794e-03
3.925569821149110794e-03
3.846521023660898209e-03
3.777720034122467041e-03
3.782111918553709984e-03
3.782111918553709984e-03
3.776255995035171509e-03
3.782111918553709984e-03
3.780648112297058105e-03
3.777720034122467041e-03
3.782111918553709984e-03
3.777720034122467041e-03
3.771865041926503181e-03
3.785039065405726433e-03
3.780648112297058105e-03
3.780648112297058105e-03
3.779184073209762573e-03
3.782111918553709984e-03
3.823099890723824501e-03
3.853840986266732216e-03
3.877261886373162270e-03
3.880189964547753334e-03
3.903612028807401657e-03
3.909466788172721863e-03
3.924105782061815262e-03
3.928496968001127243e-03
3.932889085263013840e-03
3.922642208635807037e-03
3.919714130461215973e-03
3.922642208635807037e-03
3.905076067894697189e-03
3.912394866347312927e-03
3.918250091373920441e-03
3.924105782061815262e-03
3.820172045379877090e-03
3.783575026318430901e-03
3.782111918553709984e-03
3.779184073209762573e-03
3.782111918553709984e-03
3.771865041926503181e-03
3.774791955947875977e-03
3.776255995035171509e-03
3.779184073209762573e-03
3.785039065405726433e-03
3.780648112297058105e-03
3.783575026318430901e-03
3.783575026318430901e-03
3.779184073209762573e-03
3.773329081013798714e-03
3.777720034122467041e-03
3.826027037575840950e-03
3.859695978462696075e-03
3.883118042722344398e-03
3.893364919349551201e-03
3.905076067894697189e-03
3.910930827260017395e-03
3.928496968001127243e-03
3.927032928913831711e-03
3.916786052286624908e-03
3.921178169548511505e-03
3.924105782061815262e-03
3.922642208635807037e-03
3.925569821149110794e-03
3.922642208635807037e-03
3.922642208635807037e-03
3.922642208635807037e-03
3.802605904638767242e-03
3.771865041926503181e-03
3.774791955947875977e-03
3.783575026318430901e-03
3.785039065405726433e-03
3.783575026318430901e-03
3.777720034122467041e-03
3.782111918553709984e-03
3.779184073209762573e-03
3.779184073209762573e-03
3.770401002839207649e-03
3.776255995035171509e-03
3.780648112297058105e-03
3.780648112297058105e-03
3.783575026318430901e-03
3.786503104493021965e-03
3.789430949836969376e-03
