3.790894988924264908e-03
3.815779928117990494e-03
3.852376947179436684e-03
3.871406894177198410e-03
3.891901113092899323e-03
3.905076067894697189e-03
3.912394866347312927e-03
3.924105782061815262e-03
3.931425046175718307e-03
3.924105782061815262e-03
3.916786052286624908e-03
3.924105782061815262e-03
3.924105782061815262e-03
3.922642208635807037e-03
3.919714130461215973e-03
3.922642208635807037e-03
3.799678059294819832e-03
3.782111918553709984e-03
3.780648112297058105e-03
3.771865041926503181e-03
3.779184073209762573e-03
3.782111918553709984e-03
3.779184073209762573e-03
3.780648112297058105e-03
3.785039065405726433e-03
3.783575026318430901e-03
3.785039065405726433e-03
3.783575026318430901e-03
3.760153893381357193e-03
3.782111918553709984e-03
3.782111918553709984e-03
3.777720034122467041e-03
3.845056984573602676e-03
3.872870933264493942e-03
3.886044956743717194e-03
3.905076067894697189e-03
3.910930827260017395e-03
3.905076067894697189e-03
3.927032928913831711e-03
3.925569821149110794e-03
3.927032928913831711e-03
3.924105782061815262e-03
3.921178169548511505e-03
3.924105782061815262e-03
3.918250091373920441e-03
3.924105782061815262e-03
3.924105782061815262e-03
3.821636084467172623e-03
3.790894988924264908e-03
3.782111918553709984e-03
3.785039065405726433e-03
3.777720034122467041e-03
3.779184073209762573e-03
3.782111918553709984e-03
3.779184073209762573e-03
3.770401002839207649e-03
3.779184073209762573e-03
3.782111918553709984e-03
3.779184073209762573e-03
3.780648112297058105e-03
3.785039065405726433e-03
3.777720034122467041e-03
3.780648112297058105e-03
3.811388975009322166e-03
3.849449101835489273e-03
3.872870933264493942e-03
3.888973034918308258e-03
3.899219911545515060e-03
3.915322944521903992e-03
3.924105782061815262e-03
3.928496968001127243e-03
3.925569821149110794e-03
3.924105782061815262e-03
3.927032928913831711e-03
3.913858905434608459e-03
3.919714130461215973e-03
3.925569821149110794e-03
3.921178169548511505e-03
3.922642208635807037e-03
3.811388975009322166e-03
3.792359028011560440e-03
3.783575026318430901e-03
3.783575026318430901e-03
3.773329081013798714e-03
3.779184073209762573e-03
3.777720034122467041e-03
3.776255995035171509e-03
3.779184073209762573e-03
3.782111918553709984e-03
3.785039065405726433e-03
3.779184073209762573e-03
3.780648112297058105e-03
3.764545079320669174e-03
3.780648112297058105e-03
3.779184073209762573e-03
3.785039065405726433e-03
