3.806997090578079224e-03
3.805533051490783691e-03
3.837737953290343285e-03
3.871406894177198410e-03
3.893364919349551201e-03
3.900683950632810593e-03
3.905076067894697189e-03
3.910930827260017395e-03
3.925569821149110794e-03
3.925569821149110794e-03
3.924105782061815262e-03
3.924105782061815262e-03
3.924105782061815262e-03
3.928496968001127243e-03
3.927032928913831711e-03
3.922642208635807037e-03
3.808460896834731102e-03
3.783575026318430901e-03
3.783575026318430901e-03
3.786503104493021965e-03
3.783575026318430901e-03
3.779184073209762573e-03
3.782111918553709984e-03
3.785039065405726433e-03
3.780648112297058105e-03
3.771865041926503181e-03
3.780648112297058105e-03
3.782111918553709984e-03
3.787966910749673843e-03
3.783575026318430901e-03
3.785039065405726433e-03
3.780648112297058105e-03
3.826027037575840950e-03
3.862624056637287140e-03
3.869943087920546532e-03
3.894828958436846733e-03
3.902147989720106125e-03
3.909466788172721863e-03
3.925569821149110794e-03
3.929961007088422775e-03
3.927032928913831711e-03
3.927032928913831711e-03
3.922642208635807037e-03
3.910930827260017395e-03
3.919714130461215973e-03
3.924105782061815262e-03
3.928496968001127243e-03
3.928496968001127243e-03
3.801142098382115364e-03
3.783575026318430901e-03
3.782111918553709984e-03
3.777720034122467041e-03
3.768936963751912117e-03
3.774791955947875977e-03
3.776255995035171509e-03
3.782111918553709984e-03
3.785039065405726433e-03
3.782111918553709984e-03
3.782111918553709984e-03
3.780648112297058105e-03
3.783575026318430901e-03
3.770401002839207649e-03
3.777720034122467041e-03
3.777720034122467041e-03
3.840666031464934349e-03
3.871406894177198410e-03
3.887508995831012726e-03
3.897756105288863182e-03
3.906539175659418106e-03
3.915322944521903992e-03
3.918250091373920441e-03
3.924105782061815262e-03
3.918250091373920441e-03
3.921178169548511505e-03
3.931425046175718307e-03
3.927032928913831711e-03
3.924105782061815262e-03
3.922642208635807037e-03
3.919714130461215973e-03
3.924105782061815262e-03
3.783575026318430901e-03
3.779184073209762573e-03
3.777720034122467041e-03
3.776255995035171509e-03
3.782111918553709984e-03
3.782111918553709984e-03
3.780648112297058105e-03
3.780648112297058105e-03
3.780648112297058105e-03
3.776255995035171509e-03
3.777720034122467041e-03
3.777720034122467041e-03
3.779184073209762573e-03
3.782111918553709984e-03
3.782111918553709984e-03
3.782111918553709984e-03
3.697207896038889885e-03
