3.915322944521903992e-03
3.947527147829532623e-03
3.957774024456739426e-03
3.944600000977516174e-03
3.962166141718626022e-03
3.969484940171241760e-03
3.972413018345832825e-03
3.970948979258537292e-03
3.979731816798448563e-03
3.982659894973039627e-03
3.979731816798448563e-03
3.976804204285144806e-03
3.957774024456739426e-03
3.970948979258537292e-03
3.973877057433128357e-03
3.973877057433128357e-03
3.981195855885744095e-03
4.003154113888740540e-03
4.036822821944952011e-03
4.049996845424175262e-03
4.058780148625373840e-03
4.063171800225973129e-03
4.070491064339876175e-03
4.070491064339876175e-03
4.067563917487859726e-03
4.073419142514467239e-03
4.073419142514467239e-03
4.079273901879787445e-03
4.080737940967082977e-03
4.079273901879787445e-03
4.067563917487859726e-03
4.074883181601762772e-03
4.060244187712669373e-03
4.017792176455259323e-03
3.994370810687541962e-03
3.985587973147630692e-03
3.978267777711153030e-03
3.978267777711153030e-03
3.973877057433128357e-03
3.973877057433128357e-03
3.978267777711153030e-03
3.975341096520423889e-03
3.973877057433128357e-03
3.975341096520423889e-03
3.972413018345832825e-03
3.973877057433128357e-03
3.975341096520423889e-03
3.973877057433128357e-03
3.957774024456739426e-03
4.011936951428651810e-03
4.038285929709672928e-03
4.052924923598766327e-03
4.063171800225973129e-03
4.071955103427171707e-03
4.069027025252580643e-03
4.071955103427171707e-03
4.071955103427171707e-03
4.064635839313268661e-03
4.067563917487859726e-03
4.079273901879787445e-03
4.076347220689058304e-03
4.080737940967082977e-03
4.077810794115066528e-03
4.079273901879787445e-03
4.052924923598766327e-03
4.004618152976036072e-03
3.988515119999647141e-03
3.979731816798448563e-03
3.984123934060335159e-03
3.982659894973039627e-03
3.976804204285144806e-03
3.981195855885744095e-03
3.975341096520423889e-03
3.976804204285144806e-03
3.957774024456739426e-03
3.969484940171241760e-03
3.972413018345832825e-03
3.975341096520423889e-03
3.979731816798448563e-03
3.978267777711153030e-03
3.982659894973039627e-03
4.023647867143154144e-03
4.041214007884263992e-03
4.036822821944952011e-03
4.064635839313268661e-03
4.069027025252580643e-03
4.067563917487859726e-03
4.074883181601762772e-03
4.079273901879787445e-03
4.074883181601762772e-03
4.076347220689058304e-03
4.079273901879787445e-03
4.064635839313268661e-03
4.071955103427171707e-03
4.073419142514467239e-03
4.074883181601762772e-03
4.238835070282220840e-03
