3.562533063814043999e-03
3.754297969862818718e-03
3.785039065405726433e-03
3.805533051490783691e-03
3.833347000181674957e-03
3.843594109639525414e-03
3.850912908092141151e-03
3.865550970658659935e-03
3.872870933264493942e-03
3.875798080116510391e-03
3.875798080116510391e-03
3.871406894177198410e-03
3.856767900288105011e-03
3.865550970658659935e-03
3.868479048833250999e-03
3.865550970658659935e-03
3.768936963751912117e-03
3.700135974213480949e-03
3.688425058498978615e-03
3.689889097586274147e-03
3.698671935126185417e-03
3.673786064609885216e-03
3.688425058498978615e-03
3.688425058498978615e-03
3.688425058498978615e-03
3.685496980324387550e-03
3.697207896038889885e-03
3.694280050694942474e-03
3.692816011607646942e-03
3.694280050694942474e-03
3.681106027215719223e-03
3.691352903842926025e-03
3.732341108843684196e-03
3.767472924664616585e-03
3.798214020207524300e-03
3.823099890723824501e-03
3.842130070552229881e-03
3.850912908092141151e-03
3.856767900288105011e-03
3.875798080116510391e-03
3.867015009745955467e-03
3.868479048833250999e-03
3.865550970658659935e-03
3.868479048833250999e-03
3.861160017549991608e-03
3.874334972351789474e-03
3.868479048833250999e-03
3.865550970658659935e-03
3.745514899492263794e-03
3.679641988128423691e-03
3.684032941237092018e-03
3.684032941237092018e-03
3.688425058498978615e-03
3.691352903842926025e-03
3.695744089782238007e-03
3.695744089782238007e-03
3.694280050694942474e-03
3.694280050694942474e-03
3.685496980324387550e-03
3.689889097586274147e-03
3.692816011607646942e-03
3.689889097586274147e-03
3.689889097586274147e-03
3.694280050694942474e-03
3.742587985470890999e-03
3.785039065405726433e-03
3.811388975009322166e-03
3.826027037575840950e-03
3.837737953290343285e-03
3.847985062748193741e-03
3.856767900288105011e-03
3.871406894177198410e-03
3.871406894177198410e-03
3.874334972351789474e-03
3.869943087920546532e-03
3.868479048833250999e-03
3.846521023660898209e-03
3.864088095724582672e-03
3.864088095724582672e-03
3.865550970658659935e-03
3.716238075867295265e-03
3.682568902149796486e-03
3.682568902149796486e-03
3.689889097586274147e-03
3.694280050694942474e-03
3.672322025522589684e-03
3.688425058498978615e-03
3.688425058498978615e-03
3.691352903842926025e-03
3.692816011607646942e-03
3.691352903842926025e-03
3.697207896038889885e-03
3.692816011607646942e-03
3.697207896038889885e-03
3.672322025522589684e-03
3.688425058498978615e-03
3.729413030669093132e-03
