3.871406894177198410e-03
3.842130070552229881e-03
3.831882961094379425e-03
3.824562998488545418e-03
3.827491076663136482e-03
3.821636084467172623e-03
3.815779928117990494e-03
3.815779928117990494e-03
3.812853014096617699e-03
3.799678059294819832e-03
3.806997090578079224e-03
3.814315889030694962e-03
3.811388975009322166e-03
3.812853014096617699e-03
3.814315889030694962e-03
3.812853014096617699e-03
3.786503104493021965e-03
3.777720034122467041e-03
3.771865041926503181e-03
3.780648112297058105e-03
3.776255995035171509e-03
3.773329081013798714e-03
3.771865041926503181e-03
3.770401002839207649e-03
3.771865041926503181e-03
3.773329081013798714e-03
3.777720034122467041e-03
3.770401002839207649e-03
3.773329081013798714e-03
3.771865041926503181e-03
3.771865041926503181e-03
3.771865041926503181e-03
3.801142098382115364e-03
3.802605904638767242e-03
3.805533051490783691e-03
3.796749981120228767e-03
3.805533051490783691e-03
3.812853014096617699e-03
3.811388975009322166e-03
3.809924935922026634e-03
3.811388975009322166e-03
3.811388975009322166e-03
3.814315889030694962e-03
3.812853014096617699e-03
3.814315889030694962e-03
3.804069012403488159e-03
3.812853014096617699e-03
3.811388975009322166e-03
3.786503104493021965e-03
3.785039065405726433e-03
3.782111918553709984e-03
3.777720034122467041e-03
3.776255995035171509e-03
3.771865041926503181e-03
3.763081971555948257e-03
3.771865041926503181e-03
3.774791955947875977e-03
3.776255995035171509e-03
3.774791955947875977e-03
3.773329081013798714e-03
3.768936963751912117e-03
3.773329081013798714e-03
3.770401002839207649e-03
3.776255995035171509e-03
3.801142098382115364e-03
3.802605904638767242e-03
3.805533051490783691e-03
3.806997090578079224e-03
3.808460896834731102e-03
3.808460896834731102e-03
3.809924935922026634e-03
3.808460896834731102e-03
3.808460896834731102e-03
3.820172045379877090e-03
3.814315889030694962e-03
3.815779928117990494e-03
3.808460896834731102e-03
3.809924935922026634e-03
3.811388975009322166e-03
3.766008885577321053e-03
3.790894988924264908e-03
3.774791955947875977e-03
3.776255995035171509e-03
3.776255995035171509e-03
3.776255995035171509e-03
3.774791955947875977e-03
3.771865041926503181e-03
3.773329081013798714e-03
3.774791955947875977e-03
3.774791955947875977e-03
3.768936963751912117e-03
3.770401002839207649e-03
3.773329081013798714e-03
3.771865041926503181e-03
3.768936963751912117e-03
3.773329081013798714e-03
3.792359028011560440e-03
