3.919714130461215973e-03
3.951918799430131912e-03
3.959238063544034958e-03
3.966556861996650696e-03
3.969484940171241760e-03
3.963630180805921555e-03
3.968020901083946228e-03
3.970948979258537292e-03
3.978267777711153030e-03
3.979731816798448563e-03
3.976804204285144806e-03
3.975341096520423889e-03
3.973877057433128357e-03
3.957774024456739426e-03
3.976804204285144806e-03
3.978267777711153030e-03
3.987051080912351608e-03
4.017792176455259323e-03
4.041214007884263992e-03
4.051460884511470795e-03
4.057317040860652924e-03
4.070491064339876175e-03
4.055853001773357391e-03
4.070491064339876175e-03
4.073419142514467239e-03
4.070491064339876175e-03
4.076347220689058304e-03
4.073419142514467239e-03
4.071955103427171707e-03
4.071955103427171707e-03
4.080737940967082977e-03
4.067563917487859726e-03
4.042678046971559525e-03
4.007544834166765213e-03
3.987051080912351608e-03
3.985587973147630692e-03
3.982659894973039627e-03
3.978267777711153030e-03
3.979731816798448563e-03
3.979731816798448563e-03
3.963630180805921555e-03
3.972413018345832825e-03
3.970948979258537292e-03
3.979731816798448563e-03
3.978267777711153030e-03
3.973877057433128357e-03
3.976804204285144806e-03
3.979731816798448563e-03
3.994370810687541962e-03
4.007544834166765213e-03
4.044142086058855057e-03
4.052924923598766327e-03
4.067563917487859726e-03
4.071955103427171707e-03
4.076347220689058304e-03
4.070491064339876175e-03
4.074883181601762772e-03
4.080737940967082977e-03
4.071955103427171707e-03
4.076347220689058304e-03
4.077810794115066528e-03
4.073419142514467239e-03
4.074883181601762772e-03
4.073419142514467239e-03
4.029503092169761658e-03
3.998761996626853943e-03
3.981195855885744095e-03
3.978267777711153030e-03
3.975341096520423889e-03
3.978267777711153030e-03
3.975341096520423889e-03
3.975341096520423889e-03
3.973877057433128357e-03
3.975341096520423889e-03
3.973877057433128357e-03
3.973877057433128357e-03
3.970948979258537292e-03
3.975341096520423889e-03
3.972413018345832825e-03
3.970948979258537292e-03
4.009008873254060745e-03
4.036822821944952011e-03
4.048532806336879730e-03
4.057317040860652924e-03
4.064635839313268661e-03
4.064635839313268661e-03
4.070491064339876175e-03
4.071955103427171707e-03
4.074883181601762772e-03
4.080737940967082977e-03
4.080737940967082977e-03
4.076347220689058304e-03
4.079273901879787445e-03
4.074883181601762772e-03
4.066099878400564194e-03
4.073419142514467239e-03
4.076347220689058304e-03
