3.748442977666854858e-03
3.796749981120228767e-03
3.824562998488545418e-03
3.855304094031453133e-03
3.880189964547753334e-03
3.891901113092899323e-03
3.906539175659418106e-03
3.915322944521903992e-03
3.934353124350309372e-03
3.929961007088422775e-03
3.935817163437604904e-03
3.921178169548511505e-03
3.924105782061815262e-03
3.921178169548511505e-03
3.922642208635807037e-03
3.922642208635807037e-03
3.839201992377638817e-03
3.782111918553709984e-03
3.786503104493021965e-03
3.780648112297058105e-03
3.771865041926503181e-03
3.782111918553709984e-03
3.782111918553709984e-03
3.779184073209762573e-03
3.780648112297058105e-03
3.783575026318430901e-03
3.780648112297058105e-03
3.787966910749673843e-03
3.783575026318430901e-03
3.770401002839207649e-03
3.783575026318430901e-03
3.777720034122467041e-03
3.814315889030694962e-03
3.852376947179436684e-03
3.877261886373162270e-03
3.890437074005603790e-03
3.905076067894697189e-03
3.915322944521903992e-03
3.910930827260017395e-03
3.928496968001127243e-03
3.927032928913831711e-03
3.924105782061815262e-03
3.921178169548511505e-03
3.922642208635807037e-03
3.924105782061815262e-03
3.922642208635807037e-03
3.922642208635807037e-03
3.927032928913831711e-03
3.811388975009322166e-03
3.786503104493021965e-03
3.779184073209762573e-03
3.783575026318430901e-03
3.779184073209762573e-03
3.779184073209762573e-03
3.776255995035171509e-03
3.780648112297058105e-03
3.777720034122467041e-03
3.780648112297058105e-03
3.787966910749673843e-03
3.774791955947875977e-03
3.783575026318430901e-03
3.780648112297058105e-03
3.785039065405726433e-03
3.782111918553709984e-03
3.818708006292581558e-03
3.858231939375400543e-03
3.877261886373162270e-03
3.897756105288863182e-03
3.909466788172721863e-03
3.909466788172721863e-03
3.929961007088422775e-03
3.934353124350309372e-03
3.921178169548511505e-03
3.919714130461215973e-03
3.921178169548511505e-03
3.913858905434608459e-03
3.921178169548511505e-03
3.927032928913831711e-03
3.925569821149110794e-03
3.921178169548511505e-03
3.804069012403488159e-03
3.776255995035171509e-03
3.780648112297058105e-03
3.773329081013798714e-03
3.773329081013798714e-03
3.783575026318430901e-03
3.783575026318430901e-03
3.782111918553709984e-03
3.782111918553709984e-03
3.783575026318430901e-03
3.785039065405726433e-03
3.779184073209762573e-03
3.779184073209762573e-03
3.770401002839207649e-03
3.779184073209762573e-03
3.777720034122467041e-03
3.653292078524827957e-03
