3.849449101835489273e-03
3.888973034918308258e-03
3.890437074005603790e-03
3.899219911545515060e-03
3.908003214746713638e-03
3.916786052286624908e-03
3.918250091373920441e-03
3.909466788172721863e-03
3.918250091373920441e-03
3.919714130461215973e-03
3.924105782061815262e-03
3.922642208635807037e-03
3.924105782061815262e-03
3.924105782061815262e-03
3.922642208635807037e-03
3.922642208635807037e-03
3.886044956743717194e-03
3.884582081809639931e-03
3.887508995831012726e-03
3.886044956743717194e-03
3.883118042722344398e-03
3.880189964547753334e-03
3.878725925460457802e-03
3.877261886373162270e-03
3.865550970658659935e-03
3.875798080116510391e-03
3.875798080116510391e-03
3.875798080116510391e-03
3.874334972351789474e-03
3.874334972351789474e-03
3.875798080116510391e-03
3.883118042722344398e-03
3.909466788172721863e-03
3.893364919349551201e-03
3.915322944521903992e-03
3.916786052286624908e-03
3.919714130461215973e-03
3.919714130461215973e-03
3.921178169548511505e-03
3.915322944521903992e-03
3.919714130461215973e-03
3.921178169548511505e-03
3.909466788172721863e-03
3.921178169548511505e-03
3.922642208635807037e-03
3.919714130461215973e-03
3.921178169548511505e-03
3.924105782061815262e-03
3.893364919349551201e-03
3.888973034918308258e-03
3.880189964547753334e-03
3.872870933264493942e-03
3.878725925460457802e-03
3.881654003635048866e-03
3.880189964547753334e-03
3.880189964547753334e-03
3.880189964547753334e-03
3.877261886373162270e-03
3.875798080116510391e-03
3.877261886373162270e-03
3.865550970658659935e-03
3.875798080116510391e-03
3.880189964547753334e-03
3.880189964547753334e-03
3.912394866347312927e-03
3.910930827260017395e-03
3.916786052286624908e-03
3.918250091373920441e-03
3.916786052286624908e-03
3.915322944521903992e-03
3.925569821149110794e-03
3.922642208635807037e-03
3.922642208635807037e-03
3.921178169548511505e-03
3.921178169548511505e-03
3.919714130461215973e-03
3.918250091373920441e-03
3.918250091373920441e-03
3.909466788172721863e-03
3.922642208635807037e-03
3.893364919349551201e-03
3.886044956743717194e-03
3.881654003635048866e-03
3.881654003635048866e-03
3.883118042722344398e-03
3.877261886373162270e-03
3.865550970658659935e-03
3.872870933264493942e-03
3.872870933264493942e-03
3.878725925460457802e-03
3.878725925460457802e-03
3.877261886373162270e-03
3.880189964547753334e-03
3.875798080116510391e-03
3.877261886373162270e-03
3.861160017549991608e-03
3.805533051490783691e-03
