3.673786064609885216e-03
3.766008885577321053e-03
3.799678059294819832e-03
3.827491076663136482e-03
3.831882961094379425e-03
3.856767900288105011e-03
3.865550970658659935e-03
3.871406894177198410e-03
3.888973034918308258e-03
3.881654003635048866e-03
3.875798080116510391e-03
3.880189964547753334e-03
3.881654003635048866e-03
3.881654003635048866e-03
3.875798080116510391e-03
3.878725925460457802e-03
3.786503104493021965e-03
3.726484952494502068e-03
3.705990966409444809e-03
3.705990966409444809e-03
3.705990966409444809e-03
3.707455005496740341e-03
3.713309997692704201e-03
3.708919044584035873e-03
3.711846889927983284e-03
3.713309997692704201e-03
3.710383083671331406e-03
3.708919044584035873e-03
3.713309997692704201e-03
3.704526927322149277e-03
3.710383083671331406e-03
3.713309997692704201e-03
3.744051093235611916e-03
3.792359028011560440e-03
3.821636084467172623e-03
3.839201992377638817e-03
3.853840986266732216e-03
3.861160017549991608e-03
3.871406894177198410e-03
3.881654003635048866e-03
3.884582081809639931e-03
3.875798080116510391e-03
3.878725925460457802e-03
3.878725925460457802e-03
3.878725925460457802e-03
3.880189964547753334e-03
3.878725925460457802e-03
3.880189964547753334e-03
3.757226048037409782e-03
3.714774036779999733e-03
3.694280050694942474e-03
3.705990966409444809e-03
3.707455005496740341e-03
3.714774036779999733e-03
3.711846889927983284e-03
3.705990966409444809e-03
3.704526927322149277e-03
3.707455005496740341e-03
3.707455005496740341e-03
3.698671935126185417e-03
3.711846889927983284e-03
3.711846889927983284e-03
3.713309997692704201e-03
3.717702114954590797e-03
3.764545079320669174e-03
3.799678059294819832e-03
3.823099890723824501e-03
3.845056984573602676e-03
3.837737953290343285e-03
3.865550970658659935e-03
3.874334972351789474e-03
3.893364919349551201e-03
3.884582081809639931e-03
3.881654003635048866e-03
3.880189964547753334e-03
3.880189964547753334e-03
3.880189964547753334e-03
3.864088095724582672e-03
3.875798080116510391e-03
3.877261886373162270e-03
3.742587985470890999e-03
3.711846889927983284e-03
3.707455005496740341e-03
3.708919044584035873e-03
3.710383083671331406e-03
3.708919044584035873e-03
3.694280050694942474e-03
3.707455005496740341e-03
3.705990966409444809e-03
3.711846889927983284e-03
3.716238075867295265e-03
3.710383083671331406e-03
3.711846889927983284e-03
3.711846889927983284e-03
3.708919044584035873e-03
3.704526927322149277e-03
3.647437086328864098e-03
