3.777720034122467041e-03
3.749907016754150391e-03
3.785039065405726433e-03
3.814315889030694962e-03
3.834810107946395874e-03
3.846521023660898209e-03
3.855304094031453133e-03
3.864088095724582672e-03
3.872870933264493942e-03
3.868479048833250999e-03
3.868479048833250999e-03
3.865550970658659935e-03
3.862624056637287140e-03
3.867015009745955467e-03
3.865550970658659935e-03
3.871406894177198410e-03
3.742587985470890999e-03
3.692816011607646942e-03
3.675250103697180748e-03
3.685496980324387550e-03
3.686961019411683083e-03
3.688425058498978615e-03
3.686961019411683083e-03
3.691352903842926025e-03
3.692816011607646942e-03
3.681106027215719223e-03
3.689889097586274147e-03
3.694280050694942474e-03
3.689889097586274147e-03
3.689889097586274147e-03
3.688425058498978615e-03
3.688425058498978615e-03
3.720629960298538208e-03
3.771865041926503181e-03
3.796749981120228767e-03
3.828955115750432014e-03
3.842130070552229881e-03
3.845056984573602676e-03
3.856767900288105011e-03
3.874334972351789474e-03
3.869943087920546532e-03
3.868479048833250999e-03
3.865550970658659935e-03
3.850912908092141151e-03
3.862624056637287140e-03
3.868479048833250999e-03
3.868479048833250999e-03
3.867015009745955467e-03
3.726484952494502068e-03
3.685496980324387550e-03
3.684032941237092018e-03
3.688425058498978615e-03
3.676713909953832626e-03
3.685496980324387550e-03
3.691352903842926025e-03
3.692816011607646942e-03
3.691352903842926025e-03
3.691352903842926025e-03
3.689889097586274147e-03
3.691352903842926025e-03
3.686961019411683083e-03
3.666467033326625824e-03
3.686961019411683083e-03
3.689889097586274147e-03
3.744051093235611916e-03
3.780648112297058105e-03
3.809924935922026634e-03
3.827491076663136482e-03
3.842130070552229881e-03
3.850912908092141151e-03
3.840666031464934349e-03
3.868479048833250999e-03
3.867015009745955467e-03
3.867015009745955467e-03
3.867015009745955467e-03
3.869943087920546532e-03
3.867015009745955467e-03
3.868479048833250999e-03
3.864088095724582672e-03
3.869943087920546532e-03
3.697207896038889885e-03
3.682568902149796486e-03
3.682568902149796486e-03
3.684032941237092018e-03
3.679641988128423691e-03
3.698671935126185417e-03
3.689889097586274147e-03
3.685496980324387550e-03
3.691352903842926025e-03
3.685496980324387550e-03
3.689889097586274147e-03
3.689889097586274147e-03
3.694280050694942474e-03
3.691352903842926025e-03
3.688425058498978615e-03
3.695744089782238007e-03
3.685496980324387550e-03
