3.779184073209762573e-03
3.809924935922026634e-03
3.830418922007083893e-03
3.872870933264493942e-03
3.891901113092899323e-03
3.899219911545515060e-03
3.906539175659418106e-03
3.922642208635807037e-03
3.924105782061815262e-03
3.928496968001127243e-03
3.928496968001127243e-03
3.903612028807401657e-03
3.915322944521903992e-03
3.924105782061815262e-03
3.924105782061815262e-03
3.924105782061815262e-03
3.808460896834731102e-03
3.783575026318430901e-03
3.780648112297058105e-03
3.777720034122467041e-03
3.771865041926503181e-03
3.779184073209762573e-03
3.782111918553709984e-03
3.783575026318430901e-03
3.780648112297058105e-03
3.782111918553709984e-03
3.782111918553709984e-03
3.789430949836969376e-03
3.783575026318430901e-03
3.770401002839207649e-03
3.777720034122467041e-03
3.779184073209762573e-03
3.837737953290343285e-03
3.868479048833250999e-03
3.887508995831012726e-03
3.897756105288863182e-03
3.903612028807401657e-03
3.916786052286624908e-03
3.928496968001127243e-03
3.924105782061815262e-03
3.927032928913831711e-03
3.921178169548511505e-03
3.924105782061815262e-03
3.928496968001127243e-03
3.925569821149110794e-03
3.919714130461215973e-03
3.922642208635807037e-03
3.925569821149110794e-03
3.780648112297058105e-03
3.780648112297058105e-03
3.782111918553709984e-03
3.782111918553709984e-03
3.779184073209762573e-03
3.782111918553709984e-03
3.779184073209762573e-03
3.787966910749673843e-03
3.782111918553709984e-03
3.776255995035171509e-03
3.780648112297058105e-03
3.779184073209762573e-03
3.780648112297058105e-03
3.787966910749673843e-03
3.785039065405726433e-03
3.783575026318430901e-03
3.842130070552229881e-03
3.869943087920546532e-03
3.877261886373162270e-03
3.903612028807401657e-03
3.905076067894697189e-03
3.915322944521903992e-03
3.928496968001127243e-03
3.922642208635807037e-03
3.927032928913831711e-03
3.927032928913831711e-03
3.922642208635807037e-03
3.905076067894697189e-03
3.921178169548511505e-03
3.921178169548511505e-03
3.927032928913831711e-03
3.896292066201567650e-03
3.789430949836969376e-03
3.777720034122467041e-03
3.785039065405726433e-03
3.782111918553709984e-03
3.771865041926503181e-03
3.780648112297058105e-03
3.780648112297058105e-03
3.780648112297058105e-03
3.779184073209762573e-03
3.779184073209762573e-03
3.783575026318430901e-03
3.783575026318430901e-03
3.780648112297058105e-03
3.766008885577321053e-03
3.779184073209762573e-03
3.785039065405726433e-03
3.695744089782238007e-03
