3.804069012403488159e-03
3.802605904638767242e-03
3.842130070552229881e-03
3.868479048833250999e-03
3.886044956743717194e-03
3.900683950632810593e-03
3.903612028807401657e-03
3.918250091373920441e-03
3.928496968001127243e-03
3.928496968001127243e-03
3.925569821149110794e-03
3.918250091373920441e-03
3.929961007088422775e-03
3.927032928913831711e-03
3.925569821149110794e-03
3.919714130461215973e-03
3.806997090578079224e-03
3.783575026318430901e-03
3.777720034122467041e-03
3.782111918553709984e-03
3.776255995035171509e-03
3.782111918553709984e-03
3.782111918553709984e-03
3.787966910749673843e-03
3.777720034122467041e-03
3.779184073209762573e-03
3.779184073209762573e-03
3.779184073209762573e-03
3.783575026318430901e-03
3.777720034122467041e-03
3.780648112297058105e-03
3.782111918553709984e-03
3.831882961094379425e-03
3.859695978462696075e-03
3.884582081809639931e-03
3.897756105288863182e-03
3.909466788172721863e-03
3.913858905434608459e-03
3.918250091373920441e-03
3.924105782061815262e-03
3.921178169548511505e-03
3.925569821149110794e-03
3.927032928913831711e-03
3.922642208635807037e-03
3.921178169548511505e-03
3.922642208635807037e-03
3.922642208635807037e-03
3.908003214746713638e-03
3.793821902945637703e-03
3.780648112297058105e-03
3.779184073209762573e-03
3.782111918553709984e-03
3.780648112297058105e-03
3.780648112297058105e-03
3.780648112297058105e-03
3.780648112297058105e-03
3.767472924664616585e-03
3.785039065405726433e-03
3.783575026318430901e-03
3.782111918553709984e-03
3.780648112297058105e-03
3.782111918553709984e-03
3.779184073209762573e-03
3.782111918553709984e-03
3.842130070552229881e-03
3.867015009745955467e-03
3.890437074005603790e-03
3.900683950632810593e-03
3.906539175659418106e-03
3.915322944521903992e-03
3.924105782061815262e-03
3.924105782061815262e-03
3.929961007088422775e-03
3.925569821149110794e-03
3.908003214746713638e-03
3.919714130461215973e-03
3.922642208635807037e-03
3.915322944521903992e-03
3.922642208635807037e-03
3.905076067894697189e-03
3.792359028011560440e-03
3.782111918553709984e-03
3.779184073209762573e-03
3.763081971555948257e-03
3.779184073209762573e-03
3.779184073209762573e-03
3.776255995035171509e-03
3.785039065405726433e-03
3.782111918553709984e-03
3.782111918553709984e-03
3.780648112297058105e-03
3.780648112297058105e-03
3.757226048037409782e-03
3.776255995035171509e-03
3.777720034122467041e-03
3.786503104493021965e-03
3.679641988128423691e-03
