3.786503104493021965e-03
3.830418922007083893e-03
3.856767900288105011e-03
3.878725925460457802e-03
3.896292066201567650e-03
3.902147989720106125e-03
3.897756105288863182e-03
3.921178169548511505e-03
3.935817163437604904e-03
3.922642208635807037e-03
3.925569821149110794e-03
3.924105782061815262e-03
3.924105782061815262e-03
3.922642208635807037e-03
3.927032928913831711e-03
3.925569821149110794e-03
3.792359028011560440e-03
3.782111918553709984e-03
3.779184073209762573e-03
3.779184073209762573e-03
3.779184073209762573e-03
3.777720034122467041e-03
3.783575026318430901e-03
3.783575026318430901e-03
3.767472924664616585e-03
3.779184073209762573e-03
3.779184073209762573e-03
3.779184073209762573e-03
3.780648112297058105e-03
3.783575026318430901e-03
3.786503104493021965e-03
3.818708006292581558e-03
3.846521023660898209e-03
3.861160017549991608e-03
3.886044956743717194e-03
3.900683950632810593e-03
3.913858905434608459e-03
3.916786052286624908e-03
3.928496968001127243e-03
3.925569821149110794e-03
3.924105782061815262e-03
3.927032928913831711e-03
3.929961007088422775e-03
3.922642208635807037e-03
3.922642208635807037e-03
3.921178169548511505e-03
3.921178169548511505e-03
3.836273914203047752e-03
3.786503104493021965e-03
3.782111918553709984e-03
3.786503104493021965e-03
3.782111918553709984e-03
3.774791955947875977e-03
3.780648112297058105e-03
3.777720034122467041e-03
3.780648112297058105e-03
3.779184073209762573e-03
3.780648112297058105e-03
3.780648112297058105e-03
3.779184073209762573e-03
3.780648112297058105e-03
3.777720034122467041e-03
3.787966910749673843e-03
3.827491076663136482e-03
3.855304094031453133e-03
3.877261886373162270e-03
3.890437074005603790e-03
3.900683950632810593e-03
3.903612028807401657e-03
3.924105782061815262e-03
3.922642208635807037e-03
3.925569821149110794e-03
3.924105782061815262e-03
3.919714130461215973e-03
3.921178169548511505e-03
3.924105782061815262e-03
3.924105782061815262e-03
3.924105782061815262e-03
3.924105782061815262e-03
3.802605904638767242e-03
3.782111918553709984e-03
3.780648112297058105e-03
3.786503104493021965e-03
3.783575026318430901e-03
3.780648112297058105e-03
3.780648112297058105e-03
3.779184073209762573e-03
3.774791955947875977e-03
3.766008885577321053e-03
3.780648112297058105e-03
3.779184073209762573e-03
3.777720034122467041e-03
3.779184073209762573e-03
3.776255995035171509e-03
3.776255995035171509e-03
3.779184073209762573e-03
