3.957774024456739426e-03
3.937279805541038513e-03
3.956309985369443893e-03
3.963630180805921555e-03
3.963630180805921555e-03
3.972413018345832825e-03
3.970948979258537292e-03
3.976804204285144806e-03
3.975341096520423889e-03
3.978267777711153030e-03
3.963630180805921555e-03
3.970948979258537292e-03
3.976804204285144806e-03
3.973877057433128357e-03
3.973877057433128357e-03
3.975341096520423889e-03
3.982659894973039627e-03
4.020719788968563080e-03
4.044142086058855057e-03
4.039749968796968460e-03
4.058780148625373840e-03
4.067563917487859726e-03
4.070491064339876175e-03
4.069027025252580643e-03
4.067563917487859726e-03
4.071955103427171707e-03
4.067563917487859726e-03
4.079273901879787445e-03
4.070491064339876175e-03
4.074883181601762772e-03
4.071955103427171707e-03
4.074883181601762772e-03
4.038285929709672928e-03
4.003154113888740540e-03
3.987051080912351608e-03
3.979731816798448563e-03
3.982659894973039627e-03
3.975341096520423889e-03
3.976804204285144806e-03
3.975341096520423889e-03
3.976804204285144806e-03
3.975341096520423889e-03
3.975341096520423889e-03
3.973877057433128357e-03
3.973877057433128357e-03
3.972413018345832825e-03
3.966556861996650696e-03
3.969484940171241760e-03
4.000226035714149475e-03
4.023647867143154144e-03
4.042678046971559525e-03
4.055853001773357391e-03
4.064635839313268661e-03
4.066099878400564194e-03
4.069027025252580643e-03
4.064635839313268661e-03
4.067563917487859726e-03
4.069027025252580643e-03
4.073419142514467239e-03
4.074883181601762772e-03
4.073419142514467239e-03
4.076347220689058304e-03
4.071955103427171707e-03
4.063171800225973129e-03
4.023647867143154144e-03
4.000226035714149475e-03
3.984123934060335159e-03
3.979731816798448563e-03
3.978267777711153030e-03
3.976804204285144806e-03
3.976804204285144806e-03
3.975341096520423889e-03
3.957774024456739426e-03
3.972413018345832825e-03
3.972413018345832825e-03
3.968020901083946228e-03
3.972413018345832825e-03
3.973877057433128357e-03
3.975341096520423889e-03
3.984123934060335159e-03
4.004618152976036072e-03
4.017792176455259323e-03
4.044142086058855057e-03
4.054388962686061859e-03
4.064635839313268661e-03
4.067563917487859726e-03
4.070491064339876175e-03
4.076347220689058304e-03
4.073419142514467239e-03
4.073419142514467239e-03
4.058780148625373840e-03
4.069027025252580643e-03
4.071955103427171707e-03
4.070491064339876175e-03
4.073419142514467239e-03
4.077810794115066528e-03
4.085130058228969574e-03
