3.940207883715629578e-03
3.951918799430131912e-03
3.962166141718626022e-03
3.966556861996650696e-03
3.970948979258537292e-03
3.973877057433128357e-03
3.976804204285144806e-03
3.970948979258537292e-03
3.965094219893217087e-03
3.972413018345832825e-03
3.972413018345832825e-03
3.975341096520423889e-03
3.976804204285144806e-03
3.975341096520423889e-03
3.976804204285144806e-03
3.976804204285144806e-03
3.979731816798448563e-03
4.001690074801445007e-03
4.033895209431648254e-03
4.047070164233446121e-03
4.061708226799964905e-03
4.069027025252580643e-03
4.071955103427171707e-03
4.073419142514467239e-03
4.074883181601762772e-03
4.074883181601762772e-03
4.066099878400564194e-03
4.070491064339876175e-03
4.071955103427171707e-03
4.076347220689058304e-03
4.077810794115066528e-03
4.076347220689058304e-03
4.055853001773357391e-03
4.010472912341356277e-03
3.966556861996650696e-03
3.981195855885744095e-03
3.976804204285144806e-03
3.972413018345832825e-03
3.972413018345832825e-03
3.982659894973039627e-03
3.979731816798448563e-03
3.978267777711153030e-03
3.976804204285144806e-03
3.957774024456739426e-03
3.975341096520423889e-03
3.973877057433128357e-03
3.973877057433128357e-03
3.970948979258537292e-03
3.994370810687541962e-03
4.026575945317745209e-03
4.042678046971559525e-03
4.052924923598766327e-03
4.051460884511470795e-03
4.064635839313268661e-03
4.069027025252580643e-03
4.070491064339876175e-03
4.074883181601762772e-03
4.077810794115066528e-03
4.083666019141674042e-03
4.080737940967082977e-03
4.074883181601762772e-03
4.069027025252580643e-03
4.074883181601762772e-03
4.074883181601762772e-03
4.038285929709672928e-03
4.003154113888740540e-03
3.984123934060335159e-03
3.988515119999647141e-03
3.987051080912351608e-03
3.979731816798448563e-03
3.972413018345832825e-03
3.973877057433128357e-03
3.976804204285144806e-03
3.973877057433128357e-03
3.973877057433128357e-03
3.976804204285144806e-03
3.973877057433128357e-03
3.970948979258537292e-03
3.975341096520423889e-03
3.970948979258537292e-03
4.000226035714149475e-03
4.028039053082466125e-03
4.045606125146150589e-03
4.052924923598766327e-03
4.066099878400564194e-03
4.070491064339876175e-03
4.073419142514467239e-03
4.074883181601762772e-03
4.054388962686061859e-03
4.070491064339876175e-03
4.076347220689058304e-03
4.080737940967082977e-03
4.073419142514467239e-03
4.076347220689058304e-03
4.076347220689058304e-03
4.079273901879787445e-03
4.060244187712669373e-03
