3.763081971555948257e-03
3.798214020207524300e-03
3.828955115750432014e-03
3.856767900288105011e-03
3.877261886373162270e-03
3.887508995831012726e-03
3.880189964547753334e-03
3.906539175659418106e-03
3.909466788172721863e-03
3.908003214746713638e-03
3.908003214746713638e-03
3.905076067894697189e-03
3.905076067894697189e-03
3.903612028807401657e-03
3.905076067894697189e-03
3.897756105288863182e-03
3.783575026318430901e-03
3.760153893381357193e-03
3.752835094928741455e-03
3.752835094928741455e-03
3.758690087124705315e-03
3.754297969862818718e-03
3.754297969862818718e-03
3.755762008950114250e-03
3.739659907296299934e-03
3.748442977666854858e-03
3.748442977666854858e-03
3.752835094928741455e-03
3.752835094928741455e-03
3.752835094928741455e-03
3.752835094928741455e-03
3.758690087124705315e-03
3.809924935922026634e-03
3.826027037575840950e-03
3.858231939375400543e-03
3.872870933264493942e-03
3.886044956743717194e-03
3.897756105288863182e-03
3.910930827260017395e-03
3.912394866347312927e-03
3.906539175659418106e-03
3.906539175659418106e-03
3.899219911545515060e-03
3.903612028807401657e-03
3.903612028807401657e-03
3.899219911545515060e-03
3.905076067894697189e-03
3.903612028807401657e-03
3.770401002839207649e-03
3.757226048037409782e-03
3.757226048037409782e-03
3.757226048037409782e-03
3.748442977666854858e-03
3.754297969862818718e-03
3.761617932468652725e-03
3.755762008950114250e-03
3.752835094928741455e-03
3.751371055841445923e-03
3.751371055841445923e-03
3.751371055841445923e-03
3.751371055841445923e-03
3.742587985470890999e-03
3.751371055841445923e-03
3.751371055841445923e-03
3.812853014096617699e-03
3.850912908092141151e-03
3.868479048833250999e-03
3.880189964547753334e-03
3.886044956743717194e-03
3.890437074005603790e-03
3.903612028807401657e-03
3.908003214746713638e-03
3.908003214746713638e-03
3.908003214746713638e-03
3.905076067894697189e-03
3.905076067894697189e-03
3.899219911545515060e-03
3.906539175659418106e-03
3.900683950632810593e-03
3.802605904638767242e-03
3.763081971555948257e-03
3.751371055841445923e-03
3.752835094928741455e-03
3.757226048037409782e-03
3.760153893381357193e-03
3.757226048037409782e-03
3.755762008950114250e-03
3.751371055841445923e-03
3.738196101039648056e-03
3.749907016754150391e-03
3.749907016754150391e-03
3.749907016754150391e-03
3.749907016754150391e-03
3.749907016754150391e-03
3.751371055841445923e-03
3.751371055841445923e-03
3.667931072413921356e-03
