3.881654003635048866e-03
3.880189964547753334e-03
3.884582081809639931e-03
3.872870933264493942e-03
3.887508995831012726e-03
3.894828958436846733e-03
3.888973034918308258e-03
3.891901113092899323e-03
3.890437074005603790e-03
3.899219911545515060e-03
3.894828958436846733e-03
3.893364919349551201e-03
3.883118042722344398e-03
3.891901113092899323e-03
3.890437074005603790e-03
3.900683950632810593e-03
3.878725925460457802e-03
3.877261886373162270e-03
3.877261886373162270e-03
3.880189964547753334e-03
3.877261886373162270e-03
3.864088095724582672e-03
3.875798080116510391e-03
3.877261886373162270e-03
3.881654003635048866e-03
3.880189964547753334e-03
3.878725925460457802e-03
3.881654003635048866e-03
3.881654003635048866e-03
3.883118042722344398e-03
3.872870933264493942e-03
3.909466788172721863e-03
3.906539175659418106e-03
3.897756105288863182e-03
3.897756105288863182e-03
3.897756105288863182e-03
3.891901113092899323e-03
3.888973034918308258e-03
3.893364919349551201e-03
3.888973034918308258e-03
3.891901113092899323e-03
3.893364919349551201e-03
3.893364919349551201e-03
3.893364919349551201e-03
3.891901113092899323e-03
3.899219911545515060e-03
3.891901113092899323e-03
3.880189964547753334e-03
3.867015009745955467e-03
3.869943087920546532e-03
3.880189964547753334e-03
3.880189964547753334e-03
3.881654003635048866e-03
3.877261886373162270e-03
3.881654003635048866e-03
3.881654003635048866e-03
3.878725925460457802e-03
3.874334972351789474e-03
3.877261886373162270e-03
3.878725925460457802e-03
3.878725925460457802e-03
3.877261886373162270e-03
3.880189964547753334e-03
3.905076067894697189e-03
3.899219911545515060e-03
3.872870933264493942e-03
3.888973034918308258e-03
3.893364919349551201e-03
3.893364919349551201e-03
3.894828958436846733e-03
3.891901113092899323e-03
3.893364919349551201e-03
3.893364919349551201e-03
3.893364919349551201e-03
3.875798080116510391e-03
3.893364919349551201e-03
3.893364919349551201e-03
3.897756105288863182e-03
3.890437074005603790e-03
3.874334972351789474e-03
3.878725925460457802e-03
3.875798080116510391e-03
3.877261886373162270e-03
3.864088095724582672e-03
3.874334972351789474e-03
3.878725925460457802e-03
3.880189964547753334e-03
3.880189964547753334e-03
3.881654003635048866e-03
3.875798080116510391e-03
3.881654003635048866e-03
3.878725925460457802e-03
3.874334972351789474e-03
3.884582081809639931e-03
3.878725925460457802e-03
3.878725925460457802e-03
