3.940207883715629578e-03
3.951918799430131912e-03
3.959238063544034958e-03
3.956309985369443893e-03
3.970948979258537292e-03
3.975341096520423889e-03
3.978267777711153030e-03
3.970948979258537292e-03
3.970948979258537292e-03
3.970948979258537292e-03
3.981195855885744095e-03
3.975341096520423889e-03
3.965094219893217087e-03
3.970948979258537292e-03
3.966556861996650696e-03
3.970948979258537292e-03
3.998761996626853943e-03
4.023647867143154144e-03
4.044142086058855057e-03
4.051460884511470795e-03
4.054388962686061859e-03
4.064635839313268661e-03
4.071955103427171707e-03
4.070491064339876175e-03
4.071955103427171707e-03
4.070491064339876175e-03
4.076347220689058304e-03
4.077810794115066528e-03
4.074883181601762772e-03
4.058780148625373840e-03
4.066099878400564194e-03
4.073419142514467239e-03
4.035358782857656479e-03
3.997297957539558411e-03
3.991443198174238205e-03
3.978267777711153030e-03
3.975341096520423889e-03
3.982659894973039627e-03
3.969484940171241760e-03
3.976804204285144806e-03
3.973877057433128357e-03
3.975341096520423889e-03
3.976804204285144806e-03
3.973877057433128357e-03
3.979731816798448563e-03
3.975341096520423889e-03
3.976804204285144806e-03
3.948991186916828156e-03
4.000226035714149475e-03
4.035358782857656479e-03
4.048532806336879730e-03
4.057317040860652924e-03
4.063171800225973129e-03
4.067563917487859726e-03
4.070491064339876175e-03
4.071955103427171707e-03
4.063171800225973129e-03
4.069027025252580643e-03
4.071955103427171707e-03
4.069027025252580643e-03
4.080737940967082977e-03
4.076347220689058304e-03
4.073419142514467239e-03
4.055853001773357391e-03
4.019256215542554855e-03
3.988515119999647141e-03
3.982659894973039627e-03
3.981195855885744095e-03
3.979731816798448563e-03
3.978267777711153030e-03
3.975341096520423889e-03
3.968020901083946228e-03
3.976804204285144806e-03
3.975341096520423889e-03
3.965094219893217087e-03
3.970948979258537292e-03
3.968020901083946228e-03
3.976804204285144806e-03
3.979731816798448563e-03
3.972413018345832825e-03
4.010472912341356277e-03
4.032431170344352722e-03
4.051460884511470795e-03
4.057317040860652924e-03
4.069027025252580643e-03
4.067563917487859726e-03
4.069027025252580643e-03
4.067563917487859726e-03
4.070491064339876175e-03
4.080737940967082977e-03
4.076347220689058304e-03
4.061708226799964905e-03
4.067563917487859726e-03
4.070491064339876175e-03
4.073419142514467239e-03
4.077810794115066528e-03
4.088058136403560638e-03
