3.912394866347312927e-03
3.944600000977516174e-03
3.938743844628334045e-03
3.962166141718626022e-03
3.969484940171241760e-03
3.970948979258537292e-03
3.970948979258537292e-03
3.970948979258537292e-03
3.969484940171241760e-03
3.975341096520423889e-03
3.979731816798448563e-03
3.962166141718626022e-03
3.975341096520423889e-03
3.972413018345832825e-03
3.979731816798448563e-03
3.984123934060335159e-03
3.998761996626853943e-03
4.010472912341356277e-03
4.032431170344352722e-03
4.048532806336879730e-03
4.041214007884263992e-03
4.069027025252580643e-03
4.071955103427171707e-03
4.069027025252580643e-03
4.077810794115066528e-03
4.077810794115066528e-03
4.071955103427171707e-03
4.073419142514467239e-03
4.076347220689058304e-03
4.069027025252580643e-03
4.073419142514467239e-03
4.076347220689058304e-03
4.076347220689058304e-03
4.026575945317745209e-03
4.003154113888740540e-03
3.989979159086942673e-03
3.985587973147630692e-03
3.981195855885744095e-03
3.970948979258537292e-03
3.973877057433128357e-03
3.973877057433128357e-03
3.979731816798448563e-03
3.979731816798448563e-03
3.979731816798448563e-03
3.976804204285144806e-03
3.975341096520423889e-03
3.975341096520423889e-03
3.970948979258537292e-03
3.987051080912351608e-03
4.016329068690538406e-03
4.036822821944952011e-03
4.047070164233446121e-03
4.058780148625373840e-03
4.063171800225973129e-03
4.067563917487859726e-03
4.052924923598766327e-03
4.070491064339876175e-03
4.069027025252580643e-03
4.073419142514467239e-03
4.069027025252580643e-03
4.074883181601762772e-03
4.076347220689058304e-03
4.077810794115066528e-03
4.077810794115066528e-03
4.039749968796968460e-03
4.007544834166765213e-03
3.989979159086942673e-03
3.987051080912351608e-03
3.987051080912351608e-03
3.981195855885744095e-03
3.976804204285144806e-03
3.975341096520423889e-03
3.973877057433128357e-03
3.962166141718626022e-03
3.975341096520423889e-03
3.979731816798448563e-03
3.972413018345832825e-03
3.975341096520423889e-03
3.972413018345832825e-03
3.972413018345832825e-03
3.987051080912351608e-03
4.022183828055858612e-03
4.025111906230449677e-03
4.051460884511470795e-03
4.067563917487859726e-03
4.066099878400564194e-03
4.073419142514467239e-03
4.070491064339876175e-03
4.073419142514467239e-03
4.076347220689058304e-03
4.076347220689058304e-03
4.057317040860652924e-03
4.074883181601762772e-03
4.079273901879787445e-03
4.080737940967082977e-03
4.080737940967082977e-03
4.221267998218536377e-03
