3.741123946383595467e-03
3.776255995035171509e-03
3.804069012403488159e-03
3.826027037575840950e-03
3.846521023660898209e-03
3.852376947179436684e-03
3.859695978462696075e-03
3.871406894177198410e-03
3.867015009745955467e-03
3.867015009745955467e-03
3.865550970658659935e-03
3.864088095724582672e-03
3.843594109639525414e-03
3.864088095724582672e-03
3.869943087920546532e-03
3.865550970658659935e-03
3.701600013300776482e-03
3.686961019411683083e-03
3.684032941237092018e-03
3.689889097586274147e-03
3.685496980324387550e-03
3.670858917757868767e-03
3.684032941237092018e-03
3.685496980324387550e-03
3.691352903842926025e-03
3.689889097586274147e-03
3.691352903842926025e-03
3.692816011607646942e-03
3.688425058498978615e-03
3.689889097586274147e-03
3.675250103697180748e-03
3.730877069756388664e-03
3.763081971555948257e-03
3.799678059294819832e-03
3.820172045379877090e-03
3.831882961094379425e-03
3.849449101835489273e-03
3.853840986266732216e-03
3.869943087920546532e-03
3.855304094031453133e-03
3.864088095724582672e-03
3.864088095724582672e-03
3.865550970658659935e-03
3.872870933264493942e-03
3.869943087920546532e-03
3.867015009745955467e-03
3.865550970658659935e-03
3.774791955947875977e-03
3.679641988128423691e-03
3.676713909953832626e-03
3.684032941237092018e-03
3.689889097586274147e-03
3.688425058498978615e-03
3.691352903842926025e-03
3.689889097586274147e-03
3.689889097586274147e-03
3.688425058498978615e-03
3.685496980324387550e-03
3.682568902149796486e-03
3.691352903842926025e-03
3.692816011607646942e-03
3.689889097586274147e-03
3.694280050694942474e-03
3.736732061952352524e-03
3.767472924664616585e-03
3.799678059294819832e-03
3.821636084467172623e-03
3.827491076663136482e-03
3.840666031464934349e-03
3.849449101835489273e-03
3.871406894177198410e-03
3.871406894177198410e-03
3.867015009745955467e-03
3.869943087920546532e-03
3.867015009745955467e-03
3.862624056637287140e-03
3.858231939375400543e-03
3.862624056637287140e-03
3.856767900288105011e-03
3.739659907296299934e-03
3.682568902149796486e-03
3.682568902149796486e-03
3.684032941237092018e-03
3.688425058498978615e-03
3.688425058498978615e-03
3.678177949041128159e-03
3.686961019411683083e-03
3.682568902149796486e-03
3.685496980324387550e-03
3.689889097586274147e-03
3.692816011607646942e-03
3.688425058498978615e-03
3.689889097586274147e-03
3.689889097586274147e-03
3.678177949041128159e-03
3.684032941237092018e-03
