3.902147989720106125e-03
3.946064040064811707e-03
3.956309985369443893e-03
3.966556861996650696e-03
3.970948979258537292e-03
3.972413018345832825e-03
3.973877057433128357e-03
3.973877057433128357e-03
3.963630180805921555e-03
3.972413018345832825e-03
3.972413018345832825e-03
3.976804204285144806e-03
3.979731816798448563e-03
3.981195855885744095e-03
3.973877057433128357e-03
3.973877057433128357e-03
3.962166141718626022e-03
4.007544834166765213e-03
4.035358782857656479e-03
4.048532806336879730e-03
4.057317040860652924e-03
4.067563917487859726e-03
4.066099878400564194e-03
4.070491064339876175e-03
4.080737940967082977e-03
4.061708226799964905e-03
4.070491064339876175e-03
4.073419142514467239e-03
4.073419142514467239e-03
4.073419142514467239e-03
4.074883181601762772e-03
4.080737940967082977e-03
4.055853001773357391e-03
4.016329068690538406e-03
3.978267777711153030e-03
3.982659894973039627e-03
3.978267777711153030e-03
3.981195855885744095e-03
3.982659894973039627e-03
3.976804204285144806e-03
3.975341096520423889e-03
3.975341096520423889e-03
3.973877057433128357e-03
3.953382838517427444e-03
3.973877057433128357e-03
3.979731816798448563e-03
3.975341096520423889e-03
3.975341096520423889e-03
3.981195855885744095e-03
4.017792176455259323e-03
4.035358782857656479e-03
4.048532806336879730e-03
4.052924923598766327e-03
4.064635839313268661e-03
4.070491064339876175e-03
4.067563917487859726e-03
4.069027025252580643e-03
4.071955103427171707e-03
4.076347220689058304e-03
4.074883181601762772e-03
4.077810794115066528e-03
4.061708226799964905e-03
4.070491064339876175e-03
4.069027025252580643e-03
4.048532806336879730e-03
4.010472912341356277e-03
3.994370810687541962e-03
3.982659894973039627e-03
3.976804204285144806e-03
3.975341096520423889e-03
3.966556861996650696e-03
3.975341096520423889e-03
3.976804204285144806e-03
3.975341096520423889e-03
3.978267777711153030e-03
3.973877057433128357e-03
3.972413018345832825e-03
3.978267777711153030e-03
3.973877057433128357e-03
3.969484940171241760e-03
3.991443198174238205e-03
4.020719788968563080e-03
4.044142086058855057e-03
4.052924923598766327e-03
4.060244187712669373e-03
4.070491064339876175e-03
4.074883181601762772e-03
4.073419142514467239e-03
4.063171800225973129e-03
4.071955103427171707e-03
4.071955103427171707e-03
4.074883181601762772e-03
4.073419142514467239e-03
4.076347220689058304e-03
4.073419142514467239e-03
4.077810794115066528e-03
4.112943075597286224e-03
