3.925569821149110794e-03
3.951918799430131912e-03
3.957774024456739426e-03
3.947527147829532623e-03
3.960702102631330490e-03
3.972413018345832825e-03
3.975341096520423889e-03
3.973877057433128357e-03
3.973877057433128357e-03
3.970948979258537292e-03
3.976804204285144806e-03
3.972413018345832825e-03
3.957774024456739426e-03
3.970948979258537292e-03
3.976804204285144806e-03
3.975341096520423889e-03
3.988515119999647141e-03
4.016329068690538406e-03
4.038285929709672928e-03
4.051460884511470795e-03
4.060244187712669373e-03
4.052924923598766327e-03
4.069027025252580643e-03
4.066099878400564194e-03
4.077810794115066528e-03
4.079273901879787445e-03
4.074883181601762772e-03
4.069027025252580643e-03
4.074883181601762772e-03
4.074883181601762772e-03
4.071955103427171707e-03
4.074883181601762772e-03
4.045606125146150589e-03
4.007544834166765213e-03
3.992906771600246429e-03
3.982659894973039627e-03
3.984123934060335159e-03
3.975341096520423889e-03
3.979731816798448563e-03
3.966556861996650696e-03
3.972413018345832825e-03
3.969484940171241760e-03
3.973877057433128357e-03
3.975341096520423889e-03
3.975341096520423889e-03
3.975341096520423889e-03
3.978267777711153030e-03
3.973877057433128357e-03
3.987051080912351608e-03
4.020719788968563080e-03
4.039749968796968460e-03
4.051460884511470795e-03
4.070491064339876175e-03
4.071955103427171707e-03
4.070491064339876175e-03
4.074883181601762772e-03
4.051460884511470795e-03
4.073419142514467239e-03
4.071955103427171707e-03
4.073419142514467239e-03
4.071955103427171707e-03
4.082201980054378510e-03
4.079273901879787445e-03
4.079273901879787445e-03
4.033895209431648254e-03
3.988515119999647141e-03
3.987051080912351608e-03
3.982659894973039627e-03
3.976804204285144806e-03
3.975341096520423889e-03
3.976804204285144806e-03
3.981195855885744095e-03
3.979731816798448563e-03
3.976804204285144806e-03
3.963630180805921555e-03
3.973877057433128357e-03
3.972413018345832825e-03
3.972413018345832825e-03
3.975341096520423889e-03
3.970948979258537292e-03
4.001690074801445007e-03
4.032431170344352722e-03
4.047070164233446121e-03
4.042678046971559525e-03
4.069027025252580643e-03
4.069027025252580643e-03
4.070491064339876175e-03
4.071955103427171707e-03
4.073419142514467239e-03
4.073419142514467239e-03
4.076347220689058304e-03
4.079273901879787445e-03
4.058780148625373840e-03
4.074883181601762772e-03
4.073419142514467239e-03
4.073419142514467239e-03
4.110014997422695160e-03
