3.938743844628334045e-03
3.953382838517427444e-03
3.956309985369443893e-03
3.962166141718626022e-03
3.968020901083946228e-03
3.970948979258537292e-03
3.975341096520423889e-03
3.976804204285144806e-03
3.981195855885744095e-03
3.975341096520423889e-03
3.975341096520423889e-03
3.972413018345832825e-03
3.973877057433128357e-03
3.970948979258537292e-03
3.969484940171241760e-03
3.981195855885744095e-03
4.003154113888740540e-03
4.029503092169761658e-03
4.045606125146150589e-03
4.057317040860652924e-03
4.058780148625373840e-03
4.069027025252580643e-03
4.067563917487859726e-03
4.067563917487859726e-03
4.076347220689058304e-03
4.077810794115066528e-03
4.074883181601762772e-03
4.076347220689058304e-03
4.052924923598766327e-03
4.069027025252580643e-03
4.074883181601762772e-03
4.076347220689058304e-03
4.026575945317745209e-03
4.003154113888740540e-03
3.994370810687541962e-03
3.982659894973039627e-03
3.982659894973039627e-03
3.963630180805921555e-03
3.975341096520423889e-03
3.970948979258537292e-03
3.973877057433128357e-03
3.972413018345832825e-03
3.976804204285144806e-03
3.975341096520423889e-03
3.978267777711153030e-03
3.979731816798448563e-03
3.960702102631330490e-03
3.970948979258537292e-03
4.004618152976036072e-03
4.032431170344352722e-03
4.047070164233446121e-03
4.061708226799964905e-03
4.071955103427171707e-03
4.073419142514467239e-03
4.073419142514467239e-03
4.063171800225973129e-03
4.074883181601762772e-03
4.074883181601762772e-03
4.071955103427171707e-03
4.070491064339876175e-03
4.071955103427171707e-03
4.082201980054378510e-03
4.076347220689058304e-03
4.077810794115066528e-03
4.016329068690538406e-03
3.997297957539558411e-03
3.985587973147630692e-03
3.981195855885744095e-03
3.979731816798448563e-03
3.976804204285144806e-03
3.975341096520423889e-03
3.975341096520423889e-03
3.976804204285144806e-03
3.969484940171241760e-03
3.978267777711153030e-03
3.976804204285144806e-03
3.973877057433128357e-03
3.973877057433128357e-03
3.975341096520423889e-03
3.979731816798448563e-03
4.011936951428651810e-03
4.033895209431648254e-03
4.049996845424175262e-03
4.061708226799964905e-03
4.069027025252580643e-03
4.070491064339876175e-03
4.074883181601762772e-03
4.071955103427171707e-03
4.070491064339876175e-03
4.071955103427171707e-03
4.055853001773357391e-03
4.074883181601762772e-03
4.076347220689058304e-03
4.076347220689058304e-03
4.079273901879787445e-03
4.073419142514467239e-03
4.089520778506994247e-03
