3.998761996626853943e-03
4.000226035714149475e-03
3.991443198174238205e-03
3.987051080912351608e-03
3.992906771600246429e-03
3.992906771600246429e-03
3.998761996626853943e-03
3.997297957539558411e-03
4.004618152976036072e-03
4.001690074801445007e-03
4.004618152976036072e-03
3.998761996626853943e-03
3.988515119999647141e-03
3.997297957539558411e-03
3.995834849774837494e-03
3.994370810687541962e-03
3.978267777711153030e-03
3.989979159086942673e-03
3.988515119999647141e-03
3.992906771600246429e-03
3.988515119999647141e-03
3.970948979258537292e-03
3.985587973147630692e-03
3.987051080912351608e-03
3.988515119999647141e-03
3.985587973147630692e-03
3.985587973147630692e-03
3.989979159086942673e-03
3.992906771600246429e-03
3.991443198174238205e-03
3.968020901083946228e-03
3.988515119999647141e-03
3.998761996626853943e-03
3.997297957539558411e-03
3.995834849774837494e-03
3.998761996626853943e-03
3.998761996626853943e-03
4.001690074801445007e-03
3.998761996626853943e-03
4.000226035714149475e-03
3.994370810687541962e-03
3.997297957539558411e-03
3.994370810687541962e-03
3.997297957539558411e-03
3.998761996626853943e-03
4.009008873254060745e-03
4.001690074801445007e-03
3.975341096520423889e-03
3.982659894973039627e-03
3.976804204285144806e-03
3.985587973147630692e-03
3.982659894973039627e-03
3.981195855885744095e-03
3.988515119999647141e-03
3.991443198174238205e-03
3.994370810687541962e-03
3.989979159086942673e-03
3.991443198174238205e-03
3.987051080912351608e-03
3.985587973147630692e-03
3.988515119999647141e-03
3.984123934060335159e-03
3.987051080912351608e-03
3.995834849774837494e-03
4.000226035714149475e-03
3.998761996626853943e-03
4.001690074801445007e-03
3.994370810687541962e-03
3.995834849774837494e-03
3.994370810687541962e-03
4.003154113888740540e-03
3.995834849774837494e-03
3.997297957539558411e-03
3.998761996626853943e-03
3.997297957539558411e-03
3.997297957539558411e-03
3.988515119999647141e-03
3.998761996626853943e-03
3.998761996626853943e-03
3.978267777711153030e-03
3.985587973147630692e-03
3.982659894973039627e-03
3.985587973147630692e-03
3.978267777711153030e-03
3.994370810687541962e-03
3.976804204285144806e-03
3.985587973147630692e-03
3.988515119999647141e-03
3.987051080912351608e-03
3.988515119999647141e-03
3.989979159086942673e-03
3.988515119999647141e-03
3.985587973147630692e-03
3.991443198174238205e-03
3.985587973147630692e-03
3.988515119999647141e-03
