3.856767900288105011e-03
3.840666031464934349e-03
3.833347000181674957e-03
3.830418922007083893e-03
3.826027037575840950e-03
3.817243967205286026e-03
3.815779928117990494e-03
3.811388975009322166e-03
3.814315889030694962e-03
3.809924935922026634e-03
3.811388975009322166e-03
3.811388975009322166e-03
3.809924935922026634e-03
3.808460896834731102e-03
3.806997090578079224e-03
3.818708006292581558e-03
3.779184073209762573e-03
3.787966910749673843e-03
3.783575026318430901e-03
3.783575026318430901e-03
3.776255995035171509e-03
3.776255995035171509e-03
3.776255995035171509e-03
3.761617932468652725e-03
3.767472924664616585e-03
3.777720034122467041e-03
3.774791955947875977e-03
3.774791955947875977e-03
3.777720034122467041e-03
3.771865041926503181e-03
3.773329081013798714e-03
3.754297969862818718e-03
3.798214020207524300e-03
3.799678059294819832e-03
3.801142098382115364e-03
3.808460896834731102e-03
3.812853014096617699e-03
3.809924935922026634e-03
3.814315889030694962e-03
3.809924935922026634e-03
3.809924935922026634e-03
3.802605904638767242e-03
3.808460896834731102e-03
3.805533051490783691e-03
3.814315889030694962e-03
3.812853014096617699e-03
3.812853014096617699e-03
3.812853014096617699e-03
3.786503104493021965e-03
3.773329081013798714e-03
3.774791955947875977e-03
3.771865041926503181e-03
3.771865041926503181e-03
3.774791955947875977e-03
3.777720034122467041e-03
3.776255995035171509e-03
3.776255995035171509e-03
3.773329081013798714e-03
3.755762008950114250e-03
3.768936963751912117e-03
3.768936963751912117e-03
3.771865041926503181e-03
3.774791955947875977e-03
3.774791955947875977e-03
3.808460896834731102e-03
3.801142098382115364e-03
3.805533051490783691e-03
3.790894988924264908e-03
3.808460896834731102e-03
3.806997090578079224e-03
3.808460896834731102e-03
3.811388975009322166e-03
3.815779928117990494e-03
3.820172045379877090e-03
3.815779928117990494e-03
3.814315889030694962e-03
3.796749981120228767e-03
3.809924935922026634e-03
3.806997090578079224e-03
3.806997090578079224e-03
3.783575026318430901e-03
3.780648112297058105e-03
3.780648112297058105e-03
3.779184073209762573e-03
3.773329081013798714e-03
3.760153893381357193e-03
3.771865041926503181e-03
3.771865041926503181e-03
3.770401002839207649e-03
3.768936963751912117e-03
3.771865041926503181e-03
3.776255995035171509e-03
3.776255995035171509e-03
3.774791955947875977e-03
3.760153893381357193e-03
3.770401002839207649e-03
3.761617932468652725e-03
