3.745514899492263794e-03
3.785039065405726433e-03
3.830418922007083893e-03
3.861160017549991608e-03
3.880189964547753334e-03
3.894828958436846733e-03
3.909466788172721863e-03
3.913858905434608459e-03
3.929961007088422775e-03
3.925569821149110794e-03
3.903612028807401657e-03
3.922642208635807037e-03
3.924105782061815262e-03
3.919714130461215973e-03
3.925569821149110794e-03
3.925569821149110794e-03
3.839201992377638817e-03
3.790894988924264908e-03
3.783575026318430901e-03
3.767472924664616585e-03
3.776255995035171509e-03
3.780648112297058105e-03
3.782111918553709984e-03
3.783575026318430901e-03
3.783575026318430901e-03
3.782111918553709984e-03
3.779184073209762573e-03
3.785039065405726433e-03
3.774791955947875977e-03
3.783575026318430901e-03
3.782111918553709984e-03
3.777720034122467041e-03
3.808460896834731102e-03
3.850912908092141151e-03
3.878725925460457802e-03
3.893364919349551201e-03
3.899219911545515060e-03
3.899219911545515060e-03
3.919714130461215973e-03
3.927032928913831711e-03
3.928496968001127243e-03
3.929961007088422775e-03
3.928496968001127243e-03
3.924105782061815262e-03
3.924105782061815262e-03
3.919714130461215973e-03
3.921178169548511505e-03
3.912394866347312927e-03
3.811388975009322166e-03
3.786503104493021965e-03
3.777720034122467041e-03
3.779184073209762573e-03
3.783575026318430901e-03
3.785039065405726433e-03
3.786503104493021965e-03
3.785039065405726433e-03
3.767472924664616585e-03
3.779184073209762573e-03
3.780648112297058105e-03
3.780648112297058105e-03
3.779184073209762573e-03
3.785039065405726433e-03
3.780648112297058105e-03
3.785039065405726433e-03
3.827491076663136482e-03
3.845056984573602676e-03
3.880189964547753334e-03
3.896292066201567650e-03
3.903612028807401657e-03
3.909466788172721863e-03
3.925569821149110794e-03
3.924105782061815262e-03
3.928496968001127243e-03
3.924105782061815262e-03
3.931425046175718307e-03
3.919714130461215973e-03
3.922642208635807037e-03
3.919714130461215973e-03
3.918250091373920441e-03
3.925569821149110794e-03
3.808460896834731102e-03
3.783575026318430901e-03
3.776255995035171509e-03
3.767472924664616585e-03
3.776255995035171509e-03
3.777720034122467041e-03
3.782111918553709984e-03
3.780648112297058105e-03
3.782111918553709984e-03
3.779184073209762573e-03
3.779184073209762573e-03
3.779184073209762573e-03
3.783575026318430901e-03
3.776255995035171509e-03
3.779184073209762573e-03
3.783575026318430901e-03
3.662074916064739227e-03
