3.736732061952352524e-03
3.777720034122467041e-03
3.795285942032933235e-03
3.826027037575840950e-03
3.840666031464934349e-03
3.849449101835489273e-03
3.855304094031453133e-03
3.875798080116510391e-03
3.871406894177198410e-03
3.867015009745955467e-03
3.869943087920546532e-03
3.858231939375400543e-03
3.867015009745955467e-03
3.864088095724582672e-03
3.868479048833250999e-03
3.867015009745955467e-03
3.703062888234853745e-03
3.681106027215719223e-03
3.681106027215719223e-03
3.688425058498978615e-03
3.692816011607646942e-03
3.685496980324387550e-03
3.688425058498978615e-03
3.685496980324387550e-03
3.688425058498978615e-03
3.686961019411683083e-03
3.688425058498978615e-03
3.688425058498978615e-03
3.686961019411683083e-03
3.692816011607646942e-03
3.682568902149796486e-03
3.720629960298538208e-03
3.760153893381357193e-03
3.792359028011560440e-03
3.818708006292581558e-03
3.831882961094379425e-03
3.845056984573602676e-03
3.849449101835489273e-03
3.869943087920546532e-03
3.850912908092141151e-03
3.871406894177198410e-03
3.867015009745955467e-03
3.864088095724582672e-03
3.865550970658659935e-03
3.864088095724582672e-03
3.862624056637287140e-03
3.864088095724582672e-03
3.771865041926503181e-03
3.666467033326625824e-03
3.670858917757868767e-03
3.686961019411683083e-03
3.688425058498978615e-03
3.686961019411683083e-03
3.685496980324387550e-03
3.688425058498978615e-03
3.689889097586274147e-03
3.688425058498978615e-03
3.667931072413921356e-03
3.682568902149796486e-03
3.685496980324387550e-03
3.689889097586274147e-03
3.689889097586274147e-03
3.691352903842926025e-03
3.729413030669093132e-03
3.767472924664616585e-03
3.801142098382115364e-03
3.821636084467172623e-03
3.830418922007083893e-03
3.843594109639525414e-03
3.847985062748193741e-03
3.872870933264493942e-03
3.872870933264493942e-03
3.869943087920546532e-03
3.865550970658659935e-03
3.869943087920546532e-03
3.862624056637287140e-03
3.858231939375400543e-03
3.864088095724582672e-03
3.859695978462696075e-03
3.732341108843684196e-03
3.675250103697180748e-03
3.681106027215719223e-03
3.685496980324387550e-03
3.686961019411683083e-03
3.689889097586274147e-03
3.676713909953832626e-03
3.685496980324387550e-03
3.685496980324387550e-03
3.685496980324387550e-03
3.685496980324387550e-03
3.685496980324387550e-03
3.688425058498978615e-03
3.691352903842926025e-03
3.689889097586274147e-03
3.681106027215719223e-03
3.685496980324387550e-03
