3.754297969862818718e-03
3.948991186916828156e-03
3.951918799430131912e-03
3.962166141718626022e-03
3.968020901083946228e-03
3.969484940171241760e-03
3.970948979258537292e-03
3.969484940171241760e-03
3.970948979258537292e-03
3.956309985369443893e-03
3.979731816798448563e-03
3.978267777711153030e-03
3.976804204285144806e-03
3.973877057433128357e-03
3.975341096520423889e-03
3.976804204285144806e-03
3.968020901083946228e-03
4.007544834166765213e-03
4.022183828055858612e-03
4.049996845424175262e-03
4.060244187712669373e-03
4.073419142514467239e-03
4.071955103427171707e-03
4.069027025252580643e-03
4.077810794115066528e-03
4.074883181601762772e-03
4.073419142514467239e-03
4.061708226799964905e-03
4.071955103427171707e-03
4.073419142514467239e-03
4.077810794115066528e-03
4.079273901879787445e-03
4.061708226799964905e-03
4.016329068690538406e-03
3.998761996626853943e-03
3.984123934060335159e-03
3.969484940171241760e-03
3.976804204285144806e-03
3.979731816798448563e-03
3.982659894973039627e-03
3.979731816798448563e-03
3.976804204285144806e-03
3.982659894973039627e-03
3.976804204285144806e-03
3.975341096520423889e-03
3.969484940171241760e-03
3.970948979258537292e-03
3.973877057433128357e-03
3.978267777711153030e-03
4.010472912341356277e-03
4.041214007884263992e-03
4.057317040860652924e-03
4.060244187712669373e-03
4.070491064339876175e-03
4.064635839313268661e-03
4.069027025252580643e-03
4.071955103427171707e-03
4.070491064339876175e-03
4.071955103427171707e-03
4.074883181601762772e-03
4.076347220689058304e-03
4.079273901879787445e-03
4.073419142514467239e-03
4.070491064339876175e-03
4.045606125146150589e-03
4.009008873254060745e-03
3.992906771600246429e-03
3.982659894973039627e-03
3.987051080912351608e-03
3.982659894973039627e-03
3.981195855885744095e-03
3.957774024456739426e-03
3.973877057433128357e-03
3.978267777711153030e-03
3.976804204285144806e-03
3.972413018345832825e-03
3.973877057433128357e-03
3.979731816798448563e-03
3.979731816798448563e-03
3.978267777711153030e-03
3.994370810687541962e-03
4.014865029603242874e-03
4.039749968796968460e-03
4.054388962686061859e-03
4.063171800225973129e-03
4.064635839313268661e-03
4.069027025252580643e-03
4.070491064339876175e-03
4.077810794115066528e-03
4.061708226799964905e-03
4.074883181601762772e-03
4.071955103427171707e-03
4.079273901879787445e-03
4.074883181601762772e-03
4.073419142514467239e-03
4.076347220689058304e-03
4.152467008680105209e-03
