3.921178169548511505e-03
3.953382838517427444e-03
3.959238063544034958e-03
3.968020901083946228e-03
3.973877057433128357e-03
3.970948979258537292e-03
3.970948979258537292e-03
3.966556861996650696e-03
3.972413018345832825e-03
3.979731816798448563e-03
3.975341096520423889e-03
3.975341096520423889e-03
3.973877057433128357e-03
3.976804204285144806e-03
3.975341096520423889e-03
3.968020901083946228e-03
3.979731816798448563e-03
4.020719788968563080e-03
4.042678046971559525e-03
4.055853001773357391e-03
4.067563917487859726e-03
4.063171800225973129e-03
4.067563917487859726e-03
4.071955103427171707e-03
4.076347220689058304e-03
4.066099878400564194e-03
4.067563917487859726e-03
4.071955103427171707e-03
4.073419142514467239e-03
4.076347220689058304e-03
4.073419142514467239e-03
4.073419142514467239e-03
4.042678046971559525e-03
3.991443198174238205e-03
3.982659894973039627e-03
3.985587973147630692e-03
3.985587973147630692e-03
3.981195855885744095e-03
3.976804204285144806e-03
3.975341096520423889e-03
3.978267777711153030e-03
3.972413018345832825e-03
3.959238063544034958e-03
3.969484940171241760e-03
3.970948979258537292e-03
3.981195855885744095e-03
3.976804204285144806e-03
3.975341096520423889e-03
4.000226035714149475e-03
4.026575945317745209e-03
4.042678046971559525e-03
4.041214007884263992e-03
4.063171800225973129e-03
4.064635839313268661e-03
4.073419142514467239e-03
4.076347220689058304e-03
4.080737940967082977e-03
4.074883181601762772e-03
4.076347220689058304e-03
4.079273901879787445e-03
4.060244187712669373e-03
4.069027025252580643e-03
4.074883181601762772e-03
4.076347220689058304e-03
4.023647867143154144e-03
3.997297957539558411e-03
3.994370810687541962e-03
3.982659894973039627e-03
3.979731816798448563e-03
3.966556861996650696e-03
3.975341096520423889e-03
3.973877057433128357e-03
3.972413018345832825e-03
3.972413018345832825e-03
3.968020901083946228e-03
3.975341096520423889e-03
3.982659894973039627e-03
3.976804204285144806e-03
3.966556861996650696e-03
3.968020901083946228e-03
4.006082192063331604e-03
4.033895209431648254e-03
4.047070164233446121e-03
4.055853001773357391e-03
4.067563917487859726e-03
4.071955103427171707e-03
4.071955103427171707e-03
4.063171800225973129e-03
4.070491064339876175e-03
4.074883181601762772e-03
4.071955103427171707e-03
4.073419142514467239e-03
4.074883181601762772e-03
4.071955103427171707e-03
4.076347220689058304e-03
4.077810794115066528e-03
4.085130058228969574e-03
