3.798214020207524300e-03
3.801142098382115364e-03
3.830418922007083893e-03
3.853840986266732216e-03
3.881654003635048866e-03
3.900683950632810593e-03
3.908003214746713638e-03
3.912394866347312927e-03
3.928496968001127243e-03
3.927032928913831711e-03
3.925569821149110794e-03
3.922642208635807037e-03
3.909466788172721863e-03
3.921178169548511505e-03
3.927032928913831711e-03
3.928496968001127243e-03
3.828955115750432014e-03
3.789430949836969376e-03
3.782111918553709984e-03
3.780648112297058105e-03
3.780648112297058105e-03
3.773329081013798714e-03
3.782111918553709984e-03
3.777720034122467041e-03
3.786503104493021965e-03
3.787966910749673843e-03
3.783575026318430901e-03
3.782111918553709984e-03
3.785039065405726433e-03
3.782111918553709984e-03
3.766008885577321053e-03
3.779184073209762573e-03
3.818708006292581558e-03
3.856767900288105011e-03
3.881654003635048866e-03
3.897756105288863182e-03
3.906539175659418106e-03
3.912394866347312927e-03
3.925569821149110794e-03
3.919714130461215973e-03
3.922642208635807037e-03
3.922642208635807037e-03
3.924105782061815262e-03
3.921178169548511505e-03
3.925569821149110794e-03
3.921178169548511505e-03
3.922642208635807037e-03
3.924105782061815262e-03
3.798214020207524300e-03
3.779184073209762573e-03
3.776255995035171509e-03
3.777720034122467041e-03
3.776255995035171509e-03
3.783575026318430901e-03
3.785039065405726433e-03
3.783575026318430901e-03
3.782111918553709984e-03
3.767472924664616585e-03
3.780648112297058105e-03
3.779184073209762573e-03
3.785039065405726433e-03
3.783575026318430901e-03
3.783575026318430901e-03
3.776255995035171509e-03
3.833347000181674957e-03
3.864088095724582672e-03
3.864088095724582672e-03
3.893364919349551201e-03
3.903612028807401657e-03
3.910930827260017395e-03
3.927032928913831711e-03
3.929961007088422775e-03
3.927032928913831711e-03
3.924105782061815262e-03
3.927032928913831711e-03
3.900683950632810593e-03
3.916786052286624908e-03
3.924105782061815262e-03
3.919714130461215973e-03
3.916786052286624908e-03
3.796749981120228767e-03
3.782111918553709984e-03
3.783575026318430901e-03
3.777720034122467041e-03
3.785039065405726433e-03
3.773329081013798714e-03
3.779184073209762573e-03
3.780648112297058105e-03
3.785039065405726433e-03
3.785039065405726433e-03
3.787966910749673843e-03
3.786503104493021965e-03
3.780648112297058105e-03
3.783575026318430901e-03
3.773329081013798714e-03
3.777720034122467041e-03
3.660612041130661964e-03
