3.795285942032933235e-03
3.804069012403488159e-03
3.843594109639525414e-03
3.869943087920546532e-03
3.886044956743717194e-03
3.896292066201567650e-03
3.910930827260017395e-03
3.921178169548511505e-03
3.931425046175718307e-03
3.925569821149110794e-03
3.910930827260017395e-03
3.919714130461215973e-03
3.919714130461215973e-03
3.921178169548511505e-03
3.924105782061815262e-03
3.924105782061815262e-03
3.802605904638767242e-03
3.787966910749673843e-03
3.777720034122467041e-03
3.774791955947875977e-03
3.782111918553709984e-03
3.780648112297058105e-03
3.779184073209762573e-03
3.782111918553709984e-03
3.783575026318430901e-03
3.782111918553709984e-03
3.782111918553709984e-03
3.783575026318430901e-03
3.774791955947875977e-03
3.779184073209762573e-03
3.782111918553709984e-03
3.779184073209762573e-03
3.830418922007083893e-03
3.865550970658659935e-03
3.883118042722344398e-03
3.900683950632810593e-03
3.906539175659418106e-03
3.912394866347312927e-03
3.922642208635807037e-03
3.925569821149110794e-03
3.921178169548511505e-03
3.924105782061815262e-03
3.919714130461215973e-03
3.927032928913831711e-03
3.925569821149110794e-03
3.925569821149110794e-03
3.924105782061815262e-03
3.913858905434608459e-03
3.792359028011560440e-03
3.779184073209762573e-03
3.782111918553709984e-03
3.774791955947875977e-03
3.779184073209762573e-03
3.785039065405726433e-03
3.780648112297058105e-03
3.782111918553709984e-03
3.773329081013798714e-03
3.783575026318430901e-03
3.780648112297058105e-03
3.777720034122467041e-03
3.779184073209762573e-03
3.785039065405726433e-03
3.783575026318430901e-03
3.783575026318430901e-03
3.846521023660898209e-03
3.862624056637287140e-03
3.887508995831012726e-03
3.900683950632810593e-03
3.902147989720106125e-03
3.915322944521903992e-03
3.924105782061815262e-03
3.924105782061815262e-03
3.929961007088422775e-03
3.925569821149110794e-03
3.912394866347312927e-03
3.921178169548511505e-03
3.916786052286624908e-03
3.919714130461215973e-03
3.919714130461215973e-03
3.834810107946395874e-03
3.792359028011560440e-03
3.783575026318430901e-03
3.780648112297058105e-03
3.767472924664616585e-03
3.776255995035171509e-03
3.779184073209762573e-03
3.780648112297058105e-03
3.779184073209762573e-03
3.779184073209762573e-03
3.776255995035171509e-03
3.782111918553709984e-03
3.785039065405726433e-03
3.760153893381357193e-03
3.780648112297058105e-03
3.779184073209762573e-03
3.780648112297058105e-03
3.666467033326625824e-03
