3.850912908092141151e-03
3.839201992377638817e-03
3.831882961094379425e-03
3.820172045379877090e-03
3.820172045379877090e-03
3.815779928117990494e-03
3.820172045379877090e-03
3.815779928117990494e-03
3.812853014096617699e-03
3.812853014096617699e-03
3.808460896834731102e-03
3.814315889030694962e-03
3.814315889030694962e-03
3.811388975009322166e-03
3.811388975009322166e-03
3.811388975009322166e-03
3.787966910749673843e-03
3.780648112297058105e-03
3.783575026318430901e-03
3.779184073209762573e-03
3.773329081013798714e-03
3.766008885577321053e-03
3.770401002839207649e-03
3.779184073209762573e-03
3.776255995035171509e-03
3.779184073209762573e-03
3.771865041926503181e-03
3.771865041926503181e-03
3.771865041926503181e-03
3.752835094928741455e-03
3.774791955947875977e-03
3.771865041926503181e-03
3.804069012403488159e-03
3.802605904638767242e-03
3.799678059294819832e-03
3.809924935922026634e-03
3.812853014096617699e-03
3.811388975009322166e-03
3.785039065405726433e-03
3.805533051490783691e-03
3.802605904638767242e-03
3.806997090578079224e-03
3.815779928117990494e-03
3.811388975009322166e-03
3.814315889030694962e-03
3.809924935922026634e-03
3.809924935922026634e-03
3.780648112297058105e-03
3.777720034122467041e-03
3.779184073209762573e-03
3.777720034122467041e-03
3.773329081013798714e-03
3.782111918553709984e-03
3.779184073209762573e-03
3.776255995035171509e-03
3.773329081013798714e-03
3.760153893381357193e-03
3.764545079320669174e-03
3.770401002839207649e-03
3.780648112297058105e-03
3.771865041926503181e-03
3.773329081013798714e-03
3.771865041926503181e-03
3.793821902945637703e-03
3.799678059294819832e-03
3.785039065405726433e-03
3.808460896834731102e-03
3.805533051490783691e-03
3.809924935922026634e-03
3.806997090578079224e-03
3.806997090578079224e-03
3.814315889030694962e-03
3.814315889030694962e-03
3.808460896834731102e-03
3.805533051490783691e-03
3.806997090578079224e-03
3.817243967205286026e-03
3.811388975009322166e-03
3.814315889030694962e-03
3.776255995035171509e-03
3.789430949836969376e-03
3.789430949836969376e-03
3.779184073209762573e-03
3.779184073209762573e-03
3.768936963751912117e-03
3.774791955947875977e-03
3.770401002839207649e-03
3.770401002839207649e-03
3.776255995035171509e-03
3.771865041926503181e-03
3.771865041926503181e-03
3.770401002839207649e-03
3.757226048037409782e-03
3.767472924664616585e-03
3.773329081013798714e-03
3.771865041926503181e-03
3.799678059294819832e-03
