4.025111906230449677e-03
3.975341096520423889e-03
3.994370810687541962e-03
3.989979159086942673e-03
3.989979159086942673e-03
3.992906771600246429e-03
4.004618152976036072e-03
3.998761996626853943e-03
4.001690074801445007e-03
4.000226035714149475e-03
3.998761996626853943e-03
3.994370810687541962e-03
4.001690074801445007e-03
3.994370810687541962e-03
3.995834849774837494e-03
4.000226035714149475e-03
3.984123934060335159e-03
3.985587973147630692e-03
3.988515119999647141e-03
3.989979159086942673e-03
3.982659894973039627e-03
3.987051080912351608e-03
3.987051080912351608e-03
3.985587973147630692e-03
3.988515119999647141e-03
3.987051080912351608e-03
3.991443198174238205e-03
3.989979159086942673e-03
3.992906771600246429e-03
3.985587973147630692e-03
3.988515119999647141e-03
3.989979159086942673e-03
4.004618152976036072e-03
3.998761996626853943e-03
3.997297957539558411e-03
3.994370810687541962e-03
4.004618152976036072e-03
3.998761996626853943e-03
3.994370810687541962e-03
3.998761996626853943e-03
3.998761996626853943e-03
3.997297957539558411e-03
3.997297957539558411e-03
3.997297957539558411e-03
3.992906771600246429e-03
3.997297957539558411e-03
3.997297957539558411e-03
3.988515119999647141e-03
3.984123934060335159e-03
3.985587973147630692e-03
3.985587973147630692e-03
3.982659894973039627e-03
3.985587973147630692e-03
3.985587973147630692e-03
3.982659894973039627e-03
3.991443198174238205e-03
3.975341096520423889e-03
3.987051080912351608e-03
3.985587973147630692e-03
3.987051080912351608e-03
3.985587973147630692e-03
3.988515119999647141e-03
3.989979159086942673e-03
3.988515119999647141e-03
4.001690074801445007e-03
3.985587973147630692e-03
3.994370810687541962e-03
4.004618152976036072e-03
4.000226035714149475e-03
3.998761996626853943e-03
3.995834849774837494e-03
3.995834849774837494e-03
4.000226035714149475e-03
3.998761996626853943e-03
3.985587973147630692e-03
3.994370810687541962e-03
3.998761996626853943e-03
3.997297957539558411e-03
4.000226035714149475e-03
3.997297957539558411e-03
3.984123934060335159e-03
3.988515119999647141e-03
3.985587973147630692e-03
3.968020901083946228e-03
3.982659894973039627e-03
3.988515119999647141e-03
3.989979159086942673e-03
3.988515119999647141e-03
3.987051080912351608e-03
3.987051080912351608e-03
3.985587973147630692e-03
3.987051080912351608e-03
3.965094219893217087e-03
3.982659894973039627e-03
3.989979159086942673e-03
3.989979159086942673e-03
3.893364919349551201e-03
