3.921178169548511505e-03
3.944600000977516174e-03
3.943135961890220642e-03
3.968020901083946228e-03
3.972413018345832825e-03
3.973877057433128357e-03
3.972413018345832825e-03
3.973877057433128357e-03
3.975341096520423889e-03
3.975341096520423889e-03
3.975341096520423889e-03
3.956309985369443893e-03
3.972413018345832825e-03
3.975341096520423889e-03
3.976804204285144806e-03
3.978267777711153030e-03
3.981195855885744095e-03
4.016329068690538406e-03
4.035358782857656479e-03
4.054388962686061859e-03
4.041214007884263992e-03
4.066099878400564194e-03
4.077810794115066528e-03
4.071955103427171707e-03
4.076347220689058304e-03
4.073419142514467239e-03
4.076347220689058304e-03
4.073419142514467239e-03
4.076347220689058304e-03
4.069027025252580643e-03
4.076347220689058304e-03
4.085130058228969574e-03
4.058780148625373840e-03
4.013400990515947342e-03
3.998761996626853943e-03
3.988515119999647141e-03
3.979731816798448563e-03
3.981195855885744095e-03
3.969484940171241760e-03
3.973877057433128357e-03
3.973877057433128357e-03
3.973877057433128357e-03
3.979731816798448563e-03
3.979731816798448563e-03
3.978267777711153030e-03
3.976804204285144806e-03
3.976804204285144806e-03
3.970948979258537292e-03
3.989979159086942673e-03
4.016329068690538406e-03
4.038285929709672928e-03
4.051460884511470795e-03
4.066099878400564194e-03
4.070491064339876175e-03
4.073419142514467239e-03
4.073419142514467239e-03
4.066099878400564194e-03
4.074883181601762772e-03
4.076347220689058304e-03
4.073419142514467239e-03
4.070491064339876175e-03
4.073419142514467239e-03
4.074883181601762772e-03
4.079273901879787445e-03
4.028039053082466125e-03
4.006082192063331604e-03
3.989979159086942673e-03
3.982659894973039627e-03
3.978267777711153030e-03
3.978267777711153030e-03
3.975341096520423889e-03
3.970948979258537292e-03
3.976804204285144806e-03
3.951918799430131912e-03
3.975341096520423889e-03
3.978267777711153030e-03
3.976804204285144806e-03
3.975341096520423889e-03
3.973877057433128357e-03
3.972413018345832825e-03
3.997297957539558411e-03
4.022183828055858612e-03
4.017792176455259323e-03
4.054388962686061859e-03
4.069027025252580643e-03
4.069027025252580643e-03
4.071955103427171707e-03
4.073419142514467239e-03
4.079273901879787445e-03
4.073419142514467239e-03
4.073419142514467239e-03
4.060244187712669373e-03
4.074883181601762772e-03
4.071955103427171707e-03
4.083666019141674042e-03
4.076347220689058304e-03
4.136364907026290894e-03
