3.787966910749673843e-03
3.808460896834731102e-03
3.845056984573602676e-03
3.865550970658659935e-03
3.891901113092899323e-03
3.903612028807401657e-03
3.909466788172721863e-03
3.909466788172721863e-03
3.925569821149110794e-03
3.924105782061815262e-03
3.924105782061815262e-03
3.924105782061815262e-03
3.924105782061815262e-03
3.922642208635807037e-03
3.922642208635807037e-03
3.927032928913831711e-03
3.802605904638767242e-03
3.774791955947875977e-03
3.780648112297058105e-03
3.780648112297058105e-03
3.786503104493021965e-03
3.780648112297058105e-03
3.783575026318430901e-03
3.780648112297058105e-03
3.783575026318430901e-03
3.764545079320669174e-03
3.785039065405726433e-03
3.782111918553709984e-03
3.787966910749673843e-03
3.782111918553709984e-03
3.783575026318430901e-03
3.782111918553709984e-03
3.834810107946395874e-03
3.864088095724582672e-03
3.886044956743717194e-03
3.891901113092899323e-03
3.903612028807401657e-03
3.909466788172721863e-03
3.928496968001127243e-03
3.924105782061815262e-03
3.922642208635807037e-03
3.925569821149110794e-03
3.924105782061815262e-03
3.922642208635807037e-03
3.913858905434608459e-03
3.921178169548511505e-03
3.921178169548511505e-03
3.916786052286624908e-03
3.796749981120228767e-03
3.782111918553709984e-03
3.780648112297058105e-03
3.780648112297058105e-03
3.780648112297058105e-03
3.770401002839207649e-03
3.779184073209762573e-03
3.787966910749673843e-03
3.783575026318430901e-03
3.782111918553709984e-03
3.783575026318430901e-03
3.779184073209762573e-03
3.780648112297058105e-03
3.780648112297058105e-03
3.770401002839207649e-03
3.779184073209762573e-03
3.845056984573602676e-03
3.869943087920546532e-03
3.887508995831012726e-03
3.896292066201567650e-03
3.905076067894697189e-03
3.910930827260017395e-03
3.934353124350309372e-03
3.924105782061815262e-03
3.924105782061815262e-03
3.924105782061815262e-03
3.927032928913831711e-03
3.919714130461215973e-03
3.918250091373920441e-03
3.919714130461215973e-03
3.924105782061815262e-03
3.922642208635807037e-03
3.771865041926503181e-03
3.773329081013798714e-03
3.774791955947875977e-03
3.782111918553709984e-03
3.785039065405726433e-03
3.782111918553709984e-03
3.779184073209762573e-03
3.779184073209762573e-03
3.780648112297058105e-03
3.766008885577321053e-03
3.776255995035171509e-03
3.777720034122467041e-03
3.780648112297058105e-03
3.783575026318430901e-03
3.782111918553709984e-03
3.779184073209762573e-03
3.663538955152034760e-03
