3.730877069756388664e-03
3.758690087124705315e-03
3.789430949836969376e-03
3.814315889030694962e-03
3.836273914203047752e-03
3.843594109639525414e-03
3.856767900288105011e-03
3.861160017549991608e-03
3.865550970658659935e-03
3.867015009745955467e-03
3.868479048833250999e-03
3.868479048833250999e-03
3.865550970658659935e-03
3.868479048833250999e-03
3.864088095724582672e-03
3.865550970658659935e-03
3.714774036779999733e-03
3.681106027215719223e-03
3.692816011607646942e-03
3.685496980324387550e-03
3.692816011607646942e-03
3.689889097586274147e-03
3.688425058498978615e-03
3.688425058498978615e-03
3.688425058498978615e-03
3.676713909953832626e-03
3.691352903842926025e-03
3.697207896038889885e-03
3.689889097586274147e-03
3.689889097586274147e-03
3.692816011607646942e-03
3.691352903842926025e-03
3.736732061952352524e-03
3.779184073209762573e-03
3.789430949836969376e-03
3.824562998488545418e-03
3.839201992377638817e-03
3.849449101835489273e-03
3.858231939375400543e-03
3.874334972351789474e-03
3.874334972351789474e-03
3.865550970658659935e-03
3.869943087920546532e-03
3.868479048833250999e-03
3.859695978462696075e-03
3.862624056637287140e-03
3.862624056637287140e-03
3.865550970658659935e-03
3.717702114954590797e-03
3.684032941237092018e-03
3.686961019411683083e-03
3.684032941237092018e-03
3.686961019411683083e-03
3.679641988128423691e-03
3.685496980324387550e-03
3.688425058498978615e-03
3.688425058498978615e-03
3.692816011607646942e-03
3.689889097586274147e-03
3.692816011607646942e-03
3.689889097586274147e-03
3.691352903842926025e-03
3.681106027215719223e-03
3.694280050694942474e-03
3.746978938579559326e-03
3.782111918553709984e-03
3.808460896834731102e-03
3.828955115750432014e-03
3.842130070552229881e-03
3.853840986266732216e-03
3.862624056637287140e-03
3.867015009745955467e-03
3.869943087920546532e-03
3.867015009745955467e-03
3.862624056637287140e-03
3.865550970658659935e-03
3.861160017549991608e-03
3.865550970658659935e-03
3.869943087920546532e-03
3.865550970658659935e-03
3.703062888234853745e-03
3.675250103697180748e-03
3.684032941237092018e-03
3.685496980324387550e-03
3.684032941237092018e-03
3.691352903842926025e-03
3.686961019411683083e-03
3.691352903842926025e-03
3.689889097586274147e-03
3.678177949041128159e-03
3.689889097586274147e-03
3.686961019411683083e-03
3.689889097586274147e-03
3.689889097586274147e-03
3.688425058498978615e-03
3.686961019411683083e-03
3.697207896038889885e-03
