3.963630180805921555e-03
3.941671922802925110e-03
3.956309985369443893e-03
3.960702102631330490e-03
3.966556861996650696e-03
3.970948979258537292e-03
3.972413018345832825e-03
3.976804204285144806e-03
3.973877057433128357e-03
3.978267777711153030e-03
3.970948979258537292e-03
3.975341096520423889e-03
3.970948979258537292e-03
3.975341096520423889e-03
3.970948979258537292e-03
3.972413018345832825e-03
3.981195855885744095e-03
4.025111906230449677e-03
4.041214007884263992e-03
4.045606125146150589e-03
4.060244187712669373e-03
4.066099878400564194e-03
4.071955103427171707e-03
4.071955103427171707e-03
4.070491064339876175e-03
4.069027025252580643e-03
4.067563917487859726e-03
4.069027025252580643e-03
4.073419142514467239e-03
4.074883181601762772e-03
4.074883181601762772e-03
4.074883181601762772e-03
4.041214007884263992e-03
4.006082192063331604e-03
3.991443198174238205e-03
3.981195855885744095e-03
3.975341096520423889e-03
3.972413018345832825e-03
3.976804204285144806e-03
3.975341096520423889e-03
3.972413018345832825e-03
3.972413018345832825e-03
3.972413018345832825e-03
3.973877057433128357e-03
3.975341096520423889e-03
3.976804204285144806e-03
3.975341096520423889e-03
3.975341096520423889e-03
3.995834849774837494e-03
4.025111906230449677e-03
4.044142086058855057e-03
4.051460884511470795e-03
4.066099878400564194e-03
4.067563917487859726e-03
4.055853001773357391e-03
4.073419142514467239e-03
4.074883181601762772e-03
4.073419142514467239e-03
4.074883181601762772e-03
4.073419142514467239e-03
4.074883181601762772e-03
4.073419142514467239e-03
4.070491064339876175e-03
4.057317040860652924e-03
4.025111906230449677e-03
4.003154113888740540e-03
3.988515119999647141e-03
3.984123934060335159e-03
3.978267777711153030e-03
3.973877057433128357e-03
3.976804204285144806e-03
3.975341096520423889e-03
3.962166141718626022e-03
3.975341096520423889e-03
3.975341096520423889e-03
3.975341096520423889e-03
3.975341096520423889e-03
3.975341096520423889e-03
3.973877057433128357e-03
3.979731816798448563e-03
4.000226035714149475e-03
4.013400990515947342e-03
4.045606125146150589e-03
4.058780148625373840e-03
4.070491064339876175e-03
4.067563917487859726e-03
4.069027025252580643e-03
4.076347220689058304e-03
4.076347220689058304e-03
4.071955103427171707e-03
4.066099878400564194e-03
4.071955103427171707e-03
4.080737940967082977e-03
4.073419142514467239e-03
4.077810794115066528e-03
4.074883181601762772e-03
4.086594097316265106e-03
