3.906539175659418106e-03
3.883118042722344398e-03
3.886044956743717194e-03
3.897756105288863182e-03
3.894828958436846733e-03
3.910930827260017395e-03
3.916786052286624908e-03
3.915322944521903992e-03
3.919714130461215973e-03
3.919714130461215973e-03
3.915322944521903992e-03
3.918250091373920441e-03
3.924105782061815262e-03
3.924105782061815262e-03
3.915322944521903992e-03
3.918250091373920441e-03
3.888973034918308258e-03
3.884582081809639931e-03
3.880189964547753334e-03
3.877261886373162270e-03
3.878725925460457802e-03
3.884582081809639931e-03
3.875798080116510391e-03
3.874334972351789474e-03
3.872870933264493942e-03
3.878725925460457802e-03
3.877261886373162270e-03
3.871406894177198410e-03
3.872870933264493942e-03
3.871406894177198410e-03
3.869943087920546532e-03
3.853840986266732216e-03
3.896292066201567650e-03
3.908003214746713638e-03
3.913858905434608459e-03
3.916786052286624908e-03
3.924105782061815262e-03
3.918250091373920441e-03
3.916786052286624908e-03
3.918250091373920441e-03
3.906539175659418106e-03
3.915322944521903992e-03
3.919714130461215973e-03
3.919714130461215973e-03
3.919714130461215973e-03
3.918250091373920441e-03
3.918250091373920441e-03
3.916786052286624908e-03
3.886044956743717194e-03
3.871406894177198410e-03
3.877261886373162270e-03
3.883118042722344398e-03
3.880189964547753334e-03
3.875798080116510391e-03
3.877261886373162270e-03
3.877261886373162270e-03
3.875798080116510391e-03
3.877261886373162270e-03
3.867015009745955467e-03
3.871406894177198410e-03
3.872870933264493942e-03
3.877261886373162270e-03
3.872870933264493942e-03
3.877261886373162270e-03
3.896292066201567650e-03
3.903612028807401657e-03
3.890437074005603790e-03
3.908003214746713638e-03
3.912394866347312927e-03
3.915322944521903992e-03
3.921178169548511505e-03
3.921178169548511505e-03
3.916786052286624908e-03
3.918250091373920441e-03
3.918250091373920441e-03
3.900683950632810593e-03
3.913858905434608459e-03
3.912394866347312927e-03
3.913858905434608459e-03
3.919714130461215973e-03
3.887508995831012726e-03
3.883118042722344398e-03
3.880189964547753334e-03
3.877261886373162270e-03
3.862624056637287140e-03
3.874334972351789474e-03
3.872870933264493942e-03
3.871406894177198410e-03
3.868479048833250999e-03
3.869943087920546532e-03
3.875798080116510391e-03
3.872870933264493942e-03
3.874334972351789474e-03
3.856767900288105011e-03
3.868479048833250999e-03
3.872870933264493942e-03
3.793821902945637703e-03
