3.774791955947875977e-03
3.821636084467172623e-03
3.852376947179436684e-03
3.877261886373162270e-03
3.893364919349551201e-03
3.902147989720106125e-03
3.910930827260017395e-03
3.918250091373920441e-03
3.929961007088422775e-03
3.927032928913831711e-03
3.931425046175718307e-03
3.928496968001127243e-03
3.925569821149110794e-03
3.927032928913831711e-03
3.922642208635807037e-03
3.929961007088422775e-03
3.789430949836969376e-03
3.777720034122467041e-03
3.777720034122467041e-03
3.777720034122467041e-03
3.776255995035171509e-03
3.780648112297058105e-03
3.785039065405726433e-03
3.783575026318430901e-03
3.780648112297058105e-03
3.763081971555948257e-03
3.777720034122467041e-03
3.779184073209762573e-03
3.780648112297058105e-03
3.774791955947875977e-03
3.776255995035171509e-03
3.785039065405726433e-03
3.842130070552229881e-03
3.867015009745955467e-03
3.868479048833250999e-03
3.894828958436846733e-03
3.903612028807401657e-03
3.915322944521903992e-03
3.927032928913831711e-03
3.925569821149110794e-03
3.927032928913831711e-03
3.924105782061815262e-03
3.924105782061815262e-03
3.925569821149110794e-03
3.919714130461215973e-03
3.921178169548511505e-03
3.922642208635807037e-03
3.922642208635807037e-03
3.795285942032933235e-03
3.782111918553709984e-03
3.786503104493021965e-03
3.785039065405726433e-03
3.780648112297058105e-03
3.773329081013798714e-03
3.779184073209762573e-03
3.779184073209762573e-03
3.782111918553709984e-03
3.779184073209762573e-03
3.779184073209762573e-03
3.785039065405726433e-03
3.783575026318430901e-03
3.782111918553709984e-03
3.776255995035171509e-03
3.821636084467172623e-03
3.847985062748193741e-03
3.869943087920546532e-03
3.886044956743717194e-03
3.897756105288863182e-03
3.906539175659418106e-03
3.918250091373920441e-03
3.934353124350309372e-03
3.919714130461215973e-03
3.925569821149110794e-03
3.922642208635807037e-03
3.922642208635807037e-03
3.922642208635807037e-03
3.919714130461215973e-03
3.919714130461215973e-03
3.918250091373920441e-03
3.842130070552229881e-03
3.786503104493021965e-03
3.777720034122467041e-03
3.782111918553709984e-03
3.779184073209762573e-03
3.779184073209762573e-03
3.776255995035171509e-03
3.776255995035171509e-03
3.779184073209762573e-03
3.782111918553709984e-03
3.767472924664616585e-03
3.782111918553709984e-03
3.779184073209762573e-03
3.780648112297058105e-03
3.779184073209762573e-03
3.783575026318430901e-03
3.777720034122467041e-03
3.669395111501216888e-03
