3.793821902945637703e-03
3.818708006292581558e-03
3.853840986266732216e-03
3.880189964547753334e-03
3.883118042722344398e-03
3.903612028807401657e-03
3.910930827260017395e-03
3.921178169548511505e-03
3.927032928913831711e-03
3.929961007088422775e-03
3.929961007088422775e-03
3.929961007088422775e-03
3.925569821149110794e-03
3.918250091373920441e-03
3.918250091373920441e-03
3.922642208635807037e-03
3.793821902945637703e-03
3.780648112297058105e-03
3.776255995035171509e-03
3.785039065405726433e-03
3.783575026318430901e-03
3.783575026318430901e-03
3.767472924664616585e-03
3.776255995035171509e-03
3.785039065405726433e-03
3.780648112297058105e-03
3.777720034122467041e-03
3.779184073209762573e-03
3.782111918553709984e-03
3.786503104493021965e-03
3.786503104493021965e-03
3.785039065405726433e-03
3.836273914203047752e-03
3.869943087920546532e-03
3.886044956743717194e-03
3.896292066201567650e-03
3.905076067894697189e-03
3.916786052286624908e-03
3.929961007088422775e-03
3.929961007088422775e-03
3.925569821149110794e-03
3.918250091373920441e-03
3.925569821149110794e-03
3.922642208635807037e-03
3.925569821149110794e-03
3.922642208635807037e-03
3.922642208635807037e-03
3.899219911545515060e-03
3.789430949836969376e-03
3.783575026318430901e-03
3.768936963751912117e-03
3.780648112297058105e-03
3.782111918553709984e-03
3.783575026318430901e-03
3.782111918553709984e-03
3.779184073209762573e-03
3.782111918553709984e-03
3.779184073209762573e-03
3.786503104493021965e-03
3.768936963751912117e-03
3.782111918553709984e-03
3.777720034122467041e-03
3.779184073209762573e-03
3.814315889030694962e-03
3.847985062748193741e-03
3.875798080116510391e-03
3.887508995831012726e-03
3.900683950632810593e-03
3.902147989720106125e-03
3.918250091373920441e-03
3.924105782061815262e-03
3.928496968001127243e-03
3.925569821149110794e-03
3.925569821149110794e-03
3.924105782061815262e-03
3.924105782061815262e-03
3.925569821149110794e-03
3.924105782061815262e-03
3.919714130461215973e-03
3.824562998488545418e-03
3.787966910749673843e-03
3.780648112297058105e-03
3.782111918553709984e-03
3.780648112297058105e-03
3.779184073209762573e-03
3.776255995035171509e-03
3.776255995035171509e-03
3.777720034122467041e-03
3.777720034122467041e-03
3.782111918553709984e-03
3.779184073209762573e-03
3.779184073209762573e-03
3.777720034122467041e-03
3.777720034122467041e-03
3.779184073209762573e-03
3.777720034122467041e-03
3.653292078524827957e-03
