3.954846877604722977e-03
3.944600000977516174e-03
3.954846877604722977e-03
3.966556861996650696e-03
3.966556861996650696e-03
3.968020901083946228e-03
3.966556861996650696e-03
3.973877057433128357e-03
3.959238063544034958e-03
3.978267777711153030e-03
3.979731816798448563e-03
3.975341096520423889e-03
3.973877057433128357e-03
3.970948979258537292e-03
3.973877057433128357e-03
3.970948979258537292e-03
3.976804204285144806e-03
3.995834849774837494e-03
4.035358782857656479e-03
4.049996845424175262e-03
4.057317040860652924e-03
4.064635839313268661e-03
4.069027025252580643e-03
4.076347220689058304e-03
4.073419142514467239e-03
4.071955103427171707e-03
4.057317040860652924e-03
4.066099878400564194e-03
4.073419142514467239e-03
4.070491064339876175e-03
4.077810794115066528e-03
4.079273901879787445e-03
4.047070164233446121e-03
4.010472912341356277e-03
3.992906771600246429e-03
3.972413018345832825e-03
3.976804204285144806e-03
3.979731816798448563e-03
3.978267777711153030e-03
3.978267777711153030e-03
3.976804204285144806e-03
3.972413018345832825e-03
3.972413018345832825e-03
3.978267777711153030e-03
3.966556861996650696e-03
3.978267777711153030e-03
3.973877057433128357e-03
3.976804204285144806e-03
3.982659894973039627e-03
4.017792176455259323e-03
4.042678046971559525e-03
4.055853001773357391e-03
4.064635839313268661e-03
4.060244187712669373e-03
4.069027025252580643e-03
4.070491064339876175e-03
4.070491064339876175e-03
4.074883181601762772e-03
4.074883181601762772e-03
4.077810794115066528e-03
4.073419142514467239e-03
4.073419142514467239e-03
4.069027025252580643e-03
4.070491064339876175e-03
4.044142086058855057e-03
4.009008873254060745e-03
3.989979159086942673e-03
3.982659894973039627e-03
3.981195855885744095e-03
3.975341096520423889e-03
3.960702102631330490e-03
3.969484940171241760e-03
3.981195855885744095e-03
3.978267777711153030e-03
3.973877057433128357e-03
3.976804204285144806e-03
3.975341096520423889e-03
3.978267777711153030e-03
3.979731816798448563e-03
3.981195855885744095e-03
3.997297957539558411e-03
4.026575945317745209e-03
4.044142086058855057e-03
4.055853001773357391e-03
4.064635839313268661e-03
4.064635839313268661e-03
4.073419142514467239e-03
4.074883181601762772e-03
4.054388962686061859e-03
4.073419142514467239e-03
4.070491064339876175e-03
4.074883181601762772e-03
4.074883181601762772e-03
4.076347220689058304e-03
4.074883181601762772e-03
4.080737940967082977e-03
4.069027025252580643e-03
