3.782111918553709984e-03
3.817243967205286026e-03
3.837737953290343285e-03
3.875798080116510391e-03
3.896292066201567650e-03
3.899219911545515060e-03
3.909466788172721863e-03
3.925569821149110794e-03
3.927032928913831711e-03
3.924105782061815262e-03
3.924105782061815262e-03
3.913858905434608459e-03
3.921178169548511505e-03
3.925569821149110794e-03
3.924105782061815262e-03
3.922642208635807037e-03
3.799678059294819832e-03
3.782111918553709984e-03
3.780648112297058105e-03
3.782111918553709984e-03
3.768936963751912117e-03
3.779184073209762573e-03
3.777720034122467041e-03
3.780648112297058105e-03
3.782111918553709984e-03
3.780648112297058105e-03
3.779184073209762573e-03
3.782111918553709984e-03
3.783575026318430901e-03
3.770401002839207649e-03
3.777720034122467041e-03
3.779184073209762573e-03
3.850912908092141151e-03
3.872870933264493942e-03
3.891901113092899323e-03
3.900683950632810593e-03
3.908003214746713638e-03
3.913858905434608459e-03
3.916786052286624908e-03
3.922642208635807037e-03
3.922642208635807037e-03
3.921178169548511505e-03
3.925569821149110794e-03
3.922642208635807037e-03
3.922642208635807037e-03
3.924105782061815262e-03
3.924105782061815262e-03
3.856767900288105011e-03
3.789430949836969376e-03
3.777720034122467041e-03
3.780648112297058105e-03
3.782111918553709984e-03
3.790894988924264908e-03
3.783575026318430901e-03
3.787966910749673843e-03
3.780648112297058105e-03
3.776255995035171509e-03
3.770401002839207649e-03
3.779184073209762573e-03
3.780648112297058105e-03
3.786503104493021965e-03
3.785039065405726433e-03
3.783575026318430901e-03
3.824562998488545418e-03
3.852376947179436684e-03
3.878725925460457802e-03
3.884582081809639931e-03
3.896292066201567650e-03
3.908003214746713638e-03
3.918250091373920441e-03
3.934353124350309372e-03
3.931425046175718307e-03
3.929961007088422775e-03
3.919714130461215973e-03
3.925569821149110794e-03
3.916786052286624908e-03
3.918250091373920441e-03
3.915322944521903992e-03
3.921178169548511505e-03
3.828955115750432014e-03
3.785039065405726433e-03
3.779184073209762573e-03
3.783575026318430901e-03
3.776255995035171509e-03
3.770401002839207649e-03
3.782111918553709984e-03
3.774791955947875977e-03
3.782111918553709984e-03
3.786503104493021965e-03
3.782111918553709984e-03
3.785039065405726433e-03
3.783575026318430901e-03
3.783575026318430901e-03
3.771865041926503181e-03
3.780648112297058105e-03
3.780648112297058105e-03
3.656219923868775368e-03
