4.028039053082466125e-03
4.033895209431648254e-03
4.025111906230449677e-03
4.030967131257057190e-03
4.007544834166765213e-03
4.022183828055858612e-03
4.023647867143154144e-03
4.022183828055858612e-03
4.022183828055858612e-03
4.023647867143154144e-03
4.023647867143154144e-03
4.026575945317745209e-03
4.026575945317745209e-03
4.030967131257057190e-03
4.016329068690538406e-03
4.023647867143154144e-03
3.965094219893217087e-03
3.897756105288863182e-03
3.869943087920546532e-03
3.973877057433128357e-03
4.041214007884263992e-03
4.039749968796968460e-03
4.041214007884263992e-03
4.033895209431648254e-03
4.042678046971559525e-03
4.042678046971559525e-03
4.041214007884263992e-03
4.041214007884263992e-03
4.045606125146150589e-03
4.045606125146150589e-03
4.047070164233446121e-03
4.079273901879787445e-03
4.033895209431648254e-03
4.032431170344352722e-03
4.025111906230449677e-03
4.025111906230449677e-03
4.022183828055858612e-03
4.022183828055858612e-03
4.033895209431648254e-03
4.028039053082466125e-03
4.025111906230449677e-03
4.016329068690538406e-03
4.025111906230449677e-03
4.022183828055858612e-03
4.022183828055858612e-03
4.019256215542554855e-03
4.020719788968563080e-03
3.998761996626853943e-03
3.940207883715629578e-03
3.891901113092899323e-03
3.960702102631330490e-03
4.033895209431648254e-03
4.039749968796968460e-03
4.039749968796968460e-03
4.041214007884263992e-03
4.041214007884263992e-03
4.048532806336879730e-03
4.047070164233446121e-03
4.047070164233446121e-03
4.030967131257057190e-03
4.045606125146150589e-03
4.051460884511470795e-03
4.045606125146150589e-03
4.045606125146150589e-03
4.036822821944952011e-03
4.028039053082466125e-03
4.028039053082466125e-03
4.028039053082466125e-03
4.006082192063331604e-03
4.022183828055858612e-03
4.023647867143154144e-03
4.022183828055858612e-03
4.022183828055858612e-03
4.020719788968563080e-03
4.020719788968563080e-03
4.026575945317745209e-03
4.028039053082466125e-03
4.025111906230449677e-03
4.017792176455259323e-03
3.975341096520423889e-03
3.913858905434608459e-03
3.916786052286624908e-03
4.032431170344352722e-03
4.036822821944952011e-03
4.041214007884263992e-03
4.045606125146150589e-03
4.048532806336879730e-03
4.042678046971559525e-03
4.048532806336879730e-03
4.045606125146150589e-03
4.047070164233446121e-03
4.045606125146150589e-03
4.047070164233446121e-03
4.045606125146150589e-03
4.054388962686061859e-03
4.052924923598766327e-03
