4.054388962686061859e-03
4.026575945317745209e-03
4.022183828055858612e-03
4.029503092169761658e-03
4.030967131257057190e-03
4.017792176455259323e-03
4.025111906230449677e-03
4.023647867143154144e-03
4.020719788968563080e-03
4.020719788968563080e-03
4.022183828055858612e-03
4.022183828055858612e-03
4.023647867143154144e-03
4.019256215542554855e-03
4.026575945317745209e-03
4.020719788968563080e-03
3.978267777711153030e-03
3.910930827260017395e-03
3.862624056637287140e-03
3.896292066201567650e-03
4.030967131257057190e-03
4.035358782857656479e-03
4.038285929709672928e-03
4.041214007884263992e-03
4.038285929709672928e-03
4.039749968796968460e-03
4.044142086058855057e-03
4.041214007884263992e-03
4.041214007884263992e-03
4.039749968796968460e-03
4.039749968796968460e-03
4.039749968796968460e-03
4.028039053082466125e-03
4.036822821944952011e-03
4.035358782857656479e-03
4.028039053082466125e-03
4.023647867143154144e-03
4.026575945317745209e-03
4.023647867143154144e-03
4.023647867143154144e-03
4.022183828055858612e-03
4.020719788968563080e-03
4.017792176455259323e-03
4.023647867143154144e-03
4.025111906230449677e-03
4.022183828055858612e-03
4.026575945317745209e-03
4.023647867143154144e-03
3.970948979258537292e-03
3.906539175659418106e-03
3.902147989720106125e-03
4.022183828055858612e-03
4.038285929709672928e-03
4.038285929709672928e-03
4.039749968796968460e-03
4.041214007884263992e-03
4.045606125146150589e-03
4.041214007884263992e-03
4.045606125146150589e-03
4.047070164233446121e-03
4.035358782857656479e-03
4.042678046971559525e-03
4.049996845424175262e-03
4.045606125146150589e-03
4.045606125146150589e-03
4.029503092169761658e-03
4.030967131257057190e-03
4.025111906230449677e-03
4.022183828055858612e-03
4.009008873254060745e-03
4.022183828055858612e-03
4.023647867143154144e-03
4.023647867143154144e-03
4.023647867143154144e-03
4.019256215542554855e-03
4.023647867143154144e-03
4.022183828055858612e-03
4.019256215542554855e-03
4.009008873254060745e-03
4.019256215542554855e-03
3.963630180805921555e-03
3.916786052286624908e-03
4.013400990515947342e-03
4.033895209431648254e-03
4.039749968796968460e-03
4.042678046971559525e-03
4.044142086058855057e-03
4.025111906230449677e-03
4.049996845424175262e-03
4.048532806336879730e-03
4.049996845424175262e-03
4.047070164233446121e-03
4.049996845424175262e-03
4.042678046971559525e-03
4.049996845424175262e-03
4.047070164233446121e-03
4.019256215542554855e-03
