4.032431170344352722e-03
4.032431170344352722e-03
4.022183828055858612e-03
4.016329068690538406e-03
4.023647867143154144e-03
4.023647867143154144e-03
4.028039053082466125e-03
4.023647867143154144e-03
4.023647867143154144e-03
4.022183828055858612e-03
4.022183828055858612e-03
4.019256215542554855e-03
4.011936951428651810e-03
4.028039053082466125e-03
4.023647867143154144e-03
4.025111906230449677e-03
3.972413018345832825e-03
3.905076067894697189e-03
3.858231939375400543e-03
3.937279805541038513e-03
4.035358782857656479e-03
4.026575945317745209e-03
4.038285929709672928e-03
4.039749968796968460e-03
4.039749968796968460e-03
4.041214007884263992e-03
4.041214007884263992e-03
4.041214007884263992e-03
4.038285929709672928e-03
4.042678046971559525e-03
4.028039053082466125e-03
4.042678046971559525e-03
4.045606125146150589e-03
4.033895209431648254e-03
4.028039053082466125e-03
4.023647867143154144e-03
4.026575945317745209e-03
4.022183828055858612e-03
4.028039053082466125e-03
4.010472912341356277e-03
4.025111906230449677e-03
4.025111906230449677e-03
4.028039053082466125e-03
4.023647867143154144e-03
4.028039053082466125e-03
4.023647867143154144e-03
4.023647867143154144e-03
4.022183828055858612e-03
3.956309985369443893e-03
3.900683950632810593e-03
3.944600000977516174e-03
4.033895209431648254e-03
4.039749968796968460e-03
4.044142086058855057e-03
4.041214007884263992e-03
4.042678046971559525e-03
4.045606125146150589e-03
4.025111906230449677e-03
4.036822821944952011e-03
4.047070164233446121e-03
4.049996845424175262e-03
4.047070164233446121e-03
4.048532806336879730e-03
4.048532806336879730e-03
4.042678046971559525e-03
4.032431170344352722e-03
4.000226035714149475e-03
4.016329068690538406e-03
4.028039053082466125e-03
4.028039053082466125e-03
4.023647867143154144e-03
4.023647867143154144e-03
4.028039053082466125e-03
4.026575945317745209e-03
4.020719788968563080e-03
4.025111906230449677e-03
4.013400990515947342e-03
4.019256215542554855e-03
4.017792176455259323e-03
3.984123934060335159e-03
3.921178169548511505e-03
3.906539175659418106e-03
4.030967131257057190e-03
4.039749968796968460e-03
4.042678046971559525e-03
4.036822821944952011e-03
4.044142086058855057e-03
4.042678046971559525e-03
4.044142086058855057e-03
4.052924923598766327e-03
4.048532806336879730e-03
4.049996845424175262e-03
4.048532806336879730e-03
4.051460884511470795e-03
4.045606125146150589e-03
4.041214007884263992e-03
4.013400990515947342e-03
