4.022183828055858612e-03
4.025111906230449677e-03
4.026575945317745209e-03
4.026575945317745209e-03
4.013400990515947342e-03
4.023647867143154144e-03
4.026575945317745209e-03
4.020719788968563080e-03
4.022183828055858612e-03
4.023647867143154144e-03
4.022183828055858612e-03
4.020719788968563080e-03
4.023647867143154144e-03
4.025111906230449677e-03
4.017792176455259323e-03
4.025111906230449677e-03
3.978267777711153030e-03
3.909466788172721863e-03
3.864088095724582672e-03
3.903612028807401657e-03
4.029503092169761658e-03
4.035358782857656479e-03
4.038285929709672928e-03
4.026575945317745209e-03
4.041214007884263992e-03
4.044142086058855057e-03
4.041214007884263992e-03
4.041214007884263992e-03
4.044142086058855057e-03
4.039749968796968460e-03
4.041214007884263992e-03
4.039749968796968460e-03
4.039749968796968460e-03
4.039749968796968460e-03
4.035358782857656479e-03
4.028039053082466125e-03
4.023647867143154144e-03
4.026575945317745209e-03
4.028039053082466125e-03
4.025111906230449677e-03
4.022183828055858612e-03
4.019256215542554855e-03
4.020719788968563080e-03
4.030967131257057190e-03
4.028039053082466125e-03
4.028039053082466125e-03
4.022183828055858612e-03
4.028039053082466125e-03
3.970948979258537292e-03
3.908003214746713638e-03
3.905076067894697189e-03
4.028039053082466125e-03
4.042678046971559525e-03
4.039749968796968460e-03
4.044142086058855057e-03
4.041214007884263992e-03
4.048532806336879730e-03
4.047070164233446121e-03
4.047070164233446121e-03
4.028039053082466125e-03
4.042678046971559525e-03
4.041214007884263992e-03
4.041214007884263992e-03
4.039749968796968460e-03
4.048532806336879730e-03
4.033895209431648254e-03
4.033895209431648254e-03
4.025111906230449677e-03
4.010472912341356277e-03
4.022183828055858612e-03
4.020719788968563080e-03
4.022183828055858612e-03
4.020719788968563080e-03
4.025111906230449677e-03
4.032431170344352722e-03
4.023647867143154144e-03
4.028039053082466125e-03
4.001690074801445007e-03
4.019256215542554855e-03
4.023647867143154144e-03
3.957774024456739426e-03
3.916786052286624908e-03
4.017792176455259323e-03
4.041214007884263992e-03
4.048532806336879730e-03
4.044142086058855057e-03
4.028039053082466125e-03
4.045606125146150589e-03
4.045606125146150589e-03
4.044142086058855057e-03
4.047070164233446121e-03
4.047070164233446121e-03
4.054388962686061859e-03
4.052924923598766327e-03
4.051460884511470795e-03
4.039749968796968460e-03
4.010472912341356277e-03
