3.915322944521903992e-03
3.921178169548511505e-03
3.916786052286624908e-03
3.912394866347312927e-03
3.909466788172721863e-03
3.909466788172721863e-03
3.883118042722344398e-03
3.905076067894697189e-03
3.903612028807401657e-03
3.903612028807401657e-03
3.912394866347312927e-03
3.909466788172721863e-03
3.908003214746713638e-03
3.908003214746713638e-03
3.905076067894697189e-03
3.878725925460457802e-03
3.846521023660898209e-03
3.793821902945637703e-03
3.757226048037409782e-03
3.831882961094379425e-03
3.913858905434608459e-03
3.918250091373920441e-03
3.915322944521903992e-03
3.912394866347312927e-03
3.897756105288863182e-03
3.912394866347312927e-03
3.916786052286624908e-03
3.912394866347312927e-03
3.913858905434608459e-03
3.925569821149110794e-03
3.919714130461215973e-03
3.918250091373920441e-03
3.922642208635807037e-03
3.905076067894697189e-03
3.910930827260017395e-03
3.909466788172721863e-03
3.903612028807401657e-03
3.908003214746713638e-03
3.909466788172721863e-03
3.910930827260017395e-03
3.910930827260017395e-03
3.910930827260017395e-03
3.899219911545515060e-03
3.903612028807401657e-03
3.902147989720106125e-03
3.905076067894697189e-03
3.906539175659418106e-03
3.902147989720106125e-03
3.850912908092141151e-03
3.795285942032933235e-03
3.852376947179436684e-03
3.891901113092899323e-03
3.910930827260017395e-03
3.918250091373920441e-03
3.916786052286624908e-03
3.918250091373920441e-03
3.918250091373920441e-03
3.916786052286624908e-03
3.925569821149110794e-03
3.922642208635807037e-03
3.903612028807401657e-03
3.913858905434608459e-03
3.919714130461215973e-03
3.941671922802925110e-03
3.919714130461215973e-03
3.915322944521903992e-03
3.909466788172721863e-03
3.915322944521903992e-03
3.910930827260017395e-03
3.897756105288863182e-03
3.909466788172721863e-03
3.905076067894697189e-03
3.905076067894697189e-03
3.906539175659418106e-03
3.905076067894697189e-03
3.905076067894697189e-03
3.905076067894697189e-03
3.908003214746713638e-03
3.893364919349551201e-03
3.884582081809639931e-03
3.818708006292581558e-03
3.839201992377638817e-03
3.912394866347312927e-03
3.915322944521903992e-03
3.924105782061815262e-03
3.916786052286624908e-03
3.918250091373920441e-03
3.897756105288863182e-03
3.919714130461215973e-03
3.922642208635807037e-03
3.922642208635807037e-03
3.924105782061815262e-03
3.925569821149110794e-03
3.925569821149110794e-03
3.922642208635807037e-03
3.918250091373920441e-03
3.872870933264493942e-03
