3.770401002839207649e-03
3.916786052286624908e-03
3.913858905434608459e-03
3.910930827260017395e-03
3.912394866347312927e-03
3.913858905434608459e-03
3.906539175659418106e-03
3.905076067894697189e-03
3.905076067894697189e-03
3.900683950632810593e-03
3.906539175659418106e-03
3.910930827260017395e-03
3.913858905434608459e-03
3.912394866347312927e-03
3.908003214746713638e-03
3.896292066201567650e-03
3.881654003635048866e-03
3.815779928117990494e-03
3.767472924664616585e-03
3.761617932468652725e-03
3.875798080116510391e-03
3.913858905434608459e-03
3.915322944521903992e-03
3.915322944521903992e-03
3.905076067894697189e-03
3.910930827260017395e-03
3.912394866347312927e-03
3.910930827260017395e-03
3.918250091373920441e-03
3.916786052286624908e-03
3.916786052286624908e-03
3.916786052286624908e-03
3.938743844628334045e-03
3.905076067894697189e-03
3.909466788172721863e-03
3.912394866347312927e-03
3.916786052286624908e-03
3.912394866347312927e-03
3.908003214746713638e-03
3.908003214746713638e-03
3.908003214746713638e-03
3.905076067894697189e-03
3.905076067894697189e-03
3.908003214746713638e-03
3.908003214746713638e-03
3.905076067894697189e-03
3.912394866347312927e-03
3.908003214746713638e-03
3.859695978462696075e-03
3.798214020207524300e-03
3.790894988924264908e-03
3.900683950632810593e-03
3.915322944521903992e-03
3.918250091373920441e-03
3.916786052286624908e-03
3.915322944521903992e-03
3.915322944521903992e-03
3.916786052286624908e-03
3.927032928913831711e-03
3.924105782061815262e-03
3.916786052286624908e-03
3.918250091373920441e-03
3.921178169548511505e-03
3.916786052286624908e-03
3.928496968001127243e-03
3.921178169548511505e-03
3.916786052286624908e-03
3.918250091373920441e-03
3.912394866347312927e-03
3.902147989720106125e-03
3.906539175659418106e-03
3.906539175659418106e-03
3.902147989720106125e-03
3.910930827260017395e-03
3.912394866347312927e-03
3.908003214746713638e-03
3.906539175659418106e-03
3.909466788172721863e-03
3.897756105288863182e-03
3.903612028807401657e-03
3.852376947179436684e-03
3.811388975009322166e-03
3.908003214746713638e-03
3.919714130461215973e-03
3.919714130461215973e-03
3.918250091373920441e-03
3.922642208635807037e-03
3.912394866347312927e-03
3.916786052286624908e-03
3.925569821149110794e-03
3.927032928913831711e-03
3.924105782061815262e-03
3.924105782061815262e-03
3.919714130461215973e-03
3.922642208635807037e-03
3.922642208635807037e-03
3.960702102631330490e-03
