3.910930827260017395e-03
3.912394866347312927e-03
3.909466788172721863e-03
3.910930827260017395e-03
3.910930827260017395e-03
3.908003214746713638e-03
3.909466788172721863e-03
3.908003214746713638e-03
3.912394866347312927e-03
3.900683950632810593e-03
3.905076067894697189e-03
3.903612028807401657e-03
3.905076067894697189e-03
3.903612028807401657e-03
3.906539175659418106e-03
3.912394866347312927e-03
3.850912908092141151e-03
3.795285942032933235e-03
3.766008885577321053e-03
3.869943087920546532e-03
3.910930827260017395e-03
3.909466788172721863e-03
3.912394866347312927e-03
3.912394866347312927e-03
3.916786052286624908e-03
3.919714130461215973e-03
3.912394866347312927e-03
3.915322944521903992e-03
3.918250091373920441e-03
3.915322944521903992e-03
3.913858905434608459e-03
3.916786052286624908e-03
3.919714130461215973e-03
3.915322944521903992e-03
3.906539175659418106e-03
3.915322944521903992e-03
3.906539175659418106e-03
3.909466788172721863e-03
3.909466788172721863e-03
3.908003214746713638e-03
3.906539175659418106e-03
3.906539175659418106e-03
3.908003214746713638e-03
3.902147989720106125e-03
3.906539175659418106e-03
3.900683950632810593e-03
3.903612028807401657e-03
3.908003214746713638e-03
3.840666031464934349e-03
3.795285942032933235e-03
3.888973034918308258e-03
3.915322944521903992e-03
3.916786052286624908e-03
3.916786052286624908e-03
3.909466788172721863e-03
3.912394866347312927e-03
3.921178169548511505e-03
3.922642208635807037e-03
3.925569821149110794e-03
3.918250091373920441e-03
3.918250091373920441e-03
3.921178169548511505e-03
3.902147989720106125e-03
3.940207883715629578e-03
3.918250091373920441e-03
3.908003214746713638e-03
3.908003214746713638e-03
3.913858905434608459e-03
3.915322944521903992e-03
3.910930827260017395e-03
3.909466788172721863e-03
3.887508995831012726e-03
3.903612028807401657e-03
3.903612028807401657e-03
3.906539175659418106e-03
3.905076067894697189e-03
3.902147989720106125e-03
3.905076067894697189e-03
3.909466788172721863e-03
3.872870933264493942e-03
3.787966910749673843e-03
3.874334972351789474e-03
3.912394866347312927e-03
3.913858905434608459e-03
3.916786052286624908e-03
3.919714130461215973e-03
3.924105782061815262e-03
3.925569821149110794e-03
3.925569821149110794e-03
3.903612028807401657e-03
3.921178169548511505e-03
3.921178169548511505e-03
3.925569821149110794e-03
3.924105782061815262e-03
3.925569821149110794e-03
3.922642208635807037e-03
3.890437074005603790e-03
