4.099768120795488358e-03
4.028039053082466125e-03
4.017792176455259323e-03
4.026575945317745209e-03
4.028039053082466125e-03
4.026575945317745209e-03
4.025111906230449677e-03
4.028039053082466125e-03
4.017792176455259323e-03
4.023647867143154144e-03
4.020719788968563080e-03
4.020719788968563080e-03
4.025111906230449677e-03
4.032431170344352722e-03
4.026575945317745209e-03
4.028039053082466125e-03
3.976804204285144806e-03
3.893364919349551201e-03
3.858231939375400543e-03
3.861160017549991608e-03
4.006082192063331604e-03
4.036822821944952011e-03
4.045606125146150589e-03
4.042678046971559525e-03
4.044142086058855057e-03
4.047070164233446121e-03
4.026575945317745209e-03
4.039749968796968460e-03
4.038285929709672928e-03
4.038285929709672928e-03
4.036822821944952011e-03
4.049996845424175262e-03
4.048532806336879730e-03
4.041214007884263992e-03
4.032431170344352722e-03
4.010472912341356277e-03
4.022183828055858612e-03
4.022183828055858612e-03
4.023647867143154144e-03
4.019256215542554855e-03
4.020719788968563080e-03
4.020719788968563080e-03
4.025111906230449677e-03
4.029503092169761658e-03
4.019256215542554855e-03
4.019256215542554855e-03
4.022183828055858612e-03
4.023647867143154144e-03
3.972413018345832825e-03
3.908003214746713638e-03
3.881654003635048866e-03
4.009008873254060745e-03
4.038285929709672928e-03
4.038285929709672928e-03
4.041214007884263992e-03
4.045606125146150589e-03
4.048532806336879730e-03
4.045606125146150589e-03
4.044142086058855057e-03
4.044142086058855057e-03
4.042678046971559525e-03
4.047070164233446121e-03
4.047070164233446121e-03
4.042678046971559525e-03
4.047070164233446121e-03
4.033895209431648254e-03
4.035358782857656479e-03
4.025111906230449677e-03
4.023647867143154144e-03
4.022183828055858612e-03
4.019256215542554855e-03
4.026575945317745209e-03
4.020719788968563080e-03
4.025111906230449677e-03
4.025111906230449677e-03
4.022183828055858612e-03
4.025111906230449677e-03
4.025111906230449677e-03
4.022183828055858612e-03
4.022183828055858612e-03
3.972413018345832825e-03
3.903612028807401657e-03
3.972413018345832825e-03
4.036822821944952011e-03
4.038285929709672928e-03
4.042678046971559525e-03
4.042678046971559525e-03
4.044142086058855057e-03
4.044142086058855057e-03
4.044142086058855057e-03
4.038285929709672928e-03
4.051460884511470795e-03
4.048532806336879730e-03
4.049996845424175262e-03
4.047070164233446121e-03
4.047070164233446121e-03
4.049996845424175262e-03
