4.029503092169761658e-03
4.033895209431648254e-03
4.023647867143154144e-03
4.022183828055858612e-03
4.030967131257057190e-03
4.035358782857656479e-03
4.029503092169761658e-03
4.023647867143154144e-03
4.025111906230449677e-03
4.025111906230449677e-03
4.022183828055858612e-03
4.025111906230449677e-03
4.025111906230449677e-03
4.022183828055858612e-03
4.022183828055858612e-03
4.022183828055858612e-03
3.962166141718626022e-03
3.893364919349551201e-03
3.859695978462696075e-03
3.924105782061815262e-03
4.029503092169761658e-03
4.035358782857656479e-03
4.036822821944952011e-03
4.035358782857656479e-03
4.039749968796968460e-03
4.036822821944952011e-03
4.026575945317745209e-03
4.041214007884263992e-03
4.039749968796968460e-03
4.042678046971559525e-03
4.036822821944952011e-03
4.044142086058855057e-03
4.041214007884263992e-03
4.030967131257057190e-03
4.026575945317745209e-03
4.017792176455259323e-03
4.028039053082466125e-03
4.028039053082466125e-03
4.026575945317745209e-03
4.020719788968563080e-03
4.025111906230449677e-03
4.023647867143154144e-03
4.020719788968563080e-03
4.023647867143154144e-03
4.009008873254060745e-03
4.017792176455259323e-03
4.029503092169761658e-03
4.019256215542554855e-03
3.950455226004123688e-03
3.891901113092899323e-03
3.935817163437604904e-03
4.039749968796968460e-03
4.036822821944952011e-03
4.030967131257057190e-03
4.041214007884263992e-03
4.039749968796968460e-03
4.038285929709672928e-03
4.045606125146150589e-03
4.047070164233446121e-03
4.047070164233446121e-03
4.048532806336879730e-03
4.045606125146150589e-03
4.032431170344352722e-03
4.058780148625373840e-03
4.038285929709672928e-03
4.029503092169761658e-03
4.028039053082466125e-03
4.029503092169761658e-03
4.026575945317745209e-03
4.022183828055858612e-03
4.023647867143154144e-03
4.006082192063331604e-03
4.017792176455259323e-03
4.020719788968563080e-03
4.020719788968563080e-03
4.025111906230449677e-03
4.025111906230449677e-03
4.025111906230449677e-03
4.026575945317745209e-03
3.985587973147630692e-03
3.903612028807401657e-03
3.903612028807401657e-03
4.028039053082466125e-03
4.036822821944952011e-03
4.036822821944952011e-03
4.044142086058855057e-03
4.047070164233446121e-03
4.049996845424175262e-03
4.047070164233446121e-03
4.033895209431648254e-03
4.047070164233446121e-03
4.047070164233446121e-03
4.044142086058855057e-03
4.045606125146150589e-03
4.045606125146150589e-03
4.044142086058855057e-03
4.014865029603242874e-03
