3.761617932468652725e-03
3.927032928913831711e-03
3.921178169548511505e-03
3.918250091373920441e-03
3.909466788172721863e-03
3.906539175659418106e-03
3.900683950632810593e-03
3.909466788172721863e-03
3.902147989720106125e-03
3.897756105288863182e-03
3.913858905434608459e-03
3.919714130461215973e-03
3.910930827260017395e-03
3.912394866347312927e-03
3.903612028807401657e-03
3.906539175659418106e-03
3.888973034918308258e-03
3.817243967205286026e-03
3.766008885577321053e-03
3.763081971555948257e-03
3.868479048833250999e-03
3.910930827260017395e-03
3.915322944521903992e-03
3.913858905434608459e-03
3.910930827260017395e-03
3.912394866347312927e-03
3.916786052286624908e-03
3.912394866347312927e-03
3.913858905434608459e-03
3.918250091373920441e-03
3.912394866347312927e-03
3.913858905434608459e-03
3.943135961890220642e-03
3.915322944521903992e-03
3.915322944521903992e-03
3.915322944521903992e-03
3.912394866347312927e-03
3.908003214746713638e-03
3.909466788172721863e-03
3.906539175659418106e-03
3.903612028807401657e-03
3.908003214746713638e-03
3.906539175659418106e-03
3.908003214746713638e-03
3.909466788172721863e-03
3.905076067894697189e-03
3.909466788172721863e-03
3.910930827260017395e-03
3.861160017549991608e-03
3.798214020207524300e-03
3.783575026318430901e-03
3.894828958436846733e-03
3.912394866347312927e-03
3.918250091373920441e-03
3.921178169548511505e-03
3.919714130461215973e-03
3.918250091373920441e-03
3.913858905434608459e-03
3.919714130461215973e-03
3.909466788172721863e-03
3.912394866347312927e-03
3.925569821149110794e-03
3.925569821149110794e-03
3.919714130461215973e-03
3.927032928913831711e-03
3.918250091373920441e-03
3.918250091373920441e-03
3.913858905434608459e-03
3.891901113092899323e-03
3.906539175659418106e-03
3.908003214746713638e-03
3.912394866347312927e-03
3.910930827260017395e-03
3.906539175659418106e-03
3.908003214746713638e-03
3.908003214746713638e-03
3.905076067894697189e-03
3.903612028807401657e-03
3.903612028807401657e-03
3.912394866347312927e-03
3.861160017549991608e-03
3.814315889030694962e-03
3.897756105288863182e-03
3.916786052286624908e-03
3.918250091373920441e-03
3.924105782061815262e-03
3.922642208635807037e-03
3.915322944521903992e-03
3.919714130461215973e-03
3.918250091373920441e-03
3.918250091373920441e-03
3.929961007088422775e-03
3.925569821149110794e-03
3.924105782061815262e-03
3.924105782061815262e-03
3.910930827260017395e-03
3.981195855885744095e-03
