3.849449101835489273e-03
4.029503092169761658e-03
4.022183828055858612e-03
4.029503092169761658e-03
4.030967131257057190e-03
4.029503092169761658e-03
4.028039053082466125e-03
4.029503092169761658e-03
4.025111906230449677e-03
4.004618152976036072e-03
4.019256215542554855e-03
4.025111906230449677e-03
4.025111906230449677e-03
4.025111906230449677e-03
4.023647867143154144e-03
4.023647867143154144e-03
4.006082192063331604e-03
3.929961007088422775e-03
3.853840986266732216e-03
3.864088095724582672e-03
4.001690074801445007e-03
4.038285929709672928e-03
4.036822821944952011e-03
4.039749968796968460e-03
4.038285929709672928e-03
4.041214007884263992e-03
4.038285929709672928e-03
4.020719788968563080e-03
4.038285929709672928e-03
4.041214007884263992e-03
4.041214007884263992e-03
4.041214007884263992e-03
4.057317040860652924e-03
4.035358782857656479e-03
4.029503092169761658e-03
4.032431170344352722e-03
4.014865029603242874e-03
4.022183828055858612e-03
4.025111906230449677e-03
4.022183828055858612e-03
4.026575945317745209e-03
4.022183828055858612e-03
4.020719788968563080e-03
4.025111906230449677e-03
4.026575945317745209e-03
4.026575945317745209e-03
4.016329068690538406e-03
4.023647867143154144e-03
3.976804204285144806e-03
3.909466788172721863e-03
3.880189964547753334e-03
4.004618152976036072e-03
4.039749968796968460e-03
4.042678046971559525e-03
4.041214007884263992e-03
4.038285929709672928e-03
4.045606125146150589e-03
4.041214007884263992e-03
4.039749968796968460e-03
4.051460884511470795e-03
4.047070164233446121e-03
4.047070164233446121e-03
4.045606125146150589e-03
4.017792176455259323e-03
4.044142086058855057e-03
4.030967131257057190e-03
4.042678046971559525e-03
4.030967131257057190e-03
4.028039053082466125e-03
4.025111906230449677e-03
4.023647867143154144e-03
4.025111906230449677e-03
4.022183828055858612e-03
4.019256215542554855e-03
4.025111906230449677e-03
4.028039053082466125e-03
4.023647867143154144e-03
4.025111906230449677e-03
4.023647867143154144e-03
4.026575945317745209e-03
3.972413018345832825e-03
3.912394866347312927e-03
3.963630180805921555e-03
4.035358782857656479e-03
4.044142086058855057e-03
4.047070164233446121e-03
4.047070164233446121e-03
4.044142086058855057e-03
4.045606125146150589e-03
4.045606125146150589e-03
4.045606125146150589e-03
4.041214007884263992e-03
4.051460884511470795e-03
4.049996845424175262e-03
4.049996845424175262e-03
4.045606125146150589e-03
4.131972789764404297e-03
