3.929961007088422775e-03
3.916786052286624908e-03
3.913858905434608459e-03
3.910930827260017395e-03
3.894828958436846733e-03
3.906539175659418106e-03
3.909466788172721863e-03
3.909466788172721863e-03
3.909466788172721863e-03
3.908003214746713638e-03
3.909466788172721863e-03
3.906539175659418106e-03
3.906539175659418106e-03
3.888973034918308258e-03
3.906539175659418106e-03
3.905076067894697189e-03
3.858231939375400543e-03
3.802605904638767242e-03
3.761617932468652725e-03
3.811388975009322166e-03
3.906539175659418106e-03
3.912394866347312927e-03
3.899219911545515060e-03
3.910930827260017395e-03
3.910930827260017395e-03
3.915322944521903992e-03
3.919714130461215973e-03
3.918250091373920441e-03
3.915322944521903992e-03
3.921178169548511505e-03
3.916786052286624908e-03
3.905076067894697189e-03
3.924105782061815262e-03
3.913858905434608459e-03
3.916786052286624908e-03
3.921178169548511505e-03
3.912394866347312927e-03
3.912394866347312927e-03
3.916786052286624908e-03
3.908003214746713638e-03
3.897756105288863182e-03
3.905076067894697189e-03
3.905076067894697189e-03
3.905076067894697189e-03
3.905076067894697189e-03
3.905076067894697189e-03
3.910930827260017395e-03
3.910930827260017395e-03
3.855304094031453133e-03
3.792359028011560440e-03
3.839201992377638817e-03
3.912394866347312927e-03
3.916786052286624908e-03
3.912394866347312927e-03
3.916786052286624908e-03
3.915322944521903992e-03
3.916786052286624908e-03
3.924105782061815262e-03
3.910930827260017395e-03
3.921178169548511505e-03
3.919714130461215973e-03
3.919714130461215973e-03
3.919714130461215973e-03
3.922642208635807037e-03
3.921178169548511505e-03
3.916786052286624908e-03
3.910930827260017395e-03
3.912394866347312927e-03
3.910930827260017395e-03
3.909466788172721863e-03
3.910930827260017395e-03
3.905076067894697189e-03
3.905076067894697189e-03
3.908003214746713638e-03
3.905076067894697189e-03
3.905076067894697189e-03
3.894828958436846733e-03
3.910930827260017395e-03
3.906539175659418106e-03
3.927032928913831711e-03
3.849449101835489273e-03
3.837737953290343285e-03
3.909466788172721863e-03
3.912394866347312927e-03
3.916786052286624908e-03
3.913858905434608459e-03
3.922642208635807037e-03
3.924105782061815262e-03
3.922642208635807037e-03
3.922642208635807037e-03
3.919714130461215973e-03
3.922642208635807037e-03
3.919714130461215973e-03
3.922642208635807037e-03
3.906539175659418106e-03
3.924105782061815262e-03
3.905076067894697189e-03
