3.906539175659418106e-03
3.908003214746713638e-03
3.912394866347312927e-03
3.937279805541038513e-03
3.947527147829532623e-03
3.953382838517427444e-03
3.962166141718626022e-03
3.965094219893217087e-03
3.966556861996650696e-03
3.962166141718626022e-03
3.965094219893217087e-03
3.944600000977516174e-03
3.959238063544034958e-03
3.966556861996650696e-03
3.968020901083946228e-03
3.968020901083946228e-03
3.902147989720106125e-03
3.899219911545515060e-03
3.897756105288863182e-03
3.899219911545515060e-03
3.888973034918308258e-03
3.903612028807401657e-03
3.900683950632810593e-03
3.899219911545515060e-03
3.900683950632810593e-03
3.897756105288863182e-03
3.900683950632810593e-03
3.899219911545515060e-03
3.897756105288863182e-03
3.884582081809639931e-03
3.894828958436846733e-03
3.894828958436846733e-03
3.929961007088422775e-03
3.941671922802925110e-03
3.956309985369443893e-03
3.956309985369443893e-03
3.960702102631330490e-03
3.963630180805921555e-03
3.953382838517427444e-03
3.957774024456739426e-03
3.960702102631330490e-03
3.960702102631330490e-03
3.965094219893217087e-03
3.968020901083946228e-03
3.963630180805921555e-03
3.963630180805921555e-03
3.965094219893217087e-03
3.965094219893217087e-03
3.883118042722344398e-03
3.897756105288863182e-03
3.894828958436846733e-03
3.894828958436846733e-03
3.897756105288863182e-03
3.900683950632810593e-03
3.905076067894697189e-03
3.899219911545515060e-03
3.900683950632810593e-03
3.886044956743717194e-03
3.896292066201567650e-03
3.896292066201567650e-03
3.890437074005603790e-03
3.900683950632810593e-03
3.896292066201567650e-03
3.897756105288863182e-03
3.931425046175718307e-03
3.943135961890220642e-03
3.950455226004123688e-03
3.951918799430131912e-03
3.957774024456739426e-03
3.962166141718626022e-03
3.959238063544034958e-03
3.963630180805921555e-03
3.965094219893217087e-03
3.963630180805921555e-03
3.962166141718626022e-03
3.947527147829532623e-03
3.963630180805921555e-03
3.966556861996650696e-03
3.966556861996650696e-03
3.966556861996650696e-03
3.894828958436846733e-03
3.893364919349551201e-03
3.893364919349551201e-03
3.893364919349551201e-03
3.881654003635048866e-03
3.890437074005603790e-03
3.893364919349551201e-03
3.890437074005603790e-03
3.891901113092899323e-03
3.893364919349551201e-03
3.893364919349551201e-03
3.894828958436846733e-03
3.897756105288863182e-03
3.872870933264493942e-03
3.888973034918308258e-03
3.891901113092899323e-03
3.774791955947875977e-03
