3.941671922802925110e-03
3.910930827260017395e-03
3.915322944521903992e-03
3.915322944521903992e-03
3.910930827260017395e-03
3.909466788172721863e-03
3.905076067894697189e-03
3.906539175659418106e-03
3.913858905434608459e-03
3.896292066201567650e-03
3.908003214746713638e-03
3.903612028807401657e-03
3.905076067894697189e-03
3.900683950632810593e-03
3.909466788172721863e-03
3.910930827260017395e-03
3.858231939375400543e-03
3.804069012403488159e-03
3.749907016754150391e-03
3.802605904638767242e-03
3.905076067894697189e-03
3.909466788172721863e-03
3.916786052286624908e-03
3.915322944521903992e-03
3.915322944521903992e-03
3.913858905434608459e-03
3.913858905434608459e-03
3.906539175659418106e-03
3.919714130461215973e-03
3.919714130461215973e-03
3.912394866347312927e-03
3.916786052286624908e-03
3.916786052286624908e-03
3.916786052286624908e-03
3.915322944521903992e-03
3.913858905434608459e-03
3.903612028807401657e-03
3.908003214746713638e-03
3.905076067894697189e-03
3.906539175659418106e-03
3.910930827260017395e-03
3.912394866347312927e-03
3.910930827260017395e-03
3.906539175659418106e-03
3.906539175659418106e-03
3.893364919349551201e-03
3.906539175659418106e-03
3.906539175659418106e-03
3.859695978462696075e-03
3.801142098382115364e-03
3.826027037575840950e-03
3.912394866347312927e-03
3.909466788172721863e-03
3.919714130461215973e-03
3.915322944521903992e-03
3.918250091373920441e-03
3.916786052286624908e-03
3.918250091373920441e-03
3.916786052286624908e-03
3.916786052286624908e-03
3.919714130461215973e-03
3.919714130461215973e-03
3.921178169548511505e-03
3.912394866347312927e-03
3.922642208635807037e-03
3.915322944521903992e-03
3.915322944521903992e-03
3.916786052286624908e-03
3.912394866347312927e-03
3.910930827260017395e-03
3.912394866347312927e-03
3.905076067894697189e-03
3.891901113092899323e-03
3.905076067894697189e-03
3.908003214746713638e-03
3.908003214746713638e-03
3.908003214746713638e-03
3.903612028807401657e-03
3.905076067894697189e-03
3.906539175659418106e-03
3.853840986266732216e-03
3.824562998488545418e-03
3.908003214746713638e-03
3.913858905434608459e-03
3.916786052286624908e-03
3.916786052286624908e-03
3.916786052286624908e-03
3.921178169548511505e-03
3.921178169548511505e-03
3.924105782061815262e-03
3.913858905434608459e-03
3.913858905434608459e-03
3.918250091373920441e-03
3.924105782061815262e-03
3.922642208635807037e-03
3.924105782061815262e-03
3.884582081809639931e-03
