3.919714130461215973e-03
3.899219911545515060e-03
3.913858905434608459e-03
3.913858905434608459e-03
3.908003214746713638e-03
3.909466788172721863e-03
3.905076067894697189e-03
3.909466788172721863e-03
3.909466788172721863e-03
3.909466788172721863e-03
3.887508995831012726e-03
3.905076067894697189e-03
3.906539175659418106e-03
3.902147989720106125e-03
3.912394866347312927e-03
3.912394866347312927e-03
3.846521023660898209e-03
3.789430949836969376e-03
3.767472924664616585e-03
3.853840986266732216e-03
3.905076067894697189e-03
3.913858905434608459e-03
3.916786052286624908e-03
3.915322944521903992e-03
3.918250091373920441e-03
3.918250091373920441e-03
3.912394866347312927e-03
3.913858905434608459e-03
3.903612028807401657e-03
3.909466788172721863e-03
3.919714130461215973e-03
3.916786052286624908e-03
3.927032928913831711e-03
3.916786052286624908e-03
3.912394866347312927e-03
3.912394866347312927e-03
3.915322944521903992e-03
3.899219911545515060e-03
3.908003214746713638e-03
3.908003214746713638e-03
3.908003214746713638e-03
3.906539175659418106e-03
3.906539175659418106e-03
3.905076067894697189e-03
3.903612028807401657e-03
3.912394866347312927e-03
3.897756105288863182e-03
3.865550970658659935e-03
3.808460896834731102e-03
3.782111918553709984e-03
3.897756105288863182e-03
3.912394866347312927e-03
3.910930827260017395e-03
3.916786052286624908e-03
3.924105782061815262e-03
3.913858905434608459e-03
3.918250091373920441e-03
3.918250091373920441e-03
3.915322944521903992e-03
3.915322944521903992e-03
3.919714130461215973e-03
3.927032928913831711e-03
3.922642208635807037e-03
3.928496968001127243e-03
3.908003214746713638e-03
3.912394866347312927e-03
3.909466788172721863e-03
3.906539175659418106e-03
3.913858905434608459e-03
3.912394866347312927e-03
3.908003214746713638e-03
3.909466788172721863e-03
3.906539175659418106e-03
3.899219911545515060e-03
3.903612028807401657e-03
3.902147989720106125e-03
3.906539175659418106e-03
3.910930827260017395e-03
3.909466788172721863e-03
3.858231939375400543e-03
3.811388975009322166e-03
3.890437074005603790e-03
3.905076067894697189e-03
3.918250091373920441e-03
3.927032928913831711e-03
3.922642208635807037e-03
3.922642208635807037e-03
3.921178169548511505e-03
3.919714130461215973e-03
3.918250091373920441e-03
3.919714130461215973e-03
3.918250091373920441e-03
3.925569821149110794e-03
3.925569821149110794e-03
3.927032928913831711e-03
3.973877057433128357e-03
