3.928496968001127243e-03
3.912394866347312927e-03
3.913858905434608459e-03
3.913858905434608459e-03
3.910930827260017395e-03
3.910930827260017395e-03
3.909466788172721863e-03
3.906539175659418106e-03
3.905076067894697189e-03
3.906539175659418106e-03
3.908003214746713638e-03
3.909466788172721863e-03
3.909466788172721863e-03
3.909466788172721863e-03
3.909466788172721863e-03
3.908003214746713638e-03
3.853840986266732216e-03
3.793821902945637703e-03
3.763081971555948257e-03
3.853840986266732216e-03
3.913858905434608459e-03
3.922642208635807037e-03
3.916786052286624908e-03
3.918250091373920441e-03
3.919714130461215973e-03
3.915322944521903992e-03
3.913858905434608459e-03
3.903612028807401657e-03
3.913858905434608459e-03
3.916786052286624908e-03
3.921178169548511505e-03
3.919714130461215973e-03
3.924105782061815262e-03
3.921178169548511505e-03
3.915322944521903992e-03
3.912394866347312927e-03
3.893364919349551201e-03
3.906539175659418106e-03
3.905076067894697189e-03
3.905076067894697189e-03
3.903612028807401657e-03
3.908003214746713638e-03
3.909466788172721863e-03
3.910930827260017395e-03
3.910930827260017395e-03
3.883118042722344398e-03
3.903612028807401657e-03
3.905076067894697189e-03
3.847985062748193741e-03
3.795285942032933235e-03
3.869943087920546532e-03
3.915322944521903992e-03
3.912394866347312927e-03
3.921178169548511505e-03
3.902147989720106125e-03
3.916786052286624908e-03
3.916786052286624908e-03
3.919714130461215973e-03
3.918250091373920441e-03
3.916786052286624908e-03
3.927032928913831711e-03
3.922642208635807037e-03
3.924105782061815262e-03
3.893364919349551201e-03
3.918250091373920441e-03
3.916786052286624908e-03
3.912394866347312927e-03
3.910930827260017395e-03
3.905076067894697189e-03
3.910930827260017395e-03
3.913858905434608459e-03
3.912394866347312927e-03
3.899219911545515060e-03
3.905076067894697189e-03
3.903612028807401657e-03
3.909466788172721863e-03
3.903612028807401657e-03
3.906539175659418106e-03
3.905076067894697189e-03
3.884582081809639931e-03
3.831882961094379425e-03
3.842130070552229881e-03
3.910930827260017395e-03
3.918250091373920441e-03
3.916786052286624908e-03
3.919714130461215973e-03
3.921178169548511505e-03
3.921178169548511505e-03
3.919714130461215973e-03
3.924105782061815262e-03
3.905076067894697189e-03
3.924105782061815262e-03
3.922642208635807037e-03
3.924105782061815262e-03
3.922642208635807037e-03
3.922642208635807037e-03
3.894828958436846733e-03
