3.954846877604722977e-03
4.033895209431648254e-03
4.030967131257057190e-03
4.014865029603242874e-03
4.023647867143154144e-03
4.025111906230449677e-03
4.023647867143154144e-03
4.025111906230449677e-03
4.023647867143154144e-03
4.025111906230449677e-03
4.029503092169761658e-03
4.025111906230449677e-03
4.013400990515947342e-03
4.017792176455259323e-03
4.026575945317745209e-03
4.029503092169761658e-03
4.004618152976036072e-03
3.940207883715629578e-03
3.877261886373162270e-03
3.867015009745955467e-03
4.013400990515947342e-03
4.033895209431648254e-03
4.039749968796968460e-03
4.039749968796968460e-03
4.039749968796968460e-03
4.038285929709672928e-03
4.039749968796968460e-03
4.047070164233446121e-03
4.047070164233446121e-03
4.045606125146150589e-03
4.041214007884263992e-03
4.032431170344352722e-03
4.048532806336879730e-03
4.042678046971559525e-03
4.032431170344352722e-03
4.028039053082466125e-03
4.026575945317745209e-03
4.022183828055858612e-03
4.022183828055858612e-03
4.030967131257057190e-03
4.020719788968563080e-03
4.025111906230449677e-03
4.022183828055858612e-03
4.020719788968563080e-03
4.023647867143154144e-03
4.023647867143154144e-03
4.028039053082466125e-03
4.022183828055858612e-03
3.968020901083946228e-03
3.899219911545515060e-03
3.878725925460457802e-03
4.010472912341356277e-03
4.036822821944952011e-03
4.039749968796968460e-03
4.041214007884263992e-03
4.041214007884263992e-03
4.042678046971559525e-03
4.042678046971559525e-03
4.036822821944952011e-03
4.042678046971559525e-03
4.042678046971559525e-03
4.045606125146150589e-03
4.047070164233446121e-03
4.051460884511470795e-03
4.047070164233446121e-03
4.032431170344352722e-03
4.039749968796968460e-03
4.017792176455259323e-03
4.026575945317745209e-03
4.026575945317745209e-03
4.025111906230449677e-03
4.017792176455259323e-03
4.022183828055858612e-03
4.032431170344352722e-03
4.025111906230449677e-03
4.023647867143154144e-03
4.001690074801445007e-03
4.017792176455259323e-03
4.022183828055858612e-03
4.026575945317745209e-03
3.975341096520423889e-03
3.912394866347312927e-03
3.968020901083946228e-03
4.041214007884263992e-03
4.048532806336879730e-03
4.026575945317745209e-03
4.042678046971559525e-03
4.045606125146150589e-03
4.042678046971559525e-03
4.048532806336879730e-03
4.051460884511470795e-03
4.048532806336879730e-03
4.047070164233446121e-03
4.048532806336879730e-03
4.029503092169761658e-03
4.049996845424175262e-03
4.111479036509990692e-03
