4.055853001773357391e-03
4.033895209431648254e-03
4.028039053082466125e-03
4.025111906230449677e-03
4.026575945317745209e-03
4.025111906230449677e-03
4.026575945317745209e-03
4.028039053082466125e-03
4.025111906230449677e-03
4.020719788968563080e-03
4.026575945317745209e-03
4.011936951428651810e-03
4.028039053082466125e-03
4.026575945317745209e-03
4.026575945317745209e-03
4.026575945317745209e-03
3.973877057433128357e-03
3.905076067894697189e-03
3.855304094031453133e-03
3.902147989720106125e-03
4.025111906230449677e-03
4.041214007884263992e-03
4.038285929709672928e-03
4.044142086058855057e-03
4.045606125146150589e-03
4.041214007884263992e-03
4.039749968796968460e-03
4.042678046971559525e-03
4.042678046971559525e-03
4.029503092169761658e-03
4.048532806336879730e-03
4.045606125146150589e-03
4.047070164233446121e-03
4.038285929709672928e-03
4.036822821944952011e-03
4.026575945317745209e-03
4.028039053082466125e-03
4.022183828055858612e-03
4.013400990515947342e-03
4.016329068690538406e-03
4.019256215542554855e-03
4.029503092169761658e-03
4.029503092169761658e-03
4.028039053082466125e-03
4.022183828055858612e-03
4.026575945317745209e-03
4.026575945317745209e-03
3.995834849774837494e-03
3.965094219893217087e-03
3.900683950632810593e-03
3.915322944521903992e-03
4.038285929709672928e-03
4.039749968796968460e-03
4.041214007884263992e-03
4.038285929709672928e-03
4.042678046971559525e-03
4.030967131257057190e-03
4.042678046971559525e-03
4.044142086058855057e-03
4.041214007884263992e-03
4.044142086058855057e-03
4.045606125146150589e-03
4.042678046971559525e-03
4.049996845424175262e-03
4.044142086058855057e-03
4.016329068690538406e-03
4.028039053082466125e-03
4.022183828055858612e-03
4.020719788968563080e-03
4.022183828055858612e-03
4.029503092169761658e-03
4.023647867143154144e-03
4.029503092169761658e-03
4.026575945317745209e-03
4.009008873254060745e-03
4.022183828055858612e-03
4.025111906230449677e-03
4.022183828055858612e-03
4.022183828055858612e-03
4.036822821944952011e-03
3.960702102631330490e-03
3.919714130461215973e-03
4.023647867143154144e-03
4.033895209431648254e-03
4.039749968796968460e-03
4.042678046971559525e-03
4.047070164233446121e-03
4.042678046971559525e-03
4.047070164233446121e-03
4.047070164233446121e-03
4.049996845424175262e-03
4.055853001773357391e-03
4.047070164233446121e-03
4.038285929709672928e-03
4.047070164233446121e-03
4.049996845424175262e-03
4.022183828055858612e-03
