3.919714130461215973e-03
3.912394866347312927e-03
3.910930827260017395e-03
3.918250091373920441e-03
3.916786052286624908e-03
3.913858905434608459e-03
3.890437074005603790e-03
3.903612028807401657e-03
3.906539175659418106e-03
3.905076067894697189e-03
3.906539175659418106e-03
3.900683950632810593e-03
3.908003214746713638e-03
3.906539175659418106e-03
3.909466788172721863e-03
3.896292066201567650e-03
3.846521023660898209e-03
3.787966910749673843e-03
3.751371055841445923e-03
3.814315889030694962e-03
3.906539175659418106e-03
3.913858905434608459e-03
3.916786052286624908e-03
3.918250091373920441e-03
3.897756105288863182e-03
3.910930827260017395e-03
3.915322944521903992e-03
3.916786052286624908e-03
3.916786052286624908e-03
3.918250091373920441e-03
3.915322944521903992e-03
3.913858905434608459e-03
3.927032928913831711e-03
3.908003214746713638e-03
3.916786052286624908e-03
3.913858905434608459e-03
3.909466788172721863e-03
3.909466788172721863e-03
3.908003214746713638e-03
3.908003214746713638e-03
3.915322944521903992e-03
3.908003214746713638e-03
3.890437074005603790e-03
3.908003214746713638e-03
3.905076067894697189e-03
3.906539175659418106e-03
3.908003214746713638e-03
3.903612028807401657e-03
3.846521023660898209e-03
3.798214020207524300e-03
3.842130070552229881e-03
3.894828958436846733e-03
3.909466788172721863e-03
3.913858905434608459e-03
3.912394866347312927e-03
3.913858905434608459e-03
3.925569821149110794e-03
3.924105782061815262e-03
3.924105782061815262e-03
3.921178169548511505e-03
3.903612028807401657e-03
3.912394866347312927e-03
3.924105782061815262e-03
3.916786052286624908e-03
3.924105782061815262e-03
3.919714130461215973e-03
3.913858905434608459e-03
3.910930827260017395e-03
3.909466788172721863e-03
3.894828958436846733e-03
3.909466788172721863e-03
3.910930827260017395e-03
3.909466788172721863e-03
3.905076067894697189e-03
3.909466788172721863e-03
3.908003214746713638e-03
3.905076067894697189e-03
3.906539175659418106e-03
3.887508995831012726e-03
3.867015009745955467e-03
3.809924935922026634e-03
3.833347000181674957e-03
3.910930827260017395e-03
3.913858905434608459e-03
3.916786052286624908e-03
3.924105782061815262e-03
3.922642208635807037e-03
3.908003214746713638e-03
3.924105782061815262e-03
3.921178169548511505e-03
3.919714130461215973e-03
3.915322944521903992e-03
3.925569821149110794e-03
3.927032928913831711e-03
3.924105782061815262e-03
3.922642208635807037e-03
3.874334972351789474e-03
