3.893364919349551201e-03
3.916786052286624908e-03
3.935817163437604904e-03
3.944600000977516174e-03
3.959238063544034958e-03
3.947527147829532623e-03
3.960702102631330490e-03
3.963630180805921555e-03
3.959238063544034958e-03
3.959238063544034958e-03
3.969484940171241760e-03
3.970948979258537292e-03
3.968020901083946228e-03
3.969484940171241760e-03
3.957774024456739426e-03
3.962166141718626022e-03
3.899219911545515060e-03
3.897756105288863182e-03
3.894828958436846733e-03
3.896292066201567650e-03
3.902147989720106125e-03
3.899219911545515060e-03
3.897756105288863182e-03
3.888973034918308258e-03
3.893364919349551201e-03
3.899219911545515060e-03
3.897756105288863182e-03
3.894828958436846733e-03
3.893364919349551201e-03
3.897756105288863182e-03
3.909466788172721863e-03
3.938743844628334045e-03
3.932889085263013840e-03
3.943135961890220642e-03
3.954846877604722977e-03
3.957774024456739426e-03
3.959238063544034958e-03
3.963630180805921555e-03
3.969484940171241760e-03
3.970948979258537292e-03
3.965094219893217087e-03
3.968020901083946228e-03
3.960702102631330490e-03
3.965094219893217087e-03
3.966556861996650696e-03
3.962166141718626022e-03
3.957774024456739426e-03
3.913858905434608459e-03
3.894828958436846733e-03
3.899219911545515060e-03
3.894828958436846733e-03
3.888973034918308258e-03
3.894828958436846733e-03
3.890437074005603790e-03
3.894828958436846733e-03
3.897756105288863182e-03
3.897756105288863182e-03
3.897756105288863182e-03
3.897756105288863182e-03
3.906539175659418106e-03
3.888973034918308258e-03
3.899219911545515060e-03
3.902147989720106125e-03
3.928496968001127243e-03
3.938743844628334045e-03
3.948991186916828156e-03
3.954846877604722977e-03
3.954846877604722977e-03
3.962166141718626022e-03
3.956309985369443893e-03
3.962166141718626022e-03
3.963630180805921555e-03
3.966556861996650696e-03
3.963630180805921555e-03
3.963630180805921555e-03
3.963630180805921555e-03
3.957774024456739426e-03
3.962166141718626022e-03
3.951918799430131912e-03
3.899219911545515060e-03
3.893364919349551201e-03
3.893364919349551201e-03
3.893364919349551201e-03
3.896292066201567650e-03
3.896292066201567650e-03
3.893364919349551201e-03
3.888973034918308258e-03
3.875798080116510391e-03
3.891901113092899323e-03
3.891901113092899323e-03
3.890437074005603790e-03
3.893364919349551201e-03
3.897756105288863182e-03
3.893364919349551201e-03
3.894828958436846733e-03
3.894828958436846733e-03
