3.918250091373920441e-03
3.902147989720106125e-03
3.913858905434608459e-03
3.913858905434608459e-03
3.908003214746713638e-03
3.906539175659418106e-03
3.905076067894697189e-03
3.909466788172721863e-03
3.905076067894697189e-03
3.912394866347312927e-03
3.896292066201567650e-03
3.905076067894697189e-03
3.908003214746713638e-03
3.906539175659418106e-03
3.908003214746713638e-03
3.909466788172721863e-03
3.853840986266732216e-03
3.799678059294819832e-03
3.763081971555948257e-03
3.831882961094379425e-03
3.905076067894697189e-03
3.908003214746713638e-03
3.912394866347312927e-03
3.913858905434608459e-03
3.919714130461215973e-03
3.913858905434608459e-03
3.912394866347312927e-03
3.916786052286624908e-03
3.897756105288863182e-03
3.918250091373920441e-03
3.921178169548511505e-03
3.916786052286624908e-03
3.921178169548511505e-03
3.921178169548511505e-03
3.916786052286624908e-03
3.909466788172721863e-03
3.906539175659418106e-03
3.894828958436846733e-03
3.908003214746713638e-03
3.906539175659418106e-03
3.902147989720106125e-03
3.905076067894697189e-03
3.903612028807401657e-03
3.906539175659418106e-03
3.909466788172721863e-03
3.910930827260017395e-03
3.893364919349551201e-03
3.908003214746713638e-03
3.846521023660898209e-03
3.795285942032933235e-03
3.869943087920546532e-03
3.916786052286624908e-03
3.913858905434608459e-03
3.919714130461215973e-03
3.915322944521903992e-03
3.908003214746713638e-03
3.913858905434608459e-03
3.912394866347312927e-03
3.919714130461215973e-03
3.919714130461215973e-03
3.918250091373920441e-03
3.918250091373920441e-03
3.919714130461215973e-03
3.959238063544034958e-03
3.909466788172721863e-03
3.916786052286624908e-03
3.915322944521903992e-03
3.910930827260017395e-03
3.912394866347312927e-03
3.906539175659418106e-03
3.905076067894697189e-03
3.902147989720106125e-03
3.908003214746713638e-03
3.900683950632810593e-03
3.905076067894697189e-03
3.908003214746713638e-03
3.906539175659418106e-03
3.905076067894697189e-03
3.905076067894697189e-03
3.894828958436846733e-03
3.826027037575840950e-03
3.847985062748193741e-03
3.903612028807401657e-03
3.913858905434608459e-03
3.916786052286624908e-03
3.918250091373920441e-03
3.918250091373920441e-03
3.929961007088422775e-03
3.924105782061815262e-03
3.924105782061815262e-03
3.919714130461215973e-03
3.909466788172721863e-03
3.919714130461215973e-03
3.924105782061815262e-03
3.929961007088422775e-03
3.925569821149110794e-03
3.900683950632810593e-03
