3.975341096520423889e-03
3.918250091373920441e-03
3.915322944521903992e-03
3.912394866347312927e-03
3.897756105288863182e-03
3.910930827260017395e-03
3.908003214746713638e-03
3.908003214746713638e-03
3.906539175659418106e-03
3.906539175659418106e-03
3.909466788172721863e-03
3.906539175659418106e-03
3.912394866347312927e-03
3.888973034918308258e-03
3.899219911545515060e-03
3.906539175659418106e-03
3.856767900288105011e-03
3.802605904638767242e-03
3.755762008950114250e-03
3.770401002839207649e-03
3.896292066201567650e-03
3.910930827260017395e-03
3.888973034918308258e-03
3.910930827260017395e-03
3.915322944521903992e-03
3.916786052286624908e-03
3.915322944521903992e-03
3.915322944521903992e-03
3.915322944521903992e-03
3.922642208635807037e-03
3.919714130461215973e-03
3.897756105288863182e-03
3.921178169548511505e-03
3.918250091373920441e-03
3.910930827260017395e-03
3.915322944521903992e-03
3.919714130461215973e-03
3.909466788172721863e-03
3.910930827260017395e-03
3.908003214746713638e-03
3.890437074005603790e-03
3.905076067894697189e-03
3.913858905434608459e-03
3.908003214746713638e-03
3.908003214746713638e-03
3.908003214746713638e-03
3.905076067894697189e-03
3.905076067894697189e-03
3.852376947179436684e-03
3.793821902945637703e-03
3.799678059294819832e-03
3.908003214746713638e-03
3.916786052286624908e-03
3.915322944521903992e-03
3.913858905434608459e-03
3.918250091373920441e-03
3.921178169548511505e-03
3.921178169548511505e-03
3.905076067894697189e-03
3.918250091373920441e-03
3.915322944521903992e-03
3.916786052286624908e-03
3.921178169548511505e-03
3.921178169548511505e-03
3.925569821149110794e-03
3.921178169548511505e-03
3.915322944521903992e-03
3.905076067894697189e-03
3.916786052286624908e-03
3.912394866347312927e-03
3.912394866347312927e-03
3.910930827260017395e-03
3.910930827260017395e-03
3.905076067894697189e-03
3.905076067894697189e-03
3.909466788172721863e-03
3.903612028807401657e-03
3.908003214746713638e-03
3.900683950632810593e-03
3.906539175659418106e-03
3.855304094031453133e-03
3.820172045379877090e-03
3.912394866347312927e-03
3.915322944521903992e-03
3.918250091373920441e-03
3.908003214746713638e-03
3.916786052286624908e-03
3.918250091373920441e-03
3.922642208635807037e-03
3.924105782061815262e-03
3.922642208635807037e-03
3.922642208635807037e-03
3.927032928913831711e-03
3.922642208635807037e-03
3.915322944521903992e-03
3.925569821149110794e-03
3.903612028807401657e-03
