4.063171800225973129e-03
4.032431170344352722e-03
4.028039053082466125e-03
4.032431170344352722e-03
4.030967131257057190e-03
4.016329068690538406e-03
4.020719788968563080e-03
4.025111906230449677e-03
4.023647867143154144e-03
4.020719788968563080e-03
4.014865029603242874e-03
4.026575945317745209e-03
4.028039053082466125e-03
4.025111906230449677e-03
4.014865029603242874e-03
4.020719788968563080e-03
3.979731816798448563e-03
3.912394866347312927e-03
3.861160017549991608e-03
3.884582081809639931e-03
4.029503092169761658e-03
4.038285929709672928e-03
4.039749968796968460e-03
4.025111906230449677e-03
4.044142086058855057e-03
4.039749968796968460e-03
4.039749968796968460e-03
4.042678046971559525e-03
4.041214007884263992e-03
4.041214007884263992e-03
4.047070164233446121e-03
4.047070164233446121e-03
4.036822821944952011e-03
4.038285929709672928e-03
4.038285929709672928e-03
4.025111906230449677e-03
4.022183828055858612e-03
4.023647867143154144e-03
4.017792176455259323e-03
4.020719788968563080e-03
4.022183828055858612e-03
4.009008873254060745e-03
4.022183828055858612e-03
4.026575945317745209e-03
4.023647867143154144e-03
4.017792176455259323e-03
4.023647867143154144e-03
4.022183828055858612e-03
3.970948979258537292e-03
3.909466788172721863e-03
3.893364919349551201e-03
4.022183828055858612e-03
4.039749968796968460e-03
4.042678046971559525e-03
4.045606125146150589e-03
4.044142086058855057e-03
4.044142086058855057e-03
4.045606125146150589e-03
4.041214007884263992e-03
4.044142086058855057e-03
4.042678046971559525e-03
4.048532806336879730e-03
4.045606125146150589e-03
4.049996845424175262e-03
4.049996845424175262e-03
4.035358782857656479e-03
4.032431170344352722e-03
4.026575945317745209e-03
4.020719788968563080e-03
4.014865029603242874e-03
4.022183828055858612e-03
4.028039053082466125e-03
4.029503092169761658e-03
4.025111906230449677e-03
4.022183828055858612e-03
4.022183828055858612e-03
4.023647867143154144e-03
4.022183828055858612e-03
4.010472912341356277e-03
4.020719788968563080e-03
3.970948979258537292e-03
3.916786052286624908e-03
3.994370810687541962e-03
4.041214007884263992e-03
4.044142086058855057e-03
4.044142086058855057e-03
4.045606125146150589e-03
4.035358782857656479e-03
4.045606125146150589e-03
4.048532806336879730e-03
4.047070164233446121e-03
4.051460884511470795e-03
4.051460884511470795e-03
4.051460884511470795e-03
4.049996845424175262e-03
4.051460884511470795e-03
4.079273901879787445e-03
