3.905076067894697189e-03
3.903612028807401657e-03
3.913858905434608459e-03
3.912394866347312927e-03
3.905076067894697189e-03
3.912394866347312927e-03
3.910930827260017395e-03
3.910930827260017395e-03
3.909466788172721863e-03
3.910930827260017395e-03
3.900683950632810593e-03
3.905076067894697189e-03
3.903612028807401657e-03
3.905076067894697189e-03
3.910930827260017395e-03
3.909466788172721863e-03
3.913858905434608459e-03
3.836273914203047752e-03
3.782111918553709984e-03
3.771865041926503181e-03
3.883118042722344398e-03
3.909466788172721863e-03
3.912394866347312927e-03
3.918250091373920441e-03
3.916786052286624908e-03
3.919714130461215973e-03
3.916786052286624908e-03
3.919714130461215973e-03
3.909466788172721863e-03
3.915322944521903992e-03
3.913858905434608459e-03
3.913858905434608459e-03
3.938743844628334045e-03
3.922642208635807037e-03
3.910930827260017395e-03
3.921178169548511505e-03
3.918250091373920441e-03
3.903612028807401657e-03
3.909466788172721863e-03
3.909466788172721863e-03
3.909466788172721863e-03
3.906539175659418106e-03
3.906539175659418106e-03
3.905076067894697189e-03
3.905076067894697189e-03
3.905076067894697189e-03
3.897756105288863182e-03
3.909466788172721863e-03
3.867015009745955467e-03
3.801142098382115364e-03
3.787966910749673843e-03
3.902147989720106125e-03
3.915322944521903992e-03
3.918250091373920441e-03
3.910930827260017395e-03
3.913858905434608459e-03
3.921178169548511505e-03
3.921178169548511505e-03
3.919714130461215973e-03
3.919714130461215973e-03
3.916786052286624908e-03
3.921178169548511505e-03
3.918250091373920441e-03
3.919714130461215973e-03
3.921178169548511505e-03
3.921178169548511505e-03
3.916786052286624908e-03
3.910930827260017395e-03
3.912394866347312927e-03
3.912394866347312927e-03
3.906539175659418106e-03
3.908003214746713638e-03
3.908003214746713638e-03
3.899219911545515060e-03
3.905076067894697189e-03
3.910930827260017395e-03
3.912394866347312927e-03
3.909466788172721863e-03
3.909466788172721863e-03
3.906539175659418106e-03
3.859695978462696075e-03
3.815779928117990494e-03
3.894828958436846733e-03
3.912394866347312927e-03
3.916786052286624908e-03
3.919714130461215973e-03
3.919714130461215973e-03
3.925569821149110794e-03
3.922642208635807037e-03
3.924105782061815262e-03
3.921178169548511505e-03
3.913858905434608459e-03
3.921178169548511505e-03
3.925569821149110794e-03
3.919714130461215973e-03
3.919714130461215973e-03
3.888973034918308258e-03
