3.905076067894697189e-03
3.916786052286624908e-03
3.916786052286624908e-03
3.900683950632810593e-03
3.909466788172721863e-03
3.905076067894697189e-03
3.906539175659418106e-03
3.906539175659418106e-03
3.905076067894697189e-03
3.905076067894697189e-03
3.905076067894697189e-03
3.905076067894697189e-03
3.902147989720106125e-03
3.906539175659418106e-03
3.906539175659418106e-03
3.908003214746713638e-03
3.853840986266732216e-03
3.795285942032933235e-03
3.757226048037409782e-03
3.833347000181674957e-03
3.906539175659418106e-03
3.902147989720106125e-03
3.913858905434608459e-03
3.916786052286624908e-03
3.915322944521903992e-03
3.918250091373920441e-03
3.915322944521903992e-03
3.916786052286624908e-03
3.915322944521903992e-03
3.912394866347312927e-03
3.906539175659418106e-03
3.910930827260017395e-03
3.925569821149110794e-03
3.919714130461215973e-03
3.915322944521903992e-03
3.913858905434608459e-03
3.910930827260017395e-03
3.910930827260017395e-03
3.905076067894697189e-03
3.897756105288863182e-03
3.902147989720106125e-03
3.905076067894697189e-03
3.910930827260017395e-03
3.908003214746713638e-03
3.908003214746713638e-03
3.903612028807401657e-03
3.905076067894697189e-03
3.906539175659418106e-03
3.833347000181674957e-03
3.798214020207524300e-03
3.864088095724582672e-03
3.908003214746713638e-03
3.916786052286624908e-03
3.918250091373920441e-03
3.921178169548511505e-03
3.919714130461215973e-03
3.919714130461215973e-03
3.913858905434608459e-03
3.918250091373920441e-03
3.918250091373920441e-03
3.919714130461215973e-03
3.915322944521903992e-03
3.916786052286624908e-03
3.940207883715629578e-03
3.919714130461215973e-03
3.921178169548511505e-03
3.903612028807401657e-03
3.909466788172721863e-03
3.902147989720106125e-03
3.905076067894697189e-03
3.902147989720106125e-03
3.913858905434608459e-03
3.912394866347312927e-03
3.908003214746713638e-03
3.913858905434608459e-03
3.902147989720106125e-03
3.897756105288863182e-03
3.902147989720106125e-03
3.903612028807401657e-03
3.881654003635048866e-03
3.818708006292581558e-03
3.850912908092141151e-03
3.916786052286624908e-03
3.922642208635807037e-03
3.913858905434608459e-03
3.921178169548511505e-03
3.921178169548511505e-03
3.918250091373920441e-03
3.919714130461215973e-03
3.928496968001127243e-03
3.932889085263013840e-03
3.927032928913831711e-03
3.921178169548511505e-03
3.922642208635807037e-03
3.922642208635807037e-03
3.925569821149110794e-03
3.891901113092899323e-03
