3.924105782061815262e-03
3.913858905434608459e-03
3.910930827260017395e-03
3.900683950632810593e-03
3.910930827260017395e-03
3.910930827260017395e-03
3.908003214746713638e-03
3.908003214746713638e-03
3.909466788172721863e-03
3.908003214746713638e-03
3.906539175659418106e-03
3.905076067894697189e-03
3.886044956743717194e-03
3.908003214746713638e-03
3.912394866347312927e-03
3.908003214746713638e-03
3.853840986266732216e-03
3.792359028011560440e-03
3.758690087124705315e-03
3.846521023660898209e-03
3.910930827260017395e-03
3.897756105288863182e-03
3.910930827260017395e-03
3.915322944521903992e-03
3.916786052286624908e-03
3.918250091373920441e-03
3.916786052286624908e-03
3.913858905434608459e-03
3.916786052286624908e-03
3.915322944521903992e-03
3.900683950632810593e-03
3.915322944521903992e-03
3.921178169548511505e-03
3.919714130461215973e-03
3.915322944521903992e-03
3.912394866347312927e-03
3.909466788172721863e-03
3.910930827260017395e-03
3.912394866347312927e-03
3.894828958436846733e-03
3.897756105288863182e-03
3.906539175659418106e-03
3.906539175659418106e-03
3.905076067894697189e-03
3.906539175659418106e-03
3.906539175659418106e-03
3.905076067894697189e-03
3.916786052286624908e-03
3.830418922007083893e-03
3.793821902945637703e-03
3.884582081809639931e-03
3.918250091373920441e-03
3.918250091373920441e-03
3.916786052286624908e-03
3.916786052286624908e-03
3.919714130461215973e-03
3.918250091373920441e-03
3.908003214746713638e-03
3.916786052286624908e-03
3.910930827260017395e-03
3.919714130461215973e-03
3.921178169548511505e-03
3.919714130461215973e-03
3.925569821149110794e-03
3.922642208635807037e-03
3.909466788172721863e-03
3.905076067894697189e-03
3.906539175659418106e-03
3.906539175659418106e-03
3.909466788172721863e-03
3.912394866347312927e-03
3.908003214746713638e-03
3.905076067894697189e-03
3.908003214746713638e-03
3.905076067894697189e-03
3.894828958436846733e-03
3.903612028807401657e-03
3.899219911545515060e-03
3.905076067894697189e-03
3.862624056637287140e-03
3.812853014096617699e-03
3.859695978462696075e-03
3.913858905434608459e-03
3.915322944521903992e-03
3.908003214746713638e-03
3.919714130461215973e-03
3.918250091373920441e-03
3.927032928913831711e-03
3.925569821149110794e-03
3.924105782061815262e-03
3.925569821149110794e-03
3.924105782061815262e-03
3.906539175659418106e-03
3.916786052286624908e-03
3.919714130461215973e-03
3.919714130461215973e-03
3.883118042722344398e-03
