3.869943087920546532e-03
3.905076067894697189e-03
3.915322944521903992e-03
3.938743844628334045e-03
3.948991186916828156e-03
3.954846877604722977e-03
3.962166141718626022e-03
3.963630180805921555e-03
3.968020901083946228e-03
3.968020901083946228e-03
3.968020901083946228e-03
3.957774024456739426e-03
3.965094219893217087e-03
3.963630180805921555e-03
3.966556861996650696e-03
3.966556861996650696e-03
3.905076067894697189e-03
3.902147989720106125e-03
3.902147989720106125e-03
3.897756105288863182e-03
3.890437074005603790e-03
3.896292066201567650e-03
3.897756105288863182e-03
3.893364919349551201e-03
3.899219911545515060e-03
3.903612028807401657e-03
3.903612028807401657e-03
3.899219911545515060e-03
3.900683950632810593e-03
3.884582081809639931e-03
3.896292066201567650e-03
3.899219911545515060e-03
3.931425046175718307e-03
3.940207883715629578e-03
3.962166141718626022e-03
3.960702102631330490e-03
3.960702102631330490e-03
3.965094219893217087e-03
3.948991186916828156e-03
3.962166141718626022e-03
3.963630180805921555e-03
3.965094219893217087e-03
3.966556861996650696e-03
3.965094219893217087e-03
3.972413018345832825e-03
3.966556861996650696e-03
3.968020901083946228e-03
3.968020901083946228e-03
3.894828958436846733e-03
3.891901113092899323e-03
3.896292066201567650e-03
3.894828958436846733e-03
3.899219911545515060e-03
3.897756105288863182e-03
3.897756105288863182e-03
3.896292066201567650e-03
3.896292066201567650e-03
3.894828958436846733e-03
3.897756105288863182e-03
3.890437074005603790e-03
3.893364919349551201e-03
3.896292066201567650e-03
3.891901113092899323e-03
3.897756105288863182e-03
3.935817163437604904e-03
3.947527147829532623e-03
3.951918799430131912e-03
3.956309985369443893e-03
3.957774024456739426e-03
3.962166141718626022e-03
3.962166141718626022e-03
3.962166141718626022e-03
3.963630180805921555e-03
3.957774024456739426e-03
3.963630180805921555e-03
3.951918799430131912e-03
3.963630180805921555e-03
3.966556861996650696e-03
3.963630180805921555e-03
3.963630180805921555e-03
3.891901113092899323e-03
3.891901113092899323e-03
3.891901113092899323e-03
3.893364919349551201e-03
3.884582081809639931e-03
3.897756105288863182e-03
3.891901113092899323e-03
3.893364919349551201e-03
3.890437074005603790e-03
3.893364919349551201e-03
3.890437074005603790e-03
3.893364919349551201e-03
3.896292066201567650e-03
3.877261886373162270e-03
3.896292066201567650e-03
3.893364919349551201e-03
3.793821902945637703e-03
