3.932889085263013840e-03
3.919714130461215973e-03
3.915322944521903992e-03
3.909466788172721863e-03
3.908003214746713638e-03
3.906539175659418106e-03
3.880189964547753334e-03
3.909466788172721863e-03
3.910930827260017395e-03
3.905076067894697189e-03
3.909466788172721863e-03
3.908003214746713638e-03
3.905076067894697189e-03
3.905076067894697189e-03
3.902147989720106125e-03
3.886044956743717194e-03
3.856767900288105011e-03
3.796749981120228767e-03
3.754297969862818718e-03
3.764545079320669174e-03
3.891901113092899323e-03
3.910930827260017395e-03
3.910930827260017395e-03
3.915322944521903992e-03
3.900683950632810593e-03
3.912394866347312927e-03
3.912394866347312927e-03
3.915322944521903992e-03
3.913858905434608459e-03
3.915322944521903992e-03
3.916786052286624908e-03
3.913858905434608459e-03
3.925569821149110794e-03
3.908003214746713638e-03
3.909466788172721863e-03
3.903612028807401657e-03
3.908003214746713638e-03
3.913858905434608459e-03
3.906539175659418106e-03
3.915322944521903992e-03
3.908003214746713638e-03
3.910930827260017395e-03
3.897756105288863182e-03
3.905076067894697189e-03
3.906539175659418106e-03
3.909466788172721863e-03
3.908003214746713638e-03
3.906539175659418106e-03
3.855304094031453133e-03
3.799678059294819832e-03
3.796749981120228767e-03
3.899219911545515060e-03
3.910930827260017395e-03
3.912394866347312927e-03
3.916786052286624908e-03
3.921178169548511505e-03
3.919714130461215973e-03
3.921178169548511505e-03
3.921178169548511505e-03
3.919714130461215973e-03
3.912394866347312927e-03
3.913858905434608459e-03
3.912394866347312927e-03
3.916786052286624908e-03
3.927032928913831711e-03
3.925569821149110794e-03
3.919714130461215973e-03
3.918250091373920441e-03
3.912394866347312927e-03
3.899219911545515060e-03
3.905076067894697189e-03
3.906539175659418106e-03
3.902147989720106125e-03
3.906539175659418106e-03
3.910930827260017395e-03
3.912394866347312927e-03
3.910930827260017395e-03
3.905076067894697189e-03
3.891901113092899323e-03
3.906539175659418106e-03
3.853840986266732216e-03
3.817243967205286026e-03
3.905076067894697189e-03
3.919714130461215973e-03
3.919714130461215973e-03
3.921178169548511505e-03
3.925569821149110794e-03
3.913858905434608459e-03
3.918250091373920441e-03
3.918250091373920441e-03
3.921178169548511505e-03
3.921178169548511505e-03
3.924105782061815262e-03
3.924105782061815262e-03
3.921178169548511505e-03
3.924105782061815262e-03
3.869943087920546532e-03
