4.029503092169761658e-03
4.039749968796968460e-03
4.022183828055858612e-03
4.022183828055858612e-03
4.004618152976036072e-03
4.029503092169761658e-03
4.026575945317745209e-03
4.022183828055858612e-03
4.026575945317745209e-03
4.028039053082466125e-03
4.025111906230449677e-03
4.026575945317745209e-03
4.022183828055858612e-03
3.998761996626853943e-03
4.014865029603242874e-03
4.022183828055858612e-03
3.982659894973039627e-03
3.912394866347312927e-03
3.864088095724582672e-03
3.928496968001127243e-03
4.033895209431648254e-03
4.036822821944952011e-03
4.017792176455259323e-03
4.032431170344352722e-03
4.045606125146150589e-03
4.039749968796968460e-03
4.041214007884263992e-03
4.049996845424175262e-03
4.044142086058855057e-03
4.041214007884263992e-03
4.044142086058855057e-03
4.032431170344352722e-03
4.033895209431648254e-03
4.029503092169761658e-03
4.029503092169761658e-03
4.025111906230449677e-03
4.026575945317745209e-03
4.025111906230449677e-03
4.025111906230449677e-03
4.025111906230449677e-03
4.017792176455259323e-03
4.017792176455259323e-03
4.019256215542554855e-03
4.019256215542554855e-03
4.023647867143154144e-03
4.026575945317745209e-03
4.028039053082466125e-03
4.020719788968563080e-03
3.970948979258537292e-03
3.908003214746713638e-03
3.924105782061815262e-03
4.032431170344352722e-03
4.032431170344352722e-03
4.036822821944952011e-03
4.047070164233446121e-03
4.049996845424175262e-03
4.044142086058855057e-03
4.047070164233446121e-03
4.044142086058855057e-03
4.036822821944952011e-03
4.044142086058855057e-03
4.044142086058855057e-03
4.038285929709672928e-03
4.044142086058855057e-03
4.045606125146150589e-03
4.033895209431648254e-03
4.029503092169761658e-03
4.028039053082466125e-03
4.011936951428651810e-03
4.019256215542554855e-03
4.028039053082466125e-03
4.019256215542554855e-03
4.016329068690538406e-03
4.029503092169761658e-03
4.028039053082466125e-03
4.023647867143154144e-03
4.023647867143154144e-03
4.006082192063331604e-03
4.019256215542554855e-03
4.042678046971559525e-03
3.954846877604722977e-03
3.915322944521903992e-03
4.028039053082466125e-03
4.044142086058855057e-03
4.048532806336879730e-03
4.047070164233446121e-03
4.033895209431648254e-03
4.045606125146150589e-03
4.045606125146150589e-03
4.048532806336879730e-03
4.048532806336879730e-03
4.041214007884263992e-03
4.045606125146150589e-03
4.044142086058855057e-03
4.054388962686061859e-03
4.038285929709672928e-03
4.033895209431648254e-03
