3.886044956743717194e-03
3.913858905434608459e-03
3.925569821149110794e-03
3.944600000977516174e-03
3.959238063544034958e-03
3.957774024456739426e-03
3.948991186916828156e-03
3.963630180805921555e-03
3.963630180805921555e-03
3.960702102631330490e-03
3.966556861996650696e-03
3.968020901083946228e-03
3.968020901083946228e-03
3.966556861996650696e-03
3.966556861996650696e-03
3.965094219893217087e-03
3.886044956743717194e-03
3.897756105288863182e-03
3.896292066201567650e-03
3.897756105288863182e-03
3.899219911545515060e-03
3.897756105288863182e-03
3.897756105288863182e-03
3.896292066201567650e-03
3.897756105288863182e-03
3.891901113092899323e-03
3.897756105288863182e-03
3.897756105288863182e-03
3.897756105288863182e-03
3.896292066201567650e-03
3.896292066201567650e-03
3.896292066201567650e-03
3.934353124350309372e-03
3.951918799430131912e-03
3.946064040064811707e-03
3.957774024456739426e-03
3.959238063544034958e-03
3.963630180805921555e-03
3.960702102631330490e-03
3.968020901083946228e-03
3.972413018345832825e-03
3.965094219893217087e-03
3.965094219893217087e-03
3.954846877604722977e-03
3.963630180805921555e-03
3.959238063544034958e-03
3.962166141718626022e-03
3.966556861996650696e-03
3.903612028807401657e-03
3.897756105288863182e-03
3.899219911545515060e-03
3.894828958436846733e-03
3.877261886373162270e-03
3.896292066201567650e-03
3.899219911545515060e-03
3.894828958436846733e-03
3.897756105288863182e-03
3.896292066201567650e-03
3.893364919349551201e-03
3.896292066201567650e-03
3.897756105288863182e-03
3.886044956743717194e-03
3.893364919349551201e-03
3.937279805541038513e-03
3.931425046175718307e-03
3.940207883715629578e-03
3.957774024456739426e-03
3.963630180805921555e-03
3.956309985369443893e-03
3.968020901083946228e-03
3.954846877604722977e-03
3.960702102631330490e-03
3.962166141718626022e-03
3.963630180805921555e-03
3.965094219893217087e-03
3.965094219893217087e-03
3.968020901083946228e-03
3.960702102631330490e-03
3.962166141718626022e-03
3.910930827260017395e-03
3.883118042722344398e-03
3.894828958436846733e-03
3.899219911545515060e-03
3.893364919349551201e-03
3.899219911545515060e-03
3.893364919349551201e-03
3.897756105288863182e-03
3.896292066201567650e-03
3.896292066201567650e-03
3.893364919349551201e-03
3.894828958436846733e-03
3.897756105288863182e-03
3.890437074005603790e-03
3.891901113092899323e-03
3.896292066201567650e-03
3.897756105288863182e-03
3.799678059294819832e-03
