3.900683950632810593e-03
3.910930827260017395e-03
3.919714130461215973e-03
3.918250091373920441e-03
3.916786052286624908e-03
3.913858905434608459e-03
3.906539175659418106e-03
3.896292066201567650e-03
3.905076067894697189e-03
3.906539175659418106e-03
3.905076067894697189e-03
3.905076067894697189e-03
3.908003214746713638e-03
3.908003214746713638e-03
3.915322944521903992e-03
3.910930827260017395e-03
3.880189964547753334e-03
3.830418922007083893e-03
3.776255995035171509e-03
3.755762008950114250e-03
3.864088095724582672e-03
3.908003214746713638e-03
3.916786052286624908e-03
3.916786052286624908e-03
3.922642208635807037e-03
3.906539175659418106e-03
3.912394866347312927e-03
3.916786052286624908e-03
3.909466788172721863e-03
3.913858905434608459e-03
3.915322944521903992e-03
3.912394866347312927e-03
3.932889085263013840e-03
3.922642208635807037e-03
3.906539175659418106e-03
3.909466788172721863e-03
3.910930827260017395e-03
3.906539175659418106e-03
3.908003214746713638e-03
3.908003214746713638e-03
3.909466788172721863e-03
3.908003214746713638e-03
3.905076067894697189e-03
3.899219911545515060e-03
3.906539175659418106e-03
3.906539175659418106e-03
3.908003214746713638e-03
3.908003214746713638e-03
3.862624056637287140e-03
3.802605904638767242e-03
3.776255995035171509e-03
3.890437074005603790e-03
3.902147989720106125e-03
3.916786052286624908e-03
3.921178169548511505e-03
3.921178169548511505e-03
3.921178169548511505e-03
3.921178169548511505e-03
3.918250091373920441e-03
3.916786052286624908e-03
3.921178169548511505e-03
3.910930827260017395e-03
3.916786052286624908e-03
3.915322944521903992e-03
3.928496968001127243e-03
3.918250091373920441e-03
3.918250091373920441e-03
3.912394866347312927e-03
3.912394866347312927e-03
3.884582081809639931e-03
3.905076067894697189e-03
3.902147989720106125e-03
3.905076067894697189e-03
3.902147989720106125e-03
3.905076067894697189e-03
3.902147989720106125e-03
3.910930827260017395e-03
3.909466788172721863e-03
3.887508995831012726e-03
3.905076067894697189e-03
3.856767900288105011e-03
3.806997090578079224e-03
3.887508995831012726e-03
3.913858905434608459e-03
3.912394866347312927e-03
3.922642208635807037e-03
3.922642208635807037e-03
3.905076067894697189e-03
3.918250091373920441e-03
3.921178169548511505e-03
3.922642208635807037e-03
3.922642208635807037e-03
3.919714130461215973e-03
3.918250091373920441e-03
3.924105782061815262e-03
3.925569821149110794e-03
3.834810107946395874e-03
