4.036822821944952011e-03
4.029503092169761658e-03
4.026575945317745209e-03
4.022183828055858612e-03
4.025111906230449677e-03
4.028039053082466125e-03
4.025111906230449677e-03
4.017792176455259323e-03
4.025111906230449677e-03
4.025111906230449677e-03
4.023647867143154144e-03
4.023647867143154144e-03
4.026575945317745209e-03
4.026575945317745209e-03
4.025111906230449677e-03
3.981195855885744095e-03
3.938743844628334045e-03
3.890437074005603790e-03
3.862624056637287140e-03
3.953382838517427444e-03
4.038285929709672928e-03
4.035358782857656479e-03
4.038285929709672928e-03
4.038285929709672928e-03
4.039749968796968460e-03
4.028039053082466125e-03
4.033895209431648254e-03
4.038285929709672928e-03
4.041214007884263992e-03
4.041214007884263992e-03
4.045606125146150589e-03
4.042678046971559525e-03
4.041214007884263992e-03
4.028039053082466125e-03
4.014865029603242874e-03
4.017792176455259323e-03
4.020719788968563080e-03
4.022183828055858612e-03
4.022183828055858612e-03
4.026575945317745209e-03
4.025111906230449677e-03
4.023647867143154144e-03
4.019256215542554855e-03
4.009008873254060745e-03
4.020719788968563080e-03
4.019256215542554855e-03
4.019256215542554855e-03
3.979731816798448563e-03
3.918250091373920441e-03
3.869943087920546532e-03
3.957774024456739426e-03
4.035358782857656479e-03
4.011936951428651810e-03
4.035358782857656479e-03
4.038285929709672928e-03
4.039749968796968460e-03
4.048532806336879730e-03
4.045606125146150589e-03
4.042678046971559525e-03
4.049996845424175262e-03
4.042678046971559525e-03
4.028039053082466125e-03
4.035358782857656479e-03
4.045606125146150589e-03
4.039749968796968460e-03
4.026575945317745209e-03
4.029503092169761658e-03
4.028039053082466125e-03
4.026575945317745209e-03
4.026575945317745209e-03
4.026575945317745209e-03
4.020719788968563080e-03
4.020719788968563080e-03
4.025111906230449677e-03
4.022183828055858612e-03
4.030967131257057190e-03
4.028039053082466125e-03
4.028039053082466125e-03
4.020719788968563080e-03
3.978267777711153030e-03
3.910930827260017395e-03
3.924105782061815262e-03
4.030967131257057190e-03
4.035358782857656479e-03
4.045606125146150589e-03
4.048532806336879730e-03
4.049996845424175262e-03
4.045606125146150589e-03
4.045606125146150589e-03
4.035358782857656479e-03
4.042678046971559525e-03
4.045606125146150589e-03
4.047070164233446121e-03
4.045606125146150589e-03
4.049996845424175262e-03
4.206629935652017593e-03
