4.025111906230449677e-03
4.032431170344352722e-03
4.025111906230449677e-03
4.016329068690538406e-03
4.028039053082466125e-03
4.026575945317745209e-03
4.023647867143154144e-03
4.019256215542554855e-03
4.017792176455259323e-03
4.025111906230449677e-03
4.025111906230449677e-03
4.022183828055858612e-03
4.020719788968563080e-03
4.020719788968563080e-03
4.026575945317745209e-03
4.025111906230449677e-03
4.003154113888740540e-03
3.943135961890220642e-03
3.886044956743717194e-03
3.869943087920546532e-03
4.000226035714149475e-03
4.023647867143154144e-03
4.036822821944952011e-03
4.038285929709672928e-03
4.036822821944952011e-03
4.035358782857656479e-03
4.039749968796968460e-03
4.036822821944952011e-03
4.039749968796968460e-03
4.039749968796968460e-03
4.026575945317745209e-03
4.035358782857656479e-03
4.051460884511470795e-03
4.041214007884263992e-03
4.028039053082466125e-03
4.023647867143154144e-03
4.022183828055858612e-03
4.019256215542554855e-03
4.022183828055858612e-03
4.009008873254060745e-03
4.023647867143154144e-03
4.017792176455259323e-03
4.020719788968563080e-03
4.023647867143154144e-03
4.025111906230449677e-03
4.025111906230449677e-03
4.023647867143154144e-03
4.022183828055858612e-03
3.957774024456739426e-03
3.916786052286624908e-03
3.881654003635048866e-03
4.004618152976036072e-03
4.035358782857656479e-03
4.038285929709672928e-03
4.036822821944952011e-03
4.048532806336879730e-03
4.048532806336879730e-03
4.033895209431648254e-03
4.033895209431648254e-03
4.044142086058855057e-03
4.038285929709672928e-03
4.045606125146150589e-03
4.045606125146150589e-03
4.044142086058855057e-03
4.048532806336879730e-03
4.030967131257057190e-03
4.019256215542554855e-03
4.022183828055858612e-03
4.025111906230449677e-03
4.023647867143154144e-03
4.022183828055858612e-03
4.019256215542554855e-03
4.023647867143154144e-03
4.026575945317745209e-03
4.025111906230449677e-03
4.023647867143154144e-03
4.011936951428651810e-03
4.019256215542554855e-03
4.017792176455259323e-03
4.022183828055858612e-03
3.973877057433128357e-03
3.916786052286624908e-03
3.959238063544034958e-03
4.030967131257057190e-03
4.044142086058855057e-03
4.032431170344352722e-03
4.042678046971559525e-03
4.042678046971559525e-03
4.047070164233446121e-03
4.049996845424175262e-03
4.048532806336879730e-03
4.047070164233446121e-03
4.047070164233446121e-03
4.048532806336879730e-03
4.038285929709672928e-03
4.042678046971559525e-03
3.991443198174238205e-03
