4.033895209431648254e-03
4.032431170344352722e-03
4.029503092169761658e-03
4.028039053082466125e-03
4.009008873254060745e-03
4.022183828055858612e-03
4.022183828055858612e-03
4.023647867143154144e-03
4.022183828055858612e-03
4.022183828055858612e-03
4.028039053082466125e-03
4.029503092169761658e-03
4.029503092169761658e-03
4.004618152976036072e-03
4.026575945317745209e-03
4.022183828055858612e-03
3.956309985369443893e-03
3.897756105288863182e-03
3.877261886373162270e-03
3.989979159086942673e-03
4.038285929709672928e-03
4.038285929709672928e-03
4.023647867143154144e-03
4.032431170344352722e-03
4.044142086058855057e-03
4.045606125146150589e-03
4.047070164233446121e-03
4.049996845424175262e-03
4.042678046971559525e-03
4.039749968796968460e-03
4.039749968796968460e-03
4.080737940967082977e-03
4.042678046971559525e-03
4.032431170344352722e-03
4.030967131257057190e-03
4.025111906230449677e-03
4.025111906230449677e-03
4.022183828055858612e-03
4.023647867143154144e-03
4.020719788968563080e-03
4.022183828055858612e-03
4.022183828055858612e-03
4.025111906230449677e-03
4.025111906230449677e-03
4.020719788968563080e-03
4.020719788968563080e-03
4.020719788968563080e-03
4.007544834166765213e-03
3.935817163437604904e-03
3.887508995831012726e-03
3.966556861996650696e-03
4.035358782857656479e-03
4.041214007884263992e-03
4.041214007884263992e-03
4.039749968796968460e-03
4.042678046971559525e-03
4.047070164233446121e-03
4.048532806336879730e-03
4.045606125146150589e-03
4.035358782857656479e-03
4.042678046971559525e-03
4.042678046971559525e-03
4.047070164233446121e-03
4.063171800225973129e-03
4.044142086058855057e-03
4.032431170344352722e-03
4.028039053082466125e-03
4.025111906230449677e-03
4.011936951428651810e-03
4.020719788968563080e-03
4.030967131257057190e-03
4.029503092169761658e-03
4.022183828055858612e-03
4.028039053082466125e-03
4.028039053082466125e-03
4.022183828055858612e-03
4.020719788968563080e-03
4.007544834166765213e-03
4.019256215542554855e-03
3.979731816798448563e-03
3.919714130461215973e-03
3.932889085263013840e-03
4.029503092169761658e-03
4.039749968796968460e-03
4.041214007884263992e-03
4.045606125146150589e-03
4.029503092169761658e-03
4.048532806336879730e-03
4.049996845424175262e-03
4.048532806336879730e-03
4.045606125146150589e-03
4.047070164233446121e-03
4.045606125146150589e-03
4.057317040860652924e-03
4.052924923598766327e-03
4.028039053082466125e-03
