4.070491064339876175e-03
4.086594097316265106e-03
4.093912895768880844e-03
4.095376934856176376e-03
4.099768120795488358e-03
4.104159772396087646e-03
4.104159772396087646e-03
4.104159772396087646e-03
4.112943075597286224e-03
4.101232159882783890e-03
4.107087850570678711e-03
4.108551889657974243e-03
4.108551889657974243e-03
4.110014997422695160e-03
4.105623811483383179e-03
4.107087850570678711e-03
4.130509216338396072e-03
4.171497188508510590e-03
4.174424801021814346e-03
4.206629935652017593e-03
4.222732037305831909e-03
4.225660115480422974e-03
4.235906992107629776e-03
4.246153868734836578e-03
4.241762217134237289e-03
4.241762217134237289e-03
4.237371031194925308e-03
4.227124154567718506e-03
4.238835070282220840e-03
4.237371031194925308e-03
4.244689829647541046e-03
4.244689829647541046e-03
4.193454980850219727e-03
4.146611783653497696e-03
4.127582069486379623e-03
4.108551889657974243e-03
4.104159772396087646e-03
4.118799231946468353e-03
4.114407114684581757e-03
4.108551889657974243e-03
4.107087850570678711e-03
4.111479036509990692e-03
4.105623811483383179e-03
4.107087850570678711e-03
4.102696198970079422e-03
4.104159772396087646e-03
4.107087850570678711e-03
4.108551889657974243e-03
4.140756092965602875e-03
4.174424801021814346e-03
4.199311137199401855e-03
4.221267998218536377e-03
4.227124154567718506e-03
4.221267998218536377e-03
4.234442953020334244e-03
4.237371031194925308e-03
4.240299109369516373e-03
4.237371031194925308e-03
4.237371031194925308e-03
4.241762217134237289e-03
4.246153868734836578e-03
4.240299109369516373e-03
4.234442953020334244e-03
4.234442953020334244e-03
4.172961227595806122e-03
4.137828946113586426e-03
4.127582069486379623e-03
4.120261874049901962e-03
4.117335192859172821e-03
4.112943075597286224e-03
4.088058136403560638e-03
4.104159772396087646e-03
4.105623811483383179e-03
4.107087850570678711e-03
4.111479036509990692e-03
4.112943075597286224e-03
4.110014997422695160e-03
4.110014997422695160e-03
4.108551889657974243e-03
4.114407114684581757e-03
4.142220132052898407e-03
4.181744065135717392e-03
4.203701857477426529e-03
4.218340851366519928e-03
4.228588193655014038e-03
4.230052232742309570e-03
4.231514874845743179e-03
4.240299109369516373e-03
4.228588193655014038e-03
4.240299109369516373e-03
4.243225790560245514e-03
4.243225790560245514e-03
4.243225790560245514e-03
4.240299109369516373e-03
4.237371031194925308e-03
4.246153868734836578e-03
4.262255970388650894e-03
