4.060244187712669373e-03
4.076347220689058304e-03
4.088058136403560638e-03
4.089520778506994247e-03
4.098305013030767441e-03
4.107087850570678711e-03
4.107087850570678711e-03
4.107087850570678711e-03
4.090984817594289780e-03
4.105623811483383179e-03
4.102696198970079422e-03
4.107087850570678711e-03
4.114407114684581757e-03
4.107087850570678711e-03
4.108551889657974243e-03
4.107087850570678711e-03
4.110014997422695160e-03
4.140756092965602875e-03
4.189063794910907745e-03
4.205165896564722061e-03
4.221267998218536377e-03
4.227124154567718506e-03
4.234442953020334244e-03
4.234442953020334244e-03
4.235906992107629776e-03
4.241762217134237289e-03
4.227124154567718506e-03
4.238835070282220840e-03
4.240299109369516373e-03
4.234442953020334244e-03
4.240299109369516373e-03
4.244689829647541046e-03
4.221267998218536377e-03
4.158323165029287338e-03
4.112943075597286224e-03
4.117335192859172821e-03
4.111479036509990692e-03
4.108551889657974243e-03
4.108551889657974243e-03
4.107087850570678711e-03
4.107087850570678711e-03
4.110014997422695160e-03
4.110014997422695160e-03
4.088058136403560638e-03
4.107087850570678711e-03
4.104159772396087646e-03
4.111479036509990692e-03
4.111479036509990692e-03
4.126118030399084091e-03
4.167106002569198608e-03
4.194919019937515259e-03
4.212485160678625107e-03
4.206629935652017593e-03
4.221267998218536377e-03
4.234442953020334244e-03
4.237371031194925308e-03
4.244689829647541046e-03
4.243225790560245514e-03
4.237371031194925308e-03
4.240299109369516373e-03
4.240299109369516373e-03
4.230052232742309570e-03
4.238835070282220840e-03
4.244689829647541046e-03
4.194919019937515259e-03
4.146611783653497696e-03
4.129046108573675156e-03
4.118799231946468353e-03
4.112943075597286224e-03
4.111479036509990692e-03
4.108551889657974243e-03
4.111479036509990692e-03
4.110014997422695160e-03
4.107087850570678711e-03
4.105623811483383179e-03
4.104159772396087646e-03
4.105623811483383179e-03
4.112943075597286224e-03
4.112943075597286224e-03
4.098305013030767441e-03
4.139292985200881958e-03
4.175888840109109879e-03
4.197847098112106323e-03
4.212485160678625107e-03
4.221267998218536377e-03
4.227124154567718506e-03
4.237371031194925308e-03
4.240299109369516373e-03
4.234442953020334244e-03
4.235906992107629776e-03
4.240299109369516373e-03
4.238835070282220840e-03
4.240299109369516373e-03
4.247617907822132111e-03
4.244689829647541046e-03
4.243225790560245514e-03
4.193454980850219727e-03
