4.058780148625373840e-03
4.079273901879787445e-03
4.074883181601762772e-03
4.092448856681585312e-03
4.095376934856176376e-03
4.101232159882783890e-03
4.108551889657974243e-03
4.110014997422695160e-03
4.110014997422695160e-03
4.108551889657974243e-03
4.107087850570678711e-03
4.095376934856176376e-03
4.104159772396087646e-03
4.104159772396087646e-03
4.105623811483383179e-03
4.105623811483383179e-03
4.126118030399084091e-03
4.171497188508510590e-03
4.196383059024810791e-03
4.212485160678625107e-03
4.216876812279224396e-03
4.227124154567718506e-03
4.230052232742309570e-03
4.235906992107629776e-03
4.234442953020334244e-03
4.240299109369516373e-03
4.244689829647541046e-03
4.241762217134237289e-03
4.218340851366519928e-03
4.235906992107629776e-03
4.240299109369516373e-03
4.238835070282220840e-03
4.193454980850219727e-03
4.146611783653497696e-03
4.123189952224493027e-03
4.115871153771877289e-03
4.117335192859172821e-03
4.098305013030767441e-03
4.107087850570678711e-03
4.104159772396087646e-03
4.107087850570678711e-03
4.105623811483383179e-03
4.104159772396087646e-03
4.108551889657974243e-03
4.105623811483383179e-03
4.107087850570678711e-03
4.093912895768880844e-03
4.107087850570678711e-03
4.136364907026290894e-03
4.174424801021814346e-03
4.197847098112106323e-03
4.211021121591329575e-03
4.221267998218536377e-03
4.227124154567718506e-03
4.238835070282220840e-03
4.232978913933038712e-03
4.240299109369516373e-03
4.238835070282220840e-03
4.237371031194925308e-03
4.243225790560245514e-03
4.237371031194925308e-03
4.238835070282220840e-03
4.238835070282220840e-03
4.241762217134237289e-03
4.177352879196405411e-03
4.142220132052898407e-03
4.124653991311788559e-03
4.115871153771877289e-03
4.114407114684581757e-03
4.111479036509990692e-03
4.112943075597286224e-03
4.107087850570678711e-03
4.093912895768880844e-03
4.104159772396087646e-03
4.115871153771877289e-03
4.108551889657974243e-03
4.105623811483383179e-03
4.108551889657974243e-03
4.104159772396087646e-03
4.105623811483383179e-03
4.143684171140193939e-03
4.167106002569198608e-03
4.199311137199401855e-03
4.219804890453815460e-03
4.227124154567718506e-03
4.234442953020334244e-03
4.237371031194925308e-03
4.235906992107629776e-03
4.235906992107629776e-03
4.238835070282220840e-03
4.228588193655014038e-03
4.237371031194925308e-03
4.247617907822132111e-03
4.243225790560245514e-03
4.238835070282220840e-03
4.238835070282220840e-03
4.238835070282220840e-03
