4.088058136403560638e-03
4.118799231946468353e-03
4.171497188508510590e-03
4.211021121591329575e-03
4.235906992107629776e-03
4.253473132848739624e-03
4.262255970388650894e-03
4.268112126737833023e-03
4.276894964277744293e-03
4.279823042452335358e-03
4.282750189304351807e-03
4.284214228391647339e-03
4.288605879992246628e-03
4.287141840904951096e-03
4.288605879992246628e-03
4.290069919079542160e-03
4.252009093761444092e-03
4.159787204116582870e-03
4.153931047767400742e-03
4.149539861828088760e-03
4.146611783653497696e-03
4.151002969592809677e-03
4.152467008680105209e-03
4.152467008680105209e-03
4.152467008680105209e-03
4.153931047767400742e-03
4.152467008680105209e-03
4.151002969592809677e-03
4.134900867938995361e-03
4.145148210227489471e-03
4.155395086854696274e-03
4.155395086854696274e-03
4.196383059024810791e-03
4.221267998218536377e-03
4.244689829647541046e-03
4.257864784449338913e-03
4.269576165825128555e-03
4.256401211023330688e-03
4.275430925190448761e-03
4.279823042452335358e-03
4.282750189304351807e-03
4.284214228391647339e-03
4.285677801817655563e-03
4.284214228391647339e-03
4.287141840904951096e-03
4.284214228391647339e-03
4.285677801817655563e-03
4.281287081539630890e-03
4.193454980850219727e-03
4.155395086854696274e-03
4.153931047767400742e-03
4.151002969592809677e-03
4.146611783653497696e-03
4.149539861828088760e-03
4.148075822740793228e-03
4.137828946113586426e-03
4.142220132052898407e-03
4.145148210227489471e-03
4.148075822740793228e-03
4.149539861828088760e-03
4.151002969592809677e-03
4.151002969592809677e-03
4.146611783653497696e-03
4.151002969592809677e-03
4.191990941762924194e-03
4.222732037305831909e-03
4.244689829647541046e-03
4.259328823536634445e-03
4.273966886103153229e-03
4.281287081539630890e-03
4.284214228391647339e-03
4.282750189304351807e-03
4.287141840904951096e-03
4.282750189304351807e-03
4.282750189304351807e-03
4.284214228391647339e-03
4.281287081539630890e-03
4.290069919079542160e-03
4.292997065931558609e-03
4.290069919079542160e-03
4.177352879196405411e-03
4.151002969592809677e-03
4.143684171140193939e-03
4.146611783653497696e-03
4.146611783653497696e-03
4.145148210227489471e-03
4.146611783653497696e-03
4.143684171140193939e-03
4.143684171140193939e-03
4.143684171140193939e-03
4.149539861828088760e-03
4.146611783653497696e-03
4.146611783653497696e-03
4.142220132052898407e-03
4.145148210227489471e-03
4.146611783653497696e-03
4.023647867143154144e-03
