4.184672143310308456e-03
4.129046108573675156e-03
4.178816918283700943e-03
4.215412773191928864e-03
4.238835070282220840e-03
4.254937171936035156e-03
4.268112126737833023e-03
4.272502847015857697e-03
4.285677801817655563e-03
4.287141840904951096e-03
4.268112126737833023e-03
4.284214228391647339e-03
4.288605879992246628e-03
4.290069919079542160e-03
4.282750189304351807e-03
4.290069919079542160e-03
4.189063794910907745e-03
4.156859125941991806e-03
4.149539861828088760e-03
4.143684171140193939e-03
4.151002969592809677e-03
4.151002969592809677e-03
4.152467008680105209e-03
4.152467008680105209e-03
4.151002969592809677e-03
4.151002969592809677e-03
4.151002969592809677e-03
4.148075822740793228e-03
4.139292985200881958e-03
4.155395086854696274e-03
4.152467008680105209e-03
4.149539861828088760e-03
4.191990941762924194e-03
4.228588193655014038e-03
4.244689829647541046e-03
4.260792862623929977e-03
4.269576165825128555e-03
4.266648087650537491e-03
4.278359003365039825e-03
4.284214228391647339e-03
4.285677801817655563e-03
4.284214228391647339e-03
4.285677801817655563e-03
4.281287081539630890e-03
4.287141840904951096e-03
4.285677801817655563e-03
4.282750189304351807e-03
4.278359003365039825e-03
4.171497188508510590e-03
4.159787204116582870e-03
4.151002969592809677e-03
4.151002969592809677e-03
4.148075822740793228e-03
4.149539861828088760e-03
4.146611783653497696e-03
4.142220132052898407e-03
4.146611783653497696e-03
4.152467008680105209e-03
4.148075822740793228e-03
4.151002969592809677e-03
4.148075822740793228e-03
4.148075822740793228e-03
4.149539861828088760e-03
4.145148210227489471e-03
4.180280957370996475e-03
4.234442953020334244e-03
4.252009093761444092e-03
4.262255970388650894e-03
4.273966886103153229e-03
4.278359003365039825e-03
4.279823042452335358e-03
4.281287081539630890e-03
4.281287081539630890e-03
4.282750189304351807e-03
4.284214228391647339e-03
4.290069919079542160e-03
4.285677801817655563e-03
4.287141840904951096e-03
4.287141840904951096e-03
4.287141840904951096e-03
4.168570041656494141e-03
4.151002969592809677e-03
4.134900867938995361e-03
4.146611783653497696e-03
4.151002969592809677e-03
4.149539861828088760e-03
4.146611783653497696e-03
4.148075822740793228e-03
4.151002969592809677e-03
4.146611783653497696e-03
4.146611783653497696e-03
4.127582069486379623e-03
4.143684171140193939e-03
4.148075822740793228e-03
4.151002969592809677e-03
4.142220132052898407e-03
4.016329068690538406e-03
