4.117335192859172821e-03
4.140756092965602875e-03
4.181744065135717392e-03
4.208093974739313126e-03
4.237371031194925308e-03
4.253473132848739624e-03
4.266648087650537491e-03
4.271040204912424088e-03
4.281287081539630890e-03
4.284214228391647339e-03
4.288605879992246628e-03
4.288605879992246628e-03
4.287141840904951096e-03
4.279823042452335358e-03
4.284214228391647339e-03
4.287141840904951096e-03
4.191990941762924194e-03
4.161249846220016479e-03
4.156859125941991806e-03
4.152467008680105209e-03
4.153931047767400742e-03
4.134900867938995361e-03
4.149539861828088760e-03
4.151002969592809677e-03
4.151002969592809677e-03
4.151002969592809677e-03
4.151002969592809677e-03
4.152467008680105209e-03
4.155395086854696274e-03
4.153931047767400742e-03
4.149539861828088760e-03
4.145148210227489471e-03
4.190527833998203278e-03
4.225660115480422974e-03
4.246153868734836578e-03
4.259328823536634445e-03
4.268112126737833023e-03
4.275430925190448761e-03
4.279823042452335358e-03
4.269576165825128555e-03
4.281287081539630890e-03
4.284214228391647339e-03
4.285677801817655563e-03
4.282750189304351807e-03
4.287141840904951096e-03
4.287141840904951096e-03
4.285677801817655563e-03
4.285677801817655563e-03
4.168570041656494141e-03
4.153931047767400742e-03
4.149539861828088760e-03
4.153931047767400742e-03
4.149539861828088760e-03
4.149539861828088760e-03
4.148075822740793228e-03
4.149539861828088760e-03
4.146611783653497696e-03
4.140756092965602875e-03
4.148075822740793228e-03
4.146611783653497696e-03
4.148075822740793228e-03
4.149539861828088760e-03
4.148075822740793228e-03
4.145148210227489471e-03
4.199311137199401855e-03
4.228588193655014038e-03
4.250545985996723175e-03
4.262255970388650894e-03
4.271040204912424088e-03
4.275430925190448761e-03
4.281287081539630890e-03
4.282750189304351807e-03
4.287141840904951096e-03
4.284214228391647339e-03
4.284214228391647339e-03
4.290069919079542160e-03
4.281287081539630890e-03
4.287141840904951096e-03
4.287141840904951096e-03
4.287141840904951096e-03
4.162713885307312012e-03
4.151002969592809677e-03
4.151002969592809677e-03
4.145148210227489471e-03
4.146611783653497696e-03
4.140756092965602875e-03
4.149539861828088760e-03
4.149539861828088760e-03
4.148075822740793228e-03
4.145148210227489471e-03
4.145148210227489471e-03
4.145148210227489471e-03
4.145148210227489471e-03
4.146611783653497696e-03
4.142220132052898407e-03
4.146611783653497696e-03
4.055853001773357391e-03
