3.976804204285144806e-03
4.136364907026290894e-03
4.174424801021814346e-03
4.205165896564722061e-03
4.238835070282220840e-03
4.253473132848739624e-03
4.268112126737833023e-03
4.275430925190448761e-03
4.276894964277744293e-03
4.279823042452335358e-03
4.281287081539630890e-03
4.285677801817655563e-03
4.278359003365039825e-03
4.282750189304351807e-03
4.288605879992246628e-03
4.285677801817655563e-03
4.213949199765920639e-03
4.158323165029287338e-03
4.151002969592809677e-03
4.151002969592809677e-03
4.153931047767400742e-03
4.151002969592809677e-03
4.151002969592809677e-03
4.151002969592809677e-03
4.152467008680105209e-03
4.152467008680105209e-03
4.153931047767400742e-03
4.146611783653497696e-03
4.145148210227489471e-03
4.153931047767400742e-03
4.143684171140193939e-03
4.151002969592809677e-03
4.196383059024810791e-03
4.221267998218536377e-03
4.244689829647541046e-03
4.259328823536634445e-03
4.272502847015857697e-03
4.273966886103153229e-03
4.279823042452335358e-03
4.268112126737833023e-03
4.276894964277744293e-03
4.279823042452335358e-03
4.287141840904951096e-03
4.287141840904951096e-03
4.288605879992246628e-03
4.288605879992246628e-03
4.290069919079542160e-03
4.287141840904951096e-03
4.172961227595806122e-03
4.152467008680105209e-03
4.151002969592809677e-03
4.149539861828088760e-03
4.151002969592809677e-03
4.146611783653497696e-03
4.148075822740793228e-03
4.148075822740793228e-03
4.151002969592809677e-03
4.137828946113586426e-03
4.148075822740793228e-03
4.143684171140193939e-03
4.156859125941991806e-03
4.151002969592809677e-03
4.149539861828088760e-03
4.148075822740793228e-03
4.196383059024810791e-03
4.228588193655014038e-03
4.243225790560245514e-03
4.256401211023330688e-03
4.268112126737833023e-03
4.276894964277744293e-03
4.278359003365039825e-03
4.285677801817655563e-03
4.285677801817655563e-03
4.287141840904951096e-03
4.287141840904951096e-03
4.268112126737833023e-03
4.282750189304351807e-03
4.285677801817655563e-03
4.282750189304351807e-03
4.294461105018854141e-03
4.170034080743789673e-03
4.153931047767400742e-03
4.149539861828088760e-03
4.145148210227489471e-03
4.134900867938995361e-03
4.143684171140193939e-03
4.148075822740793228e-03
4.145148210227489471e-03
4.151002969592809677e-03
4.145148210227489471e-03
4.149539861828088760e-03
4.149539861828088760e-03
4.148075822740793228e-03
4.134900867938995361e-03
4.143684171140193939e-03
4.143684171140193939e-03
4.090984817594289780e-03
