4.039749968796968460e-03
4.069027025252580643e-03
4.083666019141674042e-03
4.089520778506994247e-03
4.099768120795488358e-03
4.099768120795488358e-03
4.096840973943471909e-03
4.102696198970079422e-03
4.110014997422695160e-03
4.107087850570678711e-03
4.105623811483383179e-03
4.105623811483383179e-03
4.110014997422695160e-03
4.107087850570678711e-03
4.105623811483383179e-03
4.096840973943471909e-03
4.143684171140193939e-03
4.149539861828088760e-03
4.183208104223012924e-03
4.205165896564722061e-03
4.213949199765920639e-03
4.225660115480422974e-03
4.230052232742309570e-03
4.227124154567718506e-03
4.234442953020334244e-03
4.235906992107629776e-03
4.234442953020334244e-03
4.235906992107629776e-03
4.240299109369516373e-03
4.240299109369516373e-03
4.240299109369516373e-03
4.240299109369516373e-03
4.227124154567718506e-03
4.156859125941991806e-03
4.127582069486379623e-03
4.123189952224493027e-03
4.120261874049901962e-03
4.110014997422695160e-03
4.107087850570678711e-03
4.107087850570678711e-03
4.107087850570678711e-03
4.099768120795488358e-03
4.102696198970079422e-03
4.105623811483383179e-03
4.107087850570678711e-03
4.107087850570678711e-03
4.105623811483383179e-03
4.110014997422695160e-03
4.124653991311788559e-03
4.167106002569198608e-03
4.178816918283700943e-03
4.205165896564722061e-03
4.216876812279224396e-03
4.224196076393127441e-03
4.234442953020334244e-03
4.237371031194925308e-03
4.243225790560245514e-03
4.235906992107629776e-03
4.215412773191928864e-03
4.231514874845743179e-03
4.234442953020334244e-03
4.238835070282220840e-03
4.238835070282220840e-03
4.240299109369516373e-03
4.206629935652017593e-03
4.151002969592809677e-03
4.129046108573675156e-03
4.096840973943471909e-03
4.111479036509990692e-03
4.111479036509990692e-03
4.110014997422695160e-03
4.110014997422695160e-03
4.107087850570678711e-03
4.102696198970079422e-03
4.110014997422695160e-03
4.110014997422695160e-03
4.095376934856176376e-03
4.107087850570678711e-03
4.102696198970079422e-03
4.099768120795488358e-03
4.126118030399084091e-03
4.175888840109109879e-03
4.193454980850219727e-03
4.212485160678625107e-03
4.224196076393127441e-03
4.221267998218536377e-03
4.232978913933038712e-03
4.246153868734836578e-03
4.241762217134237289e-03
4.237371031194925308e-03
4.240299109369516373e-03
4.240299109369516373e-03
4.241762217134237289e-03
4.221267998218536377e-03
4.238835070282220840e-03
4.240299109369516373e-03
4.313490819185972214e-03
