4.436455201357603073e-03
4.446702077984809875e-03
4.445238970220088959e-03
4.443774931132793427e-03
4.446702077984809875e-03
4.449630156159400940e-03
4.449630156159400940e-03
4.439382813870906830e-03
4.446702077984809875e-03
4.442310892045497894e-03
4.451094195246696472e-03
4.442310892045497894e-03
4.446702077984809875e-03
4.446702077984809875e-03
4.440846852958202362e-03
4.452557768672704697e-03
4.440846852958202362e-03
4.471587948501110077e-03
4.480370786041021347e-03
4.481834825128316879e-03
4.478907212615013123e-03
4.481834825128316879e-03
4.483298864215612411e-03
4.486226942390203476e-03
4.492082167416810989e-03
4.484762903302907944e-03
4.484762903302907944e-03
4.484762903302907944e-03
4.486226942390203476e-03
4.480370786041021347e-03
4.486226942390203476e-03
4.486226942390203476e-03
4.480370786041021347e-03
4.454021807760000229e-03
4.439382813870906830e-03
4.445238970220088959e-03
4.449630156159400940e-03
4.446702077984809875e-03
4.443774931132793427e-03
4.448166117072105408e-03
4.452557768672704697e-03
4.445238970220088959e-03
4.440846852958202362e-03
4.437918774783611298e-03
4.443774931132793427e-03
4.445238970220088959e-03
4.451094195246696472e-03
4.443774931132793427e-03
4.442310892045497894e-03
4.467195831239223480e-03
4.478907212615013123e-03
4.480370786041021347e-03
4.475980065762996674e-03
4.484762903302907944e-03
4.486226942390203476e-03
4.478907212615013123e-03
4.480370786041021347e-03
4.481834825128316879e-03
4.480370786041021347e-03
4.481834825128316879e-03
4.474516026675701141e-03
4.489154089242219925e-03
4.480370786041021347e-03
4.497936926782131195e-03
4.465733189135789871e-03
4.454021807760000229e-03
4.446702077984809875e-03
4.454021807760000229e-03
4.443774931132793427e-03
4.421817138791084290e-03
4.440846852958202362e-03
4.442310892045497894e-03
4.442310892045497894e-03
4.443774931132793427e-03
4.448166117072105408e-03
4.439382813870906830e-03
4.448166117072105408e-03
4.439382813870906830e-03
4.417425021529197693e-03
4.429135937243700027e-03
4.443774931132793427e-03
4.462805110961198807e-03
4.478907212615013123e-03
4.483298864215612411e-03
4.481834825128316879e-03
4.477443173527717590e-03
4.481834825128316879e-03
4.458412993699312210e-03
4.475980065762996674e-03
4.478907212615013123e-03
4.477443173527717590e-03
4.480370786041021347e-03
4.478907212615013123e-03
4.483298864215612411e-03
4.478907212615013123e-03
4.477443173527717590e-03
4.249081946909427643e-03
