4.066099878400564194e-03
4.083666019141674042e-03
4.080737940967082977e-03
4.096840973943471909e-03
4.104159772396087646e-03
4.099768120795488358e-03
4.104159772396087646e-03
4.110014997422695160e-03
4.108551889657974243e-03
4.110014997422695160e-03
4.108551889657974243e-03
4.101232159882783890e-03
4.104159772396087646e-03
4.105623811483383179e-03
4.107087850570678711e-03
4.110014997422695160e-03
4.145148210227489471e-03
4.183208104223012924e-03
4.202237818390130997e-03
4.213949199765920639e-03
4.216876812279224396e-03
4.228588193655014038e-03
4.232978913933038712e-03
4.232978913933038712e-03
4.238835070282220840e-03
4.241762217134237289e-03
4.243225790560245514e-03
4.244689829647541046e-03
4.221267998218536377e-03
4.237371031194925308e-03
4.237371031194925308e-03
4.238835070282220840e-03
4.171497188508510590e-03
4.133436828851699829e-03
4.129046108573675156e-03
4.118799231946468353e-03
4.114407114684581757e-03
4.095376934856176376e-03
4.108551889657974243e-03
4.107087850570678711e-03
4.110014997422695160e-03
4.107087850570678711e-03
4.105623811483383179e-03
4.104159772396087646e-03
4.104159772396087646e-03
4.107087850570678711e-03
4.092448856681585312e-03
4.102696198970079422e-03
4.152467008680105209e-03
4.183208104223012924e-03
4.209558013826608658e-03
4.221267998218536377e-03
4.224196076393127441e-03
4.230052232742309570e-03
4.234442953020334244e-03
4.227124154567718506e-03
4.238835070282220840e-03
4.243225790560245514e-03
4.241762217134237289e-03
4.240299109369516373e-03
4.238835070282220840e-03
4.238835070282220840e-03
4.241762217134237289e-03
4.219804890453815460e-03
4.153931047767400742e-03
4.139292985200881958e-03
4.124653991311788559e-03
4.115871153771877289e-03
4.111479036509990692e-03
4.114407114684581757e-03
4.108551889657974243e-03
4.108551889657974243e-03
4.086594097316265106e-03
4.099768120795488358e-03
4.102696198970079422e-03
4.110014997422695160e-03
4.112943075597286224e-03
4.111479036509990692e-03
4.105623811483383179e-03
4.115871153771877289e-03
4.162713885307312012e-03
4.175888840109109879e-03
4.203701857477426529e-03
4.221267998218536377e-03
4.228588193655014038e-03
4.238835070282220840e-03
4.238835070282220840e-03
4.240299109369516373e-03
4.240299109369516373e-03
4.243225790560245514e-03
4.230052232742309570e-03
4.231514874845743179e-03
4.234442953020334244e-03
4.237371031194925308e-03
4.241762217134237289e-03
4.241762217134237289e-03
4.253473132848739624e-03
