4.129046108573675156e-03
4.153931047767400742e-03
4.196383059024810791e-03
4.231514874845743179e-03
4.252009093761444092e-03
4.254937171936035156e-03
4.271040204912424088e-03
4.275430925190448761e-03
4.276894964277744293e-03
4.279823042452335358e-03
4.284214228391647339e-03
4.285677801817655563e-03
4.290069919079542160e-03
4.292997065931558609e-03
4.272502847015857697e-03
4.285677801817655563e-03
4.167106002569198608e-03
4.153931047767400742e-03
4.145148210227489471e-03
4.149539861828088760e-03
4.149539861828088760e-03
4.152467008680105209e-03
4.152467008680105209e-03
4.139292985200881958e-03
4.145148210227489471e-03
4.145148210227489471e-03
4.153931047767400742e-03
4.148075822740793228e-03
4.151002969592809677e-03
4.151002969592809677e-03
4.152467008680105209e-03
4.153931047767400742e-03
4.199311137199401855e-03
4.237371031194925308e-03
4.253473132848739624e-03
4.265184048563241959e-03
4.271040204912424088e-03
4.275430925190448761e-03
4.276894964277744293e-03
4.276894964277744293e-03
4.282750189304351807e-03
4.271040204912424088e-03
4.281287081539630890e-03
4.281287081539630890e-03
4.284214228391647339e-03
4.287141840904951096e-03
4.287141840904951096e-03
4.275430925190448761e-03
4.158323165029287338e-03
4.155395086854696274e-03
4.131972789764404297e-03
4.146611783653497696e-03
4.146611783653497696e-03
4.146611783653497696e-03
4.151002969592809677e-03
4.146611783653497696e-03
4.146611783653497696e-03
4.140756092965602875e-03
4.148075822740793228e-03
4.130509216338396072e-03
4.143684171140193939e-03
4.149539861828088760e-03
4.151002969592809677e-03
4.174424801021814346e-03
4.213949199765920639e-03
4.238835070282220840e-03
4.256401211023330688e-03
4.262255970388650894e-03
4.256401211023330688e-03
4.275430925190448761e-03
4.279823042452335358e-03
4.281287081539630890e-03
4.282750189304351807e-03
4.281287081539630890e-03
4.278359003365039825e-03
4.288605879992246628e-03
4.287141840904951096e-03
4.272502847015857697e-03
4.282750189304351807e-03
4.191990941762924194e-03
4.152467008680105209e-03
4.146611783653497696e-03
4.145148210227489471e-03
4.143684171140193939e-03
4.151002969592809677e-03
4.146611783653497696e-03
4.143684171140193939e-03
4.139292985200881958e-03
4.146611783653497696e-03
4.142220132052898407e-03
4.148075822740793228e-03
4.145148210227489471e-03
4.143684171140193939e-03
4.148075822740793228e-03
4.146611783653497696e-03
4.143684171140193939e-03
3.940207883715629578e-03
