4.051460884511470795e-03
4.080737940967082977e-03
4.093912895768880844e-03
4.099768120795488358e-03
4.102696198970079422e-03
4.107087850570678711e-03
4.092448856681585312e-03
4.096840973943471909e-03
4.101232159882783890e-03
4.102696198970079422e-03
4.099768120795488358e-03
4.111479036509990692e-03
4.111479036509990692e-03
4.108551889657974243e-03
4.110014997422695160e-03
4.088058136403560638e-03
4.120261874049901962e-03
4.159787204116582870e-03
4.189063794910907745e-03
4.209558013826608658e-03
4.221267998218536377e-03
4.230052232742309570e-03
4.235906992107629776e-03
4.241762217134237289e-03
4.230052232742309570e-03
4.237371031194925308e-03
4.240299109369516373e-03
4.235906992107629776e-03
4.238835070282220840e-03
4.237371031194925308e-03
4.237371031194925308e-03
4.244689829647541046e-03
4.203701857477426529e-03
4.143684171140193939e-03
4.126118030399084091e-03
4.117335192859172821e-03
4.112943075597286224e-03
4.105623811483383179e-03
4.112943075597286224e-03
4.107087850570678711e-03
4.108551889657974243e-03
4.095376934856176376e-03
4.104159772396087646e-03
4.104159772396087646e-03
4.102696198970079422e-03
4.108551889657974243e-03
4.104159772396087646e-03
4.104159772396087646e-03
4.134900867938995361e-03
4.174424801021814346e-03
4.183208104223012924e-03
4.212485160678625107e-03
4.221267998218536377e-03
4.228588193655014038e-03
4.232978913933038712e-03
4.235906992107629776e-03
4.238835070282220840e-03
4.240299109369516373e-03
4.238835070282220840e-03
4.231514874845743179e-03
4.235906992107629776e-03
4.241762217134237289e-03
4.240299109369516373e-03
4.240299109369516373e-03
4.183208104223012924e-03
4.142220132052898407e-03
4.123189952224493027e-03
4.117335192859172821e-03
4.104159772396087646e-03
4.110014997422695160e-03
4.111479036509990692e-03
4.108551889657974243e-03
4.105623811483383179e-03
4.110014997422695160e-03
4.110014997422695160e-03
4.102696198970079422e-03
4.105623811483383179e-03
4.099768120795488358e-03
4.110014997422695160e-03
4.107087850570678711e-03
4.145148210227489471e-03
4.181744065135717392e-03
4.202237818390130997e-03
4.216876812279224396e-03
4.224196076393127441e-03
4.222732037305831909e-03
4.225660115480422974e-03
4.241762217134237289e-03
4.246153868734836578e-03
4.240299109369516373e-03
4.238835070282220840e-03
4.240299109369516373e-03
4.238835070282220840e-03
4.238835070282220840e-03
4.228588193655014038e-03
4.240299109369516373e-03
4.272502847015857697e-03
