4.060244187712669373e-03
4.082201980054378510e-03
4.093912895768880844e-03
4.099768120795488358e-03
4.102696198970079422e-03
4.107087850570678711e-03
4.096840973943471909e-03
4.099768120795488358e-03
4.111479036509990692e-03
4.110014997422695160e-03
4.111479036509990692e-03
4.107087850570678711e-03
4.108551889657974243e-03
4.110014997422695160e-03
4.111479036509990692e-03
4.096840973943471909e-03
4.140756092965602875e-03
4.180280957370996475e-03
4.199311137199401855e-03
4.215412773191928864e-03
4.224196076393127441e-03
4.231514874845743179e-03
4.235906992107629776e-03
4.237371031194925308e-03
4.230052232742309570e-03
4.238835070282220840e-03
4.243225790560245514e-03
4.241762217134237289e-03
4.243225790560245514e-03
4.243225790560245514e-03
4.243225790560245514e-03
4.241762217134237289e-03
4.161249846220016479e-03
4.139292985200881958e-03
4.131972789764404297e-03
4.120261874049901962e-03
4.117335192859172821e-03
4.112943075597286224e-03
4.110014997422695160e-03
4.111479036509990692e-03
4.107087850570678711e-03
4.105623811483383179e-03
4.111479036509990692e-03
4.108551889657974243e-03
4.110014997422695160e-03
4.107087850570678711e-03
4.110014997422695160e-03
4.104159772396087646e-03
4.151002969592809677e-03
4.186136182397603989e-03
4.193454980850219727e-03
4.216876812279224396e-03
4.224196076393127441e-03
4.231514874845743179e-03
4.232978913933038712e-03
4.241762217134237289e-03
4.232978913933038712e-03
4.243225790560245514e-03
4.244689829647541046e-03
4.232978913933038712e-03
4.238835070282220840e-03
4.238835070282220840e-03
4.238835070282220840e-03
4.238835070282220840e-03
4.167106002569198608e-03
4.137828946113586426e-03
4.131972789764404297e-03
4.105623811483383179e-03
4.114407114684581757e-03
4.114407114684581757e-03
4.110014997422695160e-03
4.105623811483383179e-03
4.108551889657974243e-03
4.105623811483383179e-03
4.107087850570678711e-03
4.110014997422695160e-03
4.093912895768880844e-03
4.105623811483383179e-03
4.108551889657974243e-03
4.114407114684581757e-03
4.156859125941991806e-03
4.187600221484899521e-03
4.206629935652017593e-03
4.221267998218536377e-03
4.228588193655014038e-03
4.224196076393127441e-03
4.235906992107629776e-03
4.237371031194925308e-03
4.237371031194925308e-03
4.240299109369516373e-03
4.235906992107629776e-03
4.247617907822132111e-03
4.244689829647541046e-03
4.241762217134237289e-03
4.238835070282220840e-03
4.235906992107629776e-03
4.252009093761444092e-03
