4.009008873254060745e-03
4.137828946113586426e-03
4.174424801021814346e-03
4.211021121591329575e-03
4.238835070282220840e-03
4.256401211023330688e-03
4.268112126737833023e-03
4.273966886103153229e-03
4.281287081539630890e-03
4.282750189304351807e-03
4.279823042452335358e-03
4.284214228391647339e-03
4.288605879992246628e-03
4.291533958166837692e-03
4.281287081539630890e-03
4.285677801817655563e-03
4.212485160678625107e-03
4.164177924394607544e-03
4.158323165029287338e-03
4.153931047767400742e-03
4.155395086854696274e-03
4.149539861828088760e-03
4.149539861828088760e-03
4.148075822740793228e-03
4.151002969592809677e-03
4.153931047767400742e-03
4.148075822740793228e-03
4.151002969592809677e-03
4.159787204116582870e-03
4.153931047767400742e-03
4.152467008680105209e-03
4.140756092965602875e-03
4.196383059024810791e-03
4.219804890453815460e-03
4.247617907822132111e-03
4.265184048563241959e-03
4.269576165825128555e-03
4.273966886103153229e-03
4.279823042452335358e-03
4.282750189304351807e-03
4.285677801817655563e-03
4.281287081539630890e-03
4.288605879992246628e-03
4.284214228391647339e-03
4.285677801817655563e-03
4.285677801817655563e-03
4.288605879992246628e-03
4.291533958166837692e-03
4.189063794910907745e-03
4.158323165029287338e-03
4.140756092965602875e-03
4.146611783653497696e-03
4.145148210227489471e-03
4.143684171140193939e-03
4.151002969592809677e-03
4.148075822740793228e-03
4.149539861828088760e-03
4.145148210227489471e-03
4.151002969592809677e-03
4.143684171140193939e-03
4.148075822740793228e-03
4.148075822740793228e-03
4.146611783653497696e-03
4.149539861828088760e-03
4.206629935652017593e-03
4.225660115480422974e-03
4.249081946909427643e-03
4.260792862623929977e-03
4.265184048563241959e-03
4.273966886103153229e-03
4.281287081539630890e-03
4.281287081539630890e-03
4.285677801817655563e-03
4.287141840904951096e-03
4.287141840904951096e-03
4.291533958166837692e-03
4.291533958166837692e-03
4.275430925190448761e-03
4.285677801817655563e-03
4.282750189304351807e-03
4.171497188508510590e-03
4.155395086854696274e-03
4.152467008680105209e-03
4.146611783653497696e-03
4.149539861828088760e-03
4.146611783653497696e-03
4.142220132052898407e-03
4.145148210227489471e-03
4.151002969592809677e-03
4.142220132052898407e-03
4.149539861828088760e-03
4.146611783653497696e-03
4.156859125941991806e-03
4.155395086854696274e-03
4.145148210227489471e-03
4.140756092965602875e-03
4.025111906230449677e-03
