4.121725913137197495e-03
4.073419142514467239e-03
4.082201980054378510e-03
4.093912895768880844e-03
4.101232159882783890e-03
4.102696198970079422e-03
4.105623811483383179e-03
4.098305013030767441e-03
4.104159772396087646e-03
4.102696198970079422e-03
4.108551889657974243e-03
4.105623811483383179e-03
4.108551889657974243e-03
4.107087850570678711e-03
4.108551889657974243e-03
4.104159772396087646e-03
4.095376934856176376e-03
4.156859125941991806e-03
4.191990941762924194e-03
4.209558013826608658e-03
4.221267998218536377e-03
4.228588193655014038e-03
4.232978913933038712e-03
4.235906992107629776e-03
4.231514874845743179e-03
4.237371031194925308e-03
4.240299109369516373e-03
4.243225790560245514e-03
4.241762217134237289e-03
4.238835070282220840e-03
4.240299109369516373e-03
4.234442953020334244e-03
4.209558013826608658e-03
4.146611783653497696e-03
4.130509216338396072e-03
4.118799231946468353e-03
4.114407114684581757e-03
4.108551889657974243e-03
4.108551889657974243e-03
4.112943075597286224e-03
4.111479036509990692e-03
4.107087850570678711e-03
4.096840973943471909e-03
4.105623811483383179e-03
4.102696198970079422e-03
4.104159772396087646e-03
4.105623811483383179e-03
4.104159772396087646e-03
4.124653991311788559e-03
4.168570041656494141e-03
4.194919019937515259e-03
4.203701857477426529e-03
4.224196076393127441e-03
4.230052232742309570e-03
4.232978913933038712e-03
4.240299109369516373e-03
4.244689829647541046e-03
4.241762217134237289e-03
4.243225790560245514e-03
4.238835070282220840e-03
4.234442953020334244e-03
4.235906992107629776e-03
4.237371031194925308e-03
4.240299109369516373e-03
4.190527833998203278e-03
4.151002969592809677e-03
4.129046108573675156e-03
4.121725913137197495e-03
4.099768120795488358e-03
4.107087850570678711e-03
4.117335192859172821e-03
4.104159772396087646e-03
4.112943075597286224e-03
4.110014997422695160e-03
4.104159772396087646e-03
4.108551889657974243e-03
4.105623811483383179e-03
4.098305013030767441e-03
4.108551889657974243e-03
4.111479036509990692e-03
4.142220132052898407e-03
4.174424801021814346e-03
4.194919019937515259e-03
4.212485160678625107e-03
4.222732037305831909e-03
4.216876812279224396e-03
4.235906992107629776e-03
4.240299109369516373e-03
4.238835070282220840e-03
4.241762217134237289e-03
4.237371031194925308e-03
4.235906992107629776e-03
4.243225790560245514e-03
4.238835070282220840e-03
4.235906992107629776e-03
4.240299109369516373e-03
4.224196076393127441e-03
