4.139292985200881958e-03
4.121725913137197495e-03
4.180280957370996475e-03
4.218340851366519928e-03
4.240299109369516373e-03
4.257864784449338913e-03
4.269576165825128555e-03
4.276894964277744293e-03
4.285677801817655563e-03
4.287141840904951096e-03
4.282750189304351807e-03
4.282750189304351807e-03
4.284214228391647339e-03
4.294461105018854141e-03
4.295925144106149673e-03
4.287141840904951096e-03
4.190527833998203278e-03
4.158323165029287338e-03
4.159787204116582870e-03
4.153931047767400742e-03
4.148075822740793228e-03
4.151002969592809677e-03
4.152467008680105209e-03
4.153931047767400742e-03
4.155395086854696274e-03
4.155395086854696274e-03
4.146611783653497696e-03
4.149539861828088760e-03
4.153931047767400742e-03
4.146611783653497696e-03
4.162713885307312012e-03
4.151002969592809677e-03
4.196383059024810791e-03
4.231514874845743179e-03
4.244689829647541046e-03
4.266648087650537491e-03
4.276894964277744293e-03
4.266648087650537491e-03
4.275430925190448761e-03
4.285677801817655563e-03
4.284214228391647339e-03
4.285677801817655563e-03
4.284214228391647339e-03
4.295925144106149673e-03
4.291533958166837692e-03
4.288605879992246628e-03
4.288605879992246628e-03
4.276894964277744293e-03
4.168570041656494141e-03
4.152467008680105209e-03
4.153931047767400742e-03
4.149539861828088760e-03
4.151002969592809677e-03
4.151002969592809677e-03
4.151002969592809677e-03
4.149539861828088760e-03
4.139292985200881958e-03
4.145148210227489471e-03
4.153931047767400742e-03
4.151002969592809677e-03
4.151002969592809677e-03
4.152467008680105209e-03
4.148075822740793228e-03
4.151002969592809677e-03
4.208093974739313126e-03
4.228588193655014038e-03
4.253473132848739624e-03
4.263720009475946426e-03
4.272502847015857697e-03
4.276894964277744293e-03
4.278359003365039825e-03
4.284214228391647339e-03
4.285677801817655563e-03
4.287141840904951096e-03
4.279823042452335358e-03
4.282750189304351807e-03
4.285677801817655563e-03
4.284214228391647339e-03
4.282750189304351807e-03
4.290069919079542160e-03
4.167106002569198608e-03
4.153931047767400742e-03
4.149539861828088760e-03
4.136364907026290894e-03
4.143684171140193939e-03
4.142220132052898407e-03
4.146611783653497696e-03
4.146611783653497696e-03
4.153931047767400742e-03
4.149539861828088760e-03
4.152467008680105209e-03
4.146611783653497696e-03
4.137828946113586426e-03
4.146611783653497696e-03
4.151002969592809677e-03
4.151002969592809677e-03
3.968020901083946228e-03
