4.099768120795488358e-03
4.145148210227489471e-03
4.183208104223012924e-03
4.213949199765920639e-03
4.243225790560245514e-03
4.259328823536634445e-03
4.269576165825128555e-03
4.268112126737833023e-03
4.279823042452335358e-03
4.282750189304351807e-03
4.282750189304351807e-03
4.279823042452335358e-03
4.284214228391647339e-03
4.285677801817655563e-03
4.290069919079542160e-03
4.290069919079542160e-03
4.174424801021814346e-03
4.153931047767400742e-03
4.151002969592809677e-03
4.146611783653497696e-03
4.146611783653497696e-03
4.152467008680105209e-03
4.152467008680105209e-03
4.153931047767400742e-03
4.152467008680105209e-03
4.139292985200881958e-03
4.146611783653497696e-03
4.145148210227489471e-03
4.151002969592809677e-03
4.149539861828088760e-03
4.146611783653497696e-03
4.148075822740793228e-03
4.200773779302835464e-03
4.232978913933038712e-03
4.244689829647541046e-03
4.263720009475946426e-03
4.272502847015857697e-03
4.273966886103153229e-03
4.278359003365039825e-03
4.279823042452335358e-03
4.282750189304351807e-03
4.284214228391647339e-03
4.285677801817655563e-03
4.276894964277744293e-03
4.285677801817655563e-03
4.288605879992246628e-03
4.288605879992246628e-03
4.281287081539630890e-03
4.170034080743789673e-03
4.153931047767400742e-03
4.152467008680105209e-03
4.148075822740793228e-03
4.136364907026290894e-03
4.145148210227489471e-03
4.149539861828088760e-03
4.146611783653497696e-03
4.146611783653497696e-03
4.146611783653497696e-03
4.149539861828088760e-03
4.145148210227489471e-03
4.149539861828088760e-03
4.145148210227489471e-03
4.146611783653497696e-03
4.145148210227489471e-03
4.208093974739313126e-03
4.231514874845743179e-03
4.247617907822132111e-03
4.262255970388650894e-03
4.272502847015857697e-03
4.275430925190448761e-03
4.271040204912424088e-03
4.279823042452335358e-03
4.279823042452335358e-03
4.282750189304351807e-03
4.284214228391647339e-03
4.281287081539630890e-03
4.291533958166837692e-03
4.285677801817655563e-03
4.281287081539630890e-03
4.268112126737833023e-03
4.159787204116582870e-03
4.152467008680105209e-03
4.146611783653497696e-03
4.148075822740793228e-03
4.143684171140193939e-03
4.145148210227489471e-03
4.145148210227489471e-03
4.142220132052898407e-03
4.129046108573675156e-03
4.143684171140193939e-03
4.145148210227489471e-03
4.146611783653497696e-03
4.143684171140193939e-03
4.146611783653497696e-03
4.145148210227489471e-03
4.143684171140193939e-03
4.009008873254060745e-03
