4.124653991311788559e-03
4.156859125941991806e-03
4.197847098112106323e-03
4.216876812279224396e-03
4.244689829647541046e-03
4.260792862623929977e-03
4.271040204912424088e-03
4.275430925190448761e-03
4.275430925190448761e-03
4.287141840904951096e-03
4.285677801817655563e-03
4.287141840904951096e-03
4.291533958166837692e-03
4.285677801817655563e-03
4.285677801817655563e-03
4.287141840904951096e-03
4.171497188508510590e-03
4.152467008680105209e-03
4.149539861828088760e-03
4.152467008680105209e-03
4.151002969592809677e-03
4.131972789764404297e-03
4.151002969592809677e-03
4.151002969592809677e-03
4.152467008680105209e-03
4.148075822740793228e-03
4.151002969592809677e-03
4.151002969592809677e-03
4.146611783653497696e-03
4.153931047767400742e-03
4.136364907026290894e-03
4.152467008680105209e-03
4.209558013826608658e-03
4.235906992107629776e-03
4.254937171936035156e-03
4.266648087650537491e-03
4.271040204912424088e-03
4.275430925190448761e-03
4.282750189304351807e-03
4.282750189304351807e-03
4.278359003365039825e-03
4.281287081539630890e-03
4.288605879992246628e-03
4.287141840904951096e-03
4.285677801817655563e-03
4.287141840904951096e-03
4.288605879992246628e-03
4.287141840904951096e-03
4.165641963481903076e-03
4.146611783653497696e-03
4.152467008680105209e-03
4.149539861828088760e-03
4.149539861828088760e-03
4.151002969592809677e-03
4.145148210227489471e-03
4.151002969592809677e-03
4.148075822740793228e-03
4.143684171140193939e-03
4.146611783653497696e-03
4.148075822740793228e-03
4.151002969592809677e-03
4.148075822740793228e-03
4.153931047767400742e-03
4.205165896564722061e-03
4.212485160678625107e-03
4.240299109369516373e-03
4.257864784449338913e-03
4.257864784449338913e-03
4.269576165825128555e-03
4.276894964277744293e-03
4.275430925190448761e-03
4.284214228391647339e-03
4.287141840904951096e-03
4.284214228391647339e-03
4.287141840904951096e-03
4.288605879992246628e-03
4.279823042452335358e-03
4.285677801817655563e-03
4.287141840904951096e-03
4.212485160678625107e-03
4.155395086854696274e-03
4.151002969592809677e-03
4.151002969592809677e-03
4.145148210227489471e-03
4.146611783653497696e-03
4.140756092965602875e-03
4.143684171140193939e-03
4.145148210227489471e-03
4.142220132052898407e-03
4.145148210227489471e-03
4.149539861828088760e-03
4.151002969592809677e-03
4.149539861828088760e-03
4.149539861828088760e-03
4.137828946113586426e-03
4.146611783653497696e-03
3.965094219893217087e-03
