4.086594097316265106e-03
4.129046108573675156e-03
4.170034080743789673e-03
4.206629935652017593e-03
4.230052232742309570e-03
4.257864784449338913e-03
4.266648087650537491e-03
4.273966886103153229e-03
4.269576165825128555e-03
4.282750189304351807e-03
4.281287081539630890e-03
4.287141840904951096e-03
4.288605879992246628e-03
4.287141840904951096e-03
4.291533958166837692e-03
4.290069919079542160e-03
4.254937171936035156e-03
4.146611783653497696e-03
4.148075822740793228e-03
4.158323165029287338e-03
4.152467008680105209e-03
4.151002969592809677e-03
4.151002969592809677e-03
4.148075822740793228e-03
4.151002969592809677e-03
4.151002969592809677e-03
4.145148210227489471e-03
4.149539861828088760e-03
4.148075822740793228e-03
4.148075822740793228e-03
4.149539861828088760e-03
4.146611783653497696e-03
4.196383059024810791e-03
4.219804890453815460e-03
4.247617907822132111e-03
4.252009093761444092e-03
4.268112126737833023e-03
4.275430925190448761e-03
4.278359003365039825e-03
4.282750189304351807e-03
4.278359003365039825e-03
4.282750189304351807e-03
4.291533958166837692e-03
4.287141840904951096e-03
4.272502847015857697e-03
4.282750189304351807e-03
4.287141840904951096e-03
4.285677801817655563e-03
4.196383059024810791e-03
4.156859125941991806e-03
4.151002969592809677e-03
4.148075822740793228e-03
4.151002969592809677e-03
4.139292985200881958e-03
4.149539861828088760e-03
4.151002969592809677e-03
4.145148210227489471e-03
4.145148210227489471e-03
4.146611783653497696e-03
4.145148210227489471e-03
4.149539861828088760e-03
4.149539861828088760e-03
4.134900867938995361e-03
4.146611783653497696e-03
4.191990941762924194e-03
4.221267998218536377e-03
4.244689829647541046e-03
4.256401211023330688e-03
4.271040204912424088e-03
4.279823042452335358e-03
4.279823042452335358e-03
4.262255970388650894e-03
4.278359003365039825e-03
4.281287081539630890e-03
4.282750189304351807e-03
4.285677801817655563e-03
4.282750189304351807e-03
4.282750189304351807e-03
4.285677801817655563e-03
4.282750189304351807e-03
4.180280957370996475e-03
4.151002969592809677e-03
4.149539861828088760e-03
4.151002969592809677e-03
4.148075822740793228e-03
4.146611783653497696e-03
4.146611783653497696e-03
4.146611783653497696e-03
4.143684171140193939e-03
4.126118030399084091e-03
4.143684171140193939e-03
4.143684171140193939e-03
4.143684171140193939e-03
4.142220132052898407e-03
4.149539861828088760e-03
4.148075822740793228e-03
4.064635839313268661e-03
