4.134900867938995361e-03
4.161249846220016479e-03
4.203701857477426529e-03
4.211021121591329575e-03
4.247617907822132111e-03
4.262255970388650894e-03
4.271040204912424088e-03
4.275430925190448761e-03
4.279823042452335358e-03
4.285677801817655563e-03
4.287141840904951096e-03
4.288605879992246628e-03
4.284214228391647339e-03
4.281287081539630890e-03
4.282750189304351807e-03
4.284214228391647339e-03
4.161249846220016479e-03
4.151002969592809677e-03
4.152467008680105209e-03
4.156859125941991806e-03
4.149539861828088760e-03
4.151002969592809677e-03
4.143684171140193939e-03
4.151002969592809677e-03
4.151002969592809677e-03
4.148075822740793228e-03
4.146611783653497696e-03
4.149539861828088760e-03
4.152467008680105209e-03
4.151002969592809677e-03
4.149539861828088760e-03
4.170034080743789673e-03
4.209558013826608658e-03
4.237371031194925308e-03
4.256401211023330688e-03
4.262255970388650894e-03
4.273966886103153229e-03
4.284214228391647339e-03
4.281287081539630890e-03
4.287141840904951096e-03
4.276894964277744293e-03
4.285677801817655563e-03
4.282750189304351807e-03
4.284214228391647339e-03
4.281287081539630890e-03
4.287141840904951096e-03
4.291533958166837692e-03
4.203701857477426529e-03
4.158323165029287338e-03
4.142220132052898407e-03
4.146611783653497696e-03
4.145148210227489471e-03
4.151002969592809677e-03
4.146611783653497696e-03
4.146611783653497696e-03
4.149539861828088760e-03
4.152467008680105209e-03
4.146611783653497696e-03
4.142220132052898407e-03
4.145148210227489471e-03
4.148075822740793228e-03
4.146611783653497696e-03
4.145148210227489471e-03
4.174424801021814346e-03
4.221267998218536377e-03
4.247617907822132111e-03
4.260792862623929977e-03
4.260792862623929977e-03
4.271040204912424088e-03
4.278359003365039825e-03
4.276894964277744293e-03
4.281287081539630890e-03
4.282750189304351807e-03
4.285677801817655563e-03
4.288605879992246628e-03
4.287141840904951096e-03
4.279823042452335358e-03
4.284214228391647339e-03
4.284214228391647339e-03
4.180280957370996475e-03
4.155395086854696274e-03
4.151002969592809677e-03
4.148075822740793228e-03
4.148075822740793228e-03
4.146611783653497696e-03
4.139292985200881958e-03
4.146611783653497696e-03
4.142220132052898407e-03
4.146611783653497696e-03
4.148075822740793228e-03
4.151002969592809677e-03
4.146611783653497696e-03
4.146611783653497696e-03
4.151002969592809677e-03
4.142220132052898407e-03
4.145148210227489471e-03
