4.039749968796968460e-03
4.070491064339876175e-03
4.080737940967082977e-03
4.071955103427171707e-03
4.099768120795488358e-03
4.108551889657974243e-03
4.104159772396087646e-03
4.111479036509990692e-03
4.108551889657974243e-03
4.104159772396087646e-03
4.102696198970079422e-03
4.108551889657974243e-03
4.092448856681585312e-03
4.098305013030767441e-03
4.112943075597286224e-03
4.115871153771877289e-03
4.131972789764404297e-03
4.155395086854696274e-03
4.178816918283700943e-03
4.205165896564722061e-03
4.221267998218536377e-03
4.213949199765920639e-03
4.227124154567718506e-03
4.232978913933038712e-03
4.238835070282220840e-03
4.240299109369516373e-03
4.246153868734836578e-03
4.241762217134237289e-03
4.240299109369516373e-03
4.230052232742309570e-03
4.230052232742309570e-03
4.232978913933038712e-03
4.241762217134237289e-03
4.167106002569198608e-03
4.139292985200881958e-03
4.123189952224493027e-03
4.114407114684581757e-03
4.114407114684581757e-03
4.093912895768880844e-03
4.105623811483383179e-03
4.105623811483383179e-03
4.111479036509990692e-03
4.112943075597286224e-03
4.107087850570678711e-03
4.111479036509990692e-03
4.112943075597286224e-03
4.110014997422695160e-03
4.090984817594289780e-03
4.117335192859172821e-03
4.162713885307312012e-03
4.186136182397603989e-03
4.211021121591329575e-03
4.222732037305831909e-03
4.230052232742309570e-03
4.234442953020334244e-03
4.237371031194925308e-03
4.230052232742309570e-03
4.235906992107629776e-03
4.232978913933038712e-03
4.240299109369516373e-03
4.241762217134237289e-03
4.241762217134237289e-03
4.241762217134237289e-03
4.243225790560245514e-03
4.212485160678625107e-03
4.149539861828088760e-03
4.127582069486379623e-03
4.121725913137197495e-03
4.111479036509990692e-03
4.104159772396087646e-03
4.107087850570678711e-03
4.114407114684581757e-03
4.112943075597286224e-03
4.090984817594289780e-03
4.104159772396087646e-03
4.105623811483383179e-03
4.107087850570678711e-03
4.105623811483383179e-03
4.104159772396087646e-03
4.107087850570678711e-03
4.127582069486379623e-03
4.175888840109109879e-03
4.178816918283700943e-03
4.209558013826608658e-03
4.222732037305831909e-03
4.228588193655014038e-03
4.234442953020334244e-03
4.238835070282220840e-03
4.237371031194925308e-03
4.237371031194925308e-03
4.237371031194925308e-03
4.230052232742309570e-03
4.241762217134237289e-03
4.243225790560245514e-03
4.240299109369516373e-03
4.238835070282220840e-03
4.224196076393127441e-03
