4.076347220689058304e-03
4.076347220689058304e-03
4.079273901879787445e-03
4.088058136403560638e-03
4.098305013030767441e-03
4.098305013030767441e-03
4.111479036509990692e-03
4.112943075597286224e-03
4.111479036509990692e-03
4.111479036509990692e-03
4.105623811483383179e-03
4.102696198970079422e-03
4.105623811483383179e-03
4.104159772396087646e-03
4.104159772396087646e-03
4.110014997422695160e-03
4.117335192859172821e-03
4.167106002569198608e-03
4.191990941762924194e-03
4.190527833998203278e-03
4.219804890453815460e-03
4.228588193655014038e-03
4.230052232742309570e-03
4.237371031194925308e-03
4.237371031194925308e-03
4.238835070282220840e-03
4.244689829647541046e-03
4.244689829647541046e-03
4.231514874845743179e-03
4.240299109369516373e-03
4.240299109369516373e-03
4.240299109369516373e-03
4.202237818390130997e-03
4.152467008680105209e-03
4.127582069486379623e-03
4.118799231946468353e-03
4.120261874049901962e-03
4.104159772396087646e-03
4.110014997422695160e-03
4.107087850570678711e-03
4.108551889657974243e-03
4.111479036509990692e-03
4.110014997422695160e-03
4.105623811483383179e-03
4.105623811483383179e-03
4.105623811483383179e-03
4.093912895768880844e-03
4.110014997422695160e-03
4.134900867938995361e-03
4.171497188508510590e-03
4.196383059024810791e-03
4.212485160678625107e-03
4.222732037305831909e-03
4.228588193655014038e-03
4.225660115480422974e-03
4.228588193655014038e-03
4.238835070282220840e-03
4.237371031194925308e-03
4.241762217134237289e-03
4.241762217134237289e-03
4.243225790560245514e-03
4.238835070282220840e-03
4.241762217134237289e-03
4.228588193655014038e-03
4.181744065135717392e-03
4.140756092965602875e-03
4.129046108573675156e-03
4.124653991311788559e-03
4.115871153771877289e-03
4.112943075597286224e-03
4.112943075597286224e-03
4.110014997422695160e-03
4.095376934856176376e-03
4.099768120795488358e-03
4.105623811483383179e-03
4.110014997422695160e-03
4.110014997422695160e-03
4.108551889657974243e-03
4.108551889657974243e-03
4.110014997422695160e-03
4.145148210227489471e-03
4.170034080743789673e-03
4.194919019937515259e-03
4.213949199765920639e-03
4.230052232742309570e-03
4.232978913933038712e-03
4.238835070282220840e-03
4.241762217134237289e-03
4.240299109369516373e-03
4.240299109369516373e-03
4.235906992107629776e-03
4.232978913933038712e-03
4.237371031194925308e-03
4.240299109369516373e-03
4.235906992107629776e-03
4.240299109369516373e-03
4.231514874845743179e-03
