4.069027025252580643e-03
4.076347220689058304e-03
4.090984817594289780e-03
4.093912895768880844e-03
4.102696198970079422e-03
4.104159772396087646e-03
4.088058136403560638e-03
4.107087850570678711e-03
4.110014997422695160e-03
4.107087850570678711e-03
4.108551889657974243e-03
4.108551889657974243e-03
4.108551889657974243e-03
4.104159772396087646e-03
4.105623811483383179e-03
4.107087850570678711e-03
4.139292985200881958e-03
4.177352879196405411e-03
4.200773779302835464e-03
4.218340851366519928e-03
4.224196076393127441e-03
4.230052232742309570e-03
4.232978913933038712e-03
4.238835070282220840e-03
4.222732037305831909e-03
4.237371031194925308e-03
4.243225790560245514e-03
4.243225790560245514e-03
4.240299109369516373e-03
4.241762217134237289e-03
4.243225790560245514e-03
4.240299109369516373e-03
4.174424801021814346e-03
4.130509216338396072e-03
4.120261874049901962e-03
4.112943075597286224e-03
4.120261874049901962e-03
4.115871153771877289e-03
4.111479036509990692e-03
4.110014997422695160e-03
4.111479036509990692e-03
4.111479036509990692e-03
4.098305013030767441e-03
4.107087850570678711e-03
4.099768120795488358e-03
4.111479036509990692e-03
4.108551889657974243e-03
4.149539861828088760e-03
4.152467008680105209e-03
4.187600221484899521e-03
4.203701857477426529e-03
4.211021121591329575e-03
4.224196076393127441e-03
4.230052232742309570e-03
4.234442953020334244e-03
4.235906992107629776e-03
4.231514874845743179e-03
4.240299109369516373e-03
4.243225790560245514e-03
4.228588193655014038e-03
4.234442953020334244e-03
4.235906992107629776e-03
4.237371031194925308e-03
4.241762217134237289e-03
4.158323165029287338e-03
4.130509216338396072e-03
4.120261874049901962e-03
4.118799231946468353e-03
4.104159772396087646e-03
4.108551889657974243e-03
4.107087850570678711e-03
4.105623811483383179e-03
4.104159772396087646e-03
4.104159772396087646e-03
4.107087850570678711e-03
4.107087850570678711e-03
4.114407114684581757e-03
4.102696198970079422e-03
4.105623811483383179e-03
4.124653991311788559e-03
4.156859125941991806e-03
4.189063794910907745e-03
4.212485160678625107e-03
4.219804890453815460e-03
4.227124154567718506e-03
4.237371031194925308e-03
4.228588193655014038e-03
4.237371031194925308e-03
4.241762217134237289e-03
4.241762217134237289e-03
4.243225790560245514e-03
4.238835070282220840e-03
4.238835070282220840e-03
4.240299109369516373e-03
4.243225790560245514e-03
4.241762217134237289e-03
4.257864784449338913e-03
