4.069027025252580643e-03
4.088058136403560638e-03
4.095376934856176376e-03
4.095376934856176376e-03
4.102696198970079422e-03
4.107087850570678711e-03
4.102696198970079422e-03
4.111479036509990692e-03
4.085130058228969574e-03
4.105623811483383179e-03
4.105623811483383179e-03
4.105623811483383179e-03
4.102696198970079422e-03
4.107087850570678711e-03
4.110014997422695160e-03
4.110014997422695160e-03
4.151002969592809677e-03
4.156859125941991806e-03
4.197847098112106323e-03
4.212485160678625107e-03
4.227124154567718506e-03
4.235906992107629776e-03
4.232978913933038712e-03
4.237371031194925308e-03
4.235906992107629776e-03
4.237371031194925308e-03
4.227124154567718506e-03
4.238835070282220840e-03
4.241762217134237289e-03
4.240299109369516373e-03
4.238835070282220840e-03
4.253473132848739624e-03
4.167106002569198608e-03
4.139292985200881958e-03
4.124653991311788559e-03
4.111479036509990692e-03
4.110014997422695160e-03
4.104159772396087646e-03
4.110014997422695160e-03
4.104159772396087646e-03
4.112943075597286224e-03
4.111479036509990692e-03
4.114407114684581757e-03
4.104159772396087646e-03
4.102696198970079422e-03
4.108551889657974243e-03
4.110014997422695160e-03
4.123189952224493027e-03
4.159787204116582870e-03
4.187600221484899521e-03
4.208093974739313126e-03
4.219804890453815460e-03
4.225660115480422974e-03
4.228588193655014038e-03
4.235906992107629776e-03
4.240299109369516373e-03
4.237371031194925308e-03
4.240299109369516373e-03
4.238835070282220840e-03
4.241762217134237289e-03
4.246153868734836578e-03
4.232978913933038712e-03
4.238835070282220840e-03
4.219804890453815460e-03
4.156859125941991806e-03
4.131972789764404297e-03
4.123189952224493027e-03
4.115871153771877289e-03
4.107087850570678711e-03
4.110014997422695160e-03
4.102696198970079422e-03
4.108551889657974243e-03
4.105623811483383179e-03
4.110014997422695160e-03
4.112943075597286224e-03
4.112943075597286224e-03
4.108551889657974243e-03
4.108551889657974243e-03
4.110014997422695160e-03
4.114407114684581757e-03
4.165641963481903076e-03
4.197847098112106323e-03
4.209558013826608658e-03
4.222732037305831909e-03
4.231514874845743179e-03
4.232978913933038712e-03
4.241762217134237289e-03
4.227124154567718506e-03
4.238835070282220840e-03
4.240299109369516373e-03
4.240299109369516373e-03
4.238835070282220840e-03
4.238835070282220840e-03
4.243225790560245514e-03
4.240299109369516373e-03
4.244689829647541046e-03
