4.139292985200881958e-03
4.146611783653497696e-03
4.187600221484899521e-03
4.219804890453815460e-03
4.243225790560245514e-03
4.266648087650537491e-03
4.273966886103153229e-03
4.275430925190448761e-03
4.273966886103153229e-03
4.279823042452335358e-03
4.285677801817655563e-03
4.287141840904951096e-03
4.281287081539630890e-03
4.287141840904951096e-03
4.290069919079542160e-03
4.291533958166837692e-03
4.174424801021814346e-03
4.152467008680105209e-03
4.151002969592809677e-03
4.151002969592809677e-03
4.153931047767400742e-03
4.152467008680105209e-03
4.156859125941991806e-03
4.155395086854696274e-03
4.152467008680105209e-03
4.148075822740793228e-03
4.146611783653497696e-03
4.149539861828088760e-03
4.149539861828088760e-03
4.151002969592809677e-03
4.153931047767400742e-03
4.152467008680105209e-03
4.197847098112106323e-03
4.232978913933038712e-03
4.234442953020334244e-03
4.256401211023330688e-03
4.276894964277744293e-03
4.279823042452335358e-03
4.282750189304351807e-03
4.281287081539630890e-03
4.282750189304351807e-03
4.287141840904951096e-03
4.284214228391647339e-03
4.287141840904951096e-03
4.279823042452335358e-03
4.282750189304351807e-03
4.285677801817655563e-03
4.288605879992246628e-03
4.165641963481903076e-03
4.153931047767400742e-03
4.149539861828088760e-03
4.148075822740793228e-03
4.149539861828088760e-03
4.149539861828088760e-03
4.149539861828088760e-03
4.148075822740793228e-03
4.149539861828088760e-03
4.151002969592809677e-03
4.149539861828088760e-03
4.149539861828088760e-03
4.149539861828088760e-03
4.131972789764404297e-03
4.149539861828088760e-03
4.151002969592809677e-03
4.211021121591329575e-03
4.235906992107629776e-03
4.256401211023330688e-03
4.263720009475946426e-03
4.271040204912424088e-03
4.284214228391647339e-03
4.273966886103153229e-03
4.276894964277744293e-03
4.282750189304351807e-03
4.282750189304351807e-03
4.282750189304351807e-03
4.281287081539630890e-03
4.284214228391647339e-03
4.285677801817655563e-03
4.287141840904951096e-03
4.301780834794044495e-03
4.152467008680105209e-03
4.148075822740793228e-03
4.145148210227489471e-03
4.148075822740793228e-03
4.145148210227489471e-03
4.145148210227489471e-03
4.149539861828088760e-03
4.151002969592809677e-03
4.146611783653497696e-03
4.140756092965602875e-03
4.145148210227489471e-03
4.143684171140193939e-03
4.145148210227489471e-03
4.146611783653497696e-03
4.151002969592809677e-03
4.156859125941991806e-03
3.984123934060335159e-03
