4.063171800225973129e-03
4.133436828851699829e-03
4.175888840109109879e-03
4.213949199765920639e-03
4.238835070282220840e-03
4.260792862623929977e-03
4.269576165825128555e-03
4.275430925190448761e-03
4.275430925190448761e-03
4.263720009475946426e-03
4.279823042452335358e-03
4.281287081539630890e-03
4.279823042452335358e-03
4.291533958166837692e-03
4.290069919079542160e-03
4.288605879992246628e-03
4.197847098112106323e-03
4.158323165029287338e-03
4.137828946113586426e-03
4.146611783653497696e-03
4.151002969592809677e-03
4.149539861828088760e-03
4.149539861828088760e-03
4.153931047767400742e-03
4.153931047767400742e-03
4.153931047767400742e-03
4.153931047767400742e-03
4.139292985200881958e-03
4.146611783653497696e-03
4.148075822740793228e-03
4.151002969592809677e-03
4.148075822740793228e-03
4.197847098112106323e-03
4.224196076393127441e-03
4.238835070282220840e-03
4.259328823536634445e-03
4.260792862623929977e-03
4.272502847015857697e-03
4.281287081539630890e-03
4.282750189304351807e-03
4.275430925190448761e-03
4.279823042452335358e-03
4.282750189304351807e-03
4.282750189304351807e-03
4.285677801817655563e-03
4.266648087650537491e-03
4.284214228391647339e-03
4.287141840904951096e-03
4.177352879196405411e-03
4.151002969592809677e-03
4.146611783653497696e-03
4.151002969592809677e-03
4.148075822740793228e-03
4.149539861828088760e-03
4.127582069486379623e-03
4.148075822740793228e-03
4.148075822740793228e-03
4.148075822740793228e-03
4.146611783653497696e-03
4.146611783653497696e-03
4.146611783653497696e-03
4.145148210227489471e-03
4.146611783653497696e-03
4.134900867938995361e-03
4.203701857477426529e-03
4.231514874845743179e-03
4.250545985996723175e-03
4.262255970388650894e-03
4.269576165825128555e-03
4.275430925190448761e-03
4.276894964277744293e-03
4.281287081539630890e-03
4.288605879992246628e-03
4.273966886103153229e-03
4.281287081539630890e-03
4.287141840904951096e-03
4.284214228391647339e-03
4.282750189304351807e-03
4.285677801817655563e-03
4.284214228391647339e-03
4.162713885307312012e-03
4.143684171140193939e-03
4.145148210227489471e-03
4.143684171140193939e-03
4.146611783653497696e-03
4.143684171140193939e-03
4.146611783653497696e-03
4.143684171140193939e-03
4.145148210227489471e-03
4.143684171140193939e-03
4.142220132052898407e-03
4.139292985200881958e-03
4.148075822740793228e-03
4.146611783653497696e-03
4.145148210227489471e-03
4.143684171140193939e-03
4.003154113888740540e-03
