4.129046108573675156e-03
4.139292985200881958e-03
4.194919019937515259e-03
4.231514874845743179e-03
4.252009093761444092e-03
4.266648087650537491e-03
4.275430925190448761e-03
4.276894964277744293e-03
4.282750189304351807e-03
4.281287081539630890e-03
4.272502847015857697e-03
4.284214228391647339e-03
4.285677801817655563e-03
4.290069919079542160e-03
4.290069919079542160e-03
4.290069919079542160e-03
4.168570041656494141e-03
4.155395086854696274e-03
4.152467008680105209e-03
4.142220132052898407e-03
4.145148210227489471e-03
4.151002969592809677e-03
4.153931047767400742e-03
4.151002969592809677e-03
4.156859125941991806e-03
4.151002969592809677e-03
4.156859125941991806e-03
4.151002969592809677e-03
4.146611783653497696e-03
4.149539861828088760e-03
4.149539861828088760e-03
4.148075822740793228e-03
4.208093974739313126e-03
4.238835070282220840e-03
4.259328823536634445e-03
4.269576165825128555e-03
4.275430925190448761e-03
4.275430925190448761e-03
4.276894964277744293e-03
4.279823042452335358e-03
4.287141840904951096e-03
4.288605879992246628e-03
4.287141840904951096e-03
4.287141840904951096e-03
4.292997065931558609e-03
4.288605879992246628e-03
4.288605879992246628e-03
4.300316795706748962e-03
4.159787204116582870e-03
4.152467008680105209e-03
4.149539861828088760e-03
4.151002969592809677e-03
4.151002969592809677e-03
4.156859125941991806e-03
4.152467008680105209e-03
4.151002969592809677e-03
4.139292985200881958e-03
4.148075822740793228e-03
4.148075822740793228e-03
4.146611783653497696e-03
4.149539861828088760e-03
4.148075822740793228e-03
4.152467008680105209e-03
4.170034080743789673e-03
4.219804890453815460e-03
4.235906992107629776e-03
4.252009093761444092e-03
4.266648087650537491e-03
4.276894964277744293e-03
4.278359003365039825e-03
4.282750189304351807e-03
4.285677801817655563e-03
4.287141840904951096e-03
4.284214228391647339e-03
4.275430925190448761e-03
4.282750189304351807e-03
4.291533958166837692e-03
4.290069919079542160e-03
4.288605879992246628e-03
4.187600221484899521e-03
4.158323165029287338e-03
4.148075822740793228e-03
4.149539861828088760e-03
4.137828946113586426e-03
4.146611783653497696e-03
4.151002969592809677e-03
4.149539861828088760e-03
4.149539861828088760e-03
4.148075822740793228e-03
4.148075822740793228e-03
4.145148210227489471e-03
4.146611783653497696e-03
4.139292985200881958e-03
4.146611783653497696e-03
4.151002969592809677e-03
4.145148210227489471e-03
3.948991186916828156e-03
