4.102696198970079422e-03
4.079273901879787445e-03
4.093912895768880844e-03
4.086594097316265106e-03
4.096840973943471909e-03
4.098305013030767441e-03
4.102696198970079422e-03
4.110014997422695160e-03
4.110014997422695160e-03
4.105623811483383179e-03
4.111479036509990692e-03
4.107087850570678711e-03
4.088058136403560638e-03
4.108551889657974243e-03
4.111479036509990692e-03
4.111479036509990692e-03
4.120261874049901962e-03
4.162713885307312012e-03
4.189063794910907745e-03
4.211021121591329575e-03
4.231514874845743179e-03
4.221267998218536377e-03
4.230052232742309570e-03
4.235906992107629776e-03
4.238835070282220840e-03
4.240299109369516373e-03
4.246153868734836578e-03
4.241762217134237289e-03
4.247617907822132111e-03
4.227124154567718506e-03
4.240299109369516373e-03
4.244689829647541046e-03
4.200773779302835464e-03
4.153931047767400742e-03
4.130509216338396072e-03
4.117335192859172821e-03
4.115871153771877289e-03
4.115871153771877289e-03
4.093912895768880844e-03
4.108551889657974243e-03
4.108551889657974243e-03
4.108551889657974243e-03
4.104159772396087646e-03
4.111479036509990692e-03
4.110014997422695160e-03
4.108551889657974243e-03
4.111479036509990692e-03
4.085130058228969574e-03
4.126118030399084091e-03
4.171497188508510590e-03
4.199311137199401855e-03
4.216876812279224396e-03
4.222732037305831909e-03
4.230052232742309570e-03
4.234442953020334244e-03
4.241762217134237289e-03
4.234442953020334244e-03
4.238835070282220840e-03
4.238835070282220840e-03
4.240299109369516373e-03
4.241762217134237289e-03
4.235906992107629776e-03
4.241762217134237289e-03
4.244689829647541046e-03
4.168570041656494141e-03
4.137828946113586426e-03
4.124653991311788559e-03
4.118799231946468353e-03
4.112943075597286224e-03
4.108551889657974243e-03
4.107087850570678711e-03
4.107087850570678711e-03
4.115871153771877289e-03
4.095376934856176376e-03
4.105623811483383179e-03
4.108551889657974243e-03
4.105623811483383179e-03
4.107087850570678711e-03
4.107087850570678711e-03
4.108551889657974243e-03
4.142220132052898407e-03
4.183208104223012924e-03
4.184672143310308456e-03
4.213949199765920639e-03
4.228588193655014038e-03
4.230052232742309570e-03
4.235906992107629776e-03
4.238835070282220840e-03
4.237371031194925308e-03
4.249081946909427643e-03
4.244689829647541046e-03
4.232978913933038712e-03
4.237371031194925308e-03
4.237371031194925308e-03
4.240299109369516373e-03
4.243225790560245514e-03
4.257864784449338913e-03
