3.984123934060335159e-03
3.960702102631330490e-03
3.954846877604722977e-03
3.946064040064811707e-03
3.943135961890220642e-03
3.946064040064811707e-03
3.937279805541038513e-03
3.913858905434608459e-03
3.931425046175718307e-03
3.927032928913831711e-03
3.929961007088422775e-03
3.925569821149110794e-03
3.927032928913831711e-03
3.924105782061815262e-03
3.927032928913831711e-03
3.928496968001127243e-03
3.875798080116510391e-03
3.890437074005603790e-03
3.888973034918308258e-03
3.884582081809639931e-03
3.884582081809639931e-03
3.881654003635048866e-03
3.888973034918308258e-03
3.893364919349551201e-03
3.886044956743717194e-03
3.872870933264493942e-03
3.880189964547753334e-03
3.880189964547753334e-03
3.881654003635048866e-03
3.878725925460457802e-03
3.883118042722344398e-03
3.886044956743717194e-03
3.919714130461215973e-03
3.915322944521903992e-03
3.908003214746713638e-03
3.921178169548511505e-03
3.924105782061815262e-03
3.927032928913831711e-03
3.931425046175718307e-03
3.932889085263013840e-03
3.928496968001127243e-03
3.929961007088422775e-03
3.927032928913831711e-03
3.919714130461215973e-03
3.925569821149110794e-03
3.931425046175718307e-03
3.929961007088422775e-03
3.944600000977516174e-03
3.896292066201567650e-03
3.891901113092899323e-03
3.887508995831012726e-03
3.887508995831012726e-03
3.877261886373162270e-03
3.883118042722344398e-03
3.886044956743717194e-03
3.884582081809639931e-03
3.886044956743717194e-03
3.886044956743717194e-03
3.886044956743717194e-03
3.881654003635048866e-03
3.881654003635048866e-03
3.874334972351789474e-03
3.881654003635048866e-03
3.915322944521903992e-03
3.921178169548511505e-03
3.912394866347312927e-03
3.916786052286624908e-03
3.922642208635807037e-03
3.922642208635807037e-03
3.912394866347312927e-03
3.928496968001127243e-03
3.929961007088422775e-03
3.929961007088422775e-03
3.929961007088422775e-03
3.928496968001127243e-03
3.928496968001127243e-03
3.925569821149110794e-03
3.924105782061815262e-03
3.916786052286624908e-03
3.890437074005603790e-03
3.893364919349551201e-03
3.891901113092899323e-03
3.887508995831012726e-03
3.886044956743717194e-03
3.890437074005603790e-03
3.877261886373162270e-03
3.883118042722344398e-03
3.875798080116510391e-03
3.884582081809639931e-03
3.881654003635048866e-03
3.886044956743717194e-03
3.881654003635048866e-03
3.878725925460457802e-03
3.890437074005603790e-03
3.888973034918308258e-03
3.887508995831012726e-03
3.929961007088422775e-03
