4.070491064339876175e-03
4.079273901879787445e-03
4.090984817594289780e-03
4.098305013030767441e-03
4.099768120795488358e-03
4.102696198970079422e-03
4.098305013030767441e-03
4.099768120795488358e-03
4.107087850570678711e-03
4.110014997422695160e-03
4.099768120795488358e-03
4.110014997422695160e-03
4.111479036509990692e-03
4.108551889657974243e-03
4.104159772396087646e-03
4.105623811483383179e-03
4.136364907026290894e-03
4.178816918283700943e-03
4.205165896564722061e-03
4.211021121591329575e-03
4.225660115480422974e-03
4.230052232742309570e-03
4.232978913933038712e-03
4.232978913933038712e-03
4.235906992107629776e-03
4.234442953020334244e-03
4.235906992107629776e-03
4.228588193655014038e-03
4.240299109369516373e-03
4.240299109369516373e-03
4.237371031194925308e-03
4.240299109369516373e-03
4.174424801021814346e-03
4.137828946113586426e-03
4.121725913137197495e-03
4.112943075597286224e-03
4.102696198970079422e-03
4.112943075597286224e-03
4.112943075597286224e-03
4.112943075597286224e-03
4.107087850570678711e-03
4.105623811483383179e-03
4.104159772396087646e-03
4.102696198970079422e-03
4.107087850570678711e-03
4.096840973943471909e-03
4.107087850570678711e-03
4.145148210227489471e-03
4.151002969592809677e-03
4.186136182397603989e-03
4.203701857477426529e-03
4.216876812279224396e-03
4.224196076393127441e-03
4.230052232742309570e-03
4.224196076393127441e-03
4.235906992107629776e-03
4.237371031194925308e-03
4.238835070282220840e-03
4.235906992107629776e-03
4.243225790560245514e-03
4.240299109369516373e-03
4.240299109369516373e-03
4.218340851366519928e-03
4.237371031194925308e-03
4.158323165029287338e-03
4.137828946113586426e-03
4.127582069486379623e-03
4.117335192859172821e-03
4.111479036509990692e-03
4.111479036509990692e-03
4.107087850570678711e-03
4.092448856681585312e-03
4.102696198970079422e-03
4.102696198970079422e-03
4.107087850570678711e-03
4.105623811483383179e-03
4.112943075597286224e-03
4.110014997422695160e-03
4.108551889657974243e-03
4.123189952224493027e-03
4.151002969592809677e-03
4.187600221484899521e-03
4.205165896564722061e-03
4.216876812279224396e-03
4.221267998218536377e-03
4.234442953020334244e-03
4.237371031194925308e-03
4.243225790560245514e-03
4.243225790560245514e-03
4.228588193655014038e-03
4.238835070282220840e-03
4.234442953020334244e-03
4.235906992107629776e-03
4.238835070282220840e-03
4.243225790560245514e-03
4.243225790560245514e-03
4.256401211023330688e-03
