4.089520778506994247e-03
4.076347220689058304e-03
4.086594097316265106e-03
4.093912895768880844e-03
4.101232159882783890e-03
4.096840973943471909e-03
4.108551889657974243e-03
4.110014997422695160e-03
4.102696198970079422e-03
4.107087850570678711e-03
4.108551889657974243e-03
4.111479036509990692e-03
4.105623811483383179e-03
4.104159772396087646e-03
4.107087850570678711e-03
4.104159772396087646e-03
4.123189952224493027e-03
4.153931047767400742e-03
4.196383059024810791e-03
4.212485160678625107e-03
4.221267998218536377e-03
4.225660115480422974e-03
4.232978913933038712e-03
4.237371031194925308e-03
4.237371031194925308e-03
4.235906992107629776e-03
4.232978913933038712e-03
4.237371031194925308e-03
4.240299109369516373e-03
4.240299109369516373e-03
4.240299109369516373e-03
4.238835070282220840e-03
4.189063794910907745e-03
4.149539861828088760e-03
4.114407114684581757e-03
4.115871153771877289e-03
4.111479036509990692e-03
4.111479036509990692e-03
4.111479036509990692e-03
4.112943075597286224e-03
4.110014997422695160e-03
4.107087850570678711e-03
4.107087850570678711e-03
4.092448856681585312e-03
4.101232159882783890e-03
4.107087850570678711e-03
4.105623811483383179e-03
4.112943075597286224e-03
4.142220132052898407e-03
4.175888840109109879e-03
4.197847098112106323e-03
4.215412773191928864e-03
4.216876812279224396e-03
4.227124154567718506e-03
4.230052232742309570e-03
4.232978913933038712e-03
4.241762217134237289e-03
4.241762217134237289e-03
4.240299109369516373e-03
4.241762217134237289e-03
4.224196076393127441e-03
4.234442953020334244e-03
4.238835070282220840e-03
4.237371031194925308e-03
4.170034080743789673e-03
4.137828946113586426e-03
4.126118030399084091e-03
4.118799231946468353e-03
4.112943075597286224e-03
4.096840973943471909e-03
4.105623811483383179e-03
4.107087850570678711e-03
4.105623811483383179e-03
4.107087850570678711e-03
4.104159772396087646e-03
4.110014997422695160e-03
4.112943075597286224e-03
4.111479036509990692e-03
4.095376934856176376e-03
4.123189952224493027e-03
4.148075822740793228e-03
4.181744065135717392e-03
4.203701857477426529e-03
4.213949199765920639e-03
4.221267998218536377e-03
4.231514874845743179e-03
4.237371031194925308e-03
4.230052232742309570e-03
4.237371031194925308e-03
4.238835070282220840e-03
4.238835070282220840e-03
4.240299109369516373e-03
4.237371031194925308e-03
4.238835070282220840e-03
4.241762217134237289e-03
4.222732037305831909e-03
4.250545985996723175e-03
