4.123189952224493027e-03
4.158323165029287338e-03
4.200773779302835464e-03
4.227124154567718506e-03
4.246153868734836578e-03
4.266648087650537491e-03
4.256401211023330688e-03
4.275430925190448761e-03
4.281287081539630890e-03
4.285677801817655563e-03
4.281287081539630890e-03
4.284214228391647339e-03
4.287141840904951096e-03
4.290069919079542160e-03
4.290069919079542160e-03
4.272502847015857697e-03
4.162713885307312012e-03
4.153931047767400742e-03
4.149539861828088760e-03
4.151002969592809677e-03
4.145148210227489471e-03
4.152467008680105209e-03
4.151002969592809677e-03
4.152467008680105209e-03
4.139292985200881958e-03
4.146611783653497696e-03
4.151002969592809677e-03
4.143684171140193939e-03
4.152467008680105209e-03
4.152467008680105209e-03
4.148075822740793228e-03
4.158323165029287338e-03
4.209558013826608658e-03
4.230052232742309570e-03
4.256401211023330688e-03
4.268112126737833023e-03
4.273966886103153229e-03
4.276894964277744293e-03
4.279823042452335358e-03
4.278359003365039825e-03
4.279823042452335358e-03
4.285677801817655563e-03
4.271040204912424088e-03
4.285677801817655563e-03
4.281287081539630890e-03
4.279823042452335358e-03
4.281287081539630890e-03
4.202237818390130997e-03
4.164177924394607544e-03
4.149539861828088760e-03
4.152467008680105209e-03
4.149539861828088760e-03
4.142220132052898407e-03
4.148075822740793228e-03
4.152467008680105209e-03
4.146611783653497696e-03
4.145148210227489471e-03
4.146611783653497696e-03
4.148075822740793228e-03
4.146611783653497696e-03
4.137828946113586426e-03
4.148075822740793228e-03
4.146611783653497696e-03
4.172961227595806122e-03
4.221267998218536377e-03
4.240299109369516373e-03
4.257864784449338913e-03
4.265184048563241959e-03
4.273966886103153229e-03
4.268112126737833023e-03
4.276894964277744293e-03
4.284214228391647339e-03
4.278359003365039825e-03
4.282750189304351807e-03
4.284214228391647339e-03
4.285677801817655563e-03
4.284214228391647339e-03
4.288605879992246628e-03
4.282750189304351807e-03
4.167106002569198608e-03
4.148075822740793228e-03
4.149539861828088760e-03
4.149539861828088760e-03
4.146611783653497696e-03
4.145148210227489471e-03
4.143684171140193939e-03
4.143684171140193939e-03
4.133436828851699829e-03
4.143684171140193939e-03
4.146611783653497696e-03
4.145148210227489471e-03
4.142220132052898407e-03
4.142220132052898407e-03
4.145148210227489471e-03
4.146611783653497696e-03
4.143684171140193939e-03
