4.093912895768880844e-03
4.137828946113586426e-03
4.178816918283700943e-03
4.212485160678625107e-03
4.240299109369516373e-03
4.237371031194925308e-03
4.263720009475946426e-03
4.268112126737833023e-03
4.276894964277744293e-03
4.282750189304351807e-03
4.287141840904951096e-03
4.291533958166837692e-03
4.288605879992246628e-03
4.285677801817655563e-03
4.287141840904951096e-03
4.284214228391647339e-03
4.200773779302835464e-03
4.156859125941991806e-03
4.148075822740793228e-03
4.159787204116582870e-03
4.156859125941991806e-03
4.152467008680105209e-03
4.153931047767400742e-03
4.139292985200881958e-03
4.149539861828088760e-03
4.148075822740793228e-03
4.149539861828088760e-03
4.151002969592809677e-03
4.149539861828088760e-03
4.151002969592809677e-03
4.156859125941991806e-03
4.152467008680105209e-03
4.168570041656494141e-03
4.218340851366519928e-03
4.244689829647541046e-03
4.256401211023330688e-03
4.269576165825128555e-03
4.276894964277744293e-03
4.281287081539630890e-03
4.285677801817655563e-03
4.284214228391647339e-03
4.271040204912424088e-03
4.284214228391647339e-03
4.284214228391647339e-03
4.287141840904951096e-03
4.285677801817655563e-03
4.287141840904951096e-03
4.284214228391647339e-03
4.184672143310308456e-03
4.156859125941991806e-03
4.153931047767400742e-03
4.142220132052898407e-03
4.151002969592809677e-03
4.149539861828088760e-03
4.148075822740793228e-03
4.149539861828088760e-03
4.149539861828088760e-03
4.146611783653497696e-03
4.153931047767400742e-03
4.155395086854696274e-03
4.148075822740793228e-03
4.148075822740793228e-03
4.149539861828088760e-03
4.148075822740793228e-03
4.191990941762924194e-03
4.227124154567718506e-03
4.244689829647541046e-03
4.260792862623929977e-03
4.272502847015857697e-03
4.272502847015857697e-03
4.281287081539630890e-03
4.284214228391647339e-03
4.288605879992246628e-03
4.284214228391647339e-03
4.287141840904951096e-03
4.284214228391647339e-03
4.285677801817655563e-03
4.287141840904951096e-03
4.279823042452335358e-03
4.285677801817655563e-03
4.171497188508510590e-03
4.152467008680105209e-03
4.151002969592809677e-03
4.146611783653497696e-03
4.149539861828088760e-03
4.145148210227489471e-03
4.151002969592809677e-03
4.139292985200881958e-03
4.145148210227489471e-03
4.148075822740793228e-03
4.149539861828088760e-03
4.148075822740793228e-03
4.146611783653497696e-03
4.143684171140193939e-03
4.143684171140193939e-03
4.142220132052898407e-03
4.035358782857656479e-03
