4.063171800225973129e-03
4.082201980054378510e-03
4.089520778506994247e-03
4.096840973943471909e-03
4.099768120795488358e-03
4.105623811483383179e-03
4.104159772396087646e-03
4.108551889657974243e-03
4.111479036509990692e-03
4.110014997422695160e-03
4.107087850570678711e-03
4.110014997422695160e-03
4.105623811483383179e-03
4.110014997422695160e-03
4.107087850570678711e-03
4.099768120795488358e-03
4.131972789764404297e-03
4.168570041656494141e-03
4.193454980850219727e-03
4.208093974739313126e-03
4.225660115480422974e-03
4.227124154567718506e-03
4.238835070282220840e-03
4.237371031194925308e-03
4.232978913933038712e-03
4.235906992107629776e-03
4.234442953020334244e-03
4.238835070282220840e-03
4.243225790560245514e-03
4.240299109369516373e-03
4.241762217134237289e-03
4.238835070282220840e-03
4.168570041656494141e-03
4.140756092965602875e-03
4.131972789764404297e-03
4.115871153771877289e-03
4.115871153771877289e-03
4.112943075597286224e-03
4.108551889657974243e-03
4.110014997422695160e-03
4.111479036509990692e-03
4.101232159882783890e-03
4.107087850570678711e-03
4.107087850570678711e-03
4.110014997422695160e-03
4.107087850570678711e-03
4.107087850570678711e-03
4.110014997422695160e-03
4.145148210227489471e-03
4.180280957370996475e-03
4.193454980850219727e-03
4.216876812279224396e-03
4.224196076393127441e-03
4.231514874845743179e-03
4.230052232742309570e-03
4.237371031194925308e-03
4.243225790560245514e-03
4.241762217134237289e-03
4.238835070282220840e-03
4.232978913933038712e-03
4.237371031194925308e-03
4.235906992107629776e-03
4.235906992107629776e-03
4.244689829647541046e-03
4.174424801021814346e-03
4.137828946113586426e-03
4.123189952224493027e-03
4.096840973943471909e-03
4.107087850570678711e-03
4.111479036509990692e-03
4.112943075597286224e-03
4.111479036509990692e-03
4.107087850570678711e-03
4.108551889657974243e-03
4.104159772396087646e-03
4.111479036509990692e-03
4.096840973943471909e-03
4.107087850570678711e-03
4.107087850570678711e-03
4.101232159882783890e-03
4.153931047767400742e-03
4.181744065135717392e-03
4.208093974739313126e-03
4.224196076393127441e-03
4.228588193655014038e-03
4.219804890453815460e-03
4.232978913933038712e-03
4.237371031194925308e-03
4.232978913933038712e-03
4.238835070282220840e-03
4.244689829647541046e-03
4.241762217134237289e-03
4.241762217134237289e-03
4.241762217134237289e-03
4.234442953020334244e-03
4.235906992107629776e-03
4.243225790560245514e-03
