4.060244187712669373e-03
4.061708226799964905e-03
4.092448856681585312e-03
4.095376934856176376e-03
4.099768120795488358e-03
4.107087850570678711e-03
4.102696198970079422e-03
4.107087850570678711e-03
4.110014997422695160e-03
4.108551889657974243e-03
4.088058136403560638e-03
4.102696198970079422e-03
4.110014997422695160e-03
4.107087850570678711e-03
4.111479036509990692e-03
4.105623811483383179e-03
4.134900867938995361e-03
4.174424801021814346e-03
4.206629935652017593e-03
4.206629935652017593e-03
4.221267998218536377e-03
4.232978913933038712e-03
4.232978913933038712e-03
4.238835070282220840e-03
4.243225790560245514e-03
4.240299109369516373e-03
4.237371031194925308e-03
4.232978913933038712e-03
4.232978913933038712e-03
4.238835070282220840e-03
4.238835070282220840e-03
4.240299109369516373e-03
4.180280957370996475e-03
4.143684171140193939e-03
4.129046108573675156e-03
4.121725913137197495e-03
4.101232159882783890e-03
4.108551889657974243e-03
4.105623811483383179e-03
4.108551889657974243e-03
4.110014997422695160e-03
4.110014997422695160e-03
4.105623811483383179e-03
4.104159772396087646e-03
4.112943075597286224e-03
4.089520778506994247e-03
4.107087850570678711e-03
4.107087850570678711e-03
4.140756092965602875e-03
4.180280957370996475e-03
4.206629935652017593e-03
4.218340851366519928e-03
4.222732037305831909e-03
4.230052232742309570e-03
4.218340851366519928e-03
4.232978913933038712e-03
4.241762217134237289e-03
4.240299109369516373e-03
4.235906992107629776e-03
4.240299109369516373e-03
4.244689829647541046e-03
4.243225790560245514e-03
4.218340851366519928e-03
4.259328823536634445e-03
4.165641963481903076e-03
4.136364907026290894e-03
4.123189952224493027e-03
4.112943075597286224e-03
4.107087850570678711e-03
4.111479036509990692e-03
4.111479036509990692e-03
4.096840973943471909e-03
4.107087850570678711e-03
4.105623811483383179e-03
4.110014997422695160e-03
4.110014997422695160e-03
4.110014997422695160e-03
4.107087850570678711e-03
4.105623811483383179e-03
4.115871153771877289e-03
4.143684171140193939e-03
4.186136182397603989e-03
4.205165896564722061e-03
4.216876812279224396e-03
4.224196076393127441e-03
4.234442953020334244e-03
4.237371031194925308e-03
4.241762217134237289e-03
4.240299109369516373e-03
4.228588193655014038e-03
4.232978913933038712e-03
4.241762217134237289e-03
4.240299109369516373e-03
4.240299109369516373e-03
4.238835070282220840e-03
4.240299109369516373e-03
4.260792862623929977e-03
