4.180280957370996475e-03
4.131972789764404297e-03
4.172961227595806122e-03
4.216876812279224396e-03
4.240299109369516373e-03
4.259328823536634445e-03
4.269576165825128555e-03
4.256401211023330688e-03
4.278359003365039825e-03
4.279823042452335358e-03
4.279823042452335358e-03
4.285677801817655563e-03
4.291533958166837692e-03
4.290069919079542160e-03
4.291533958166837692e-03
4.290069919079542160e-03
4.177352879196405411e-03
4.155395086854696274e-03
4.151002969592809677e-03
4.146611783653497696e-03
4.151002969592809677e-03
4.158323165029287338e-03
4.156859125941991806e-03
4.152467008680105209e-03
4.152467008680105209e-03
4.140756092965602875e-03
4.145148210227489471e-03
4.151002969592809677e-03
4.149539861828088760e-03
4.143684171140193939e-03
4.151002969592809677e-03
4.153931047767400742e-03
4.187600221484899521e-03
4.225660115480422974e-03
4.238835070282220840e-03
4.254937171936035156e-03
4.266648087650537491e-03
4.272502847015857697e-03
4.279823042452335358e-03
4.279823042452335358e-03
4.282750189304351807e-03
4.282750189304351807e-03
4.288605879992246628e-03
4.287141840904951096e-03
4.278359003365039825e-03
4.282750189304351807e-03
4.284214228391647339e-03
4.287141840904951096e-03
4.174424801021814346e-03
4.152467008680105209e-03
4.149539861828088760e-03
4.151002969592809677e-03
4.149539861828088760e-03
4.140756092965602875e-03
4.149539861828088760e-03
4.146611783653497696e-03
4.145148210227489471e-03
4.149539861828088760e-03
4.145148210227489471e-03
4.148075822740793228e-03
4.145148210227489471e-03
4.146611783653497696e-03
4.146611783653497696e-03
4.151002969592809677e-03
4.199311137199401855e-03
4.224196076393127441e-03
4.250545985996723175e-03
4.260792862623929977e-03
4.268112126737833023e-03
4.275430925190448761e-03
4.275430925190448761e-03
4.272502847015857697e-03
4.281287081539630890e-03
4.282750189304351807e-03
4.290069919079542160e-03
4.285677801817655563e-03
4.285677801817655563e-03
4.281287081539630890e-03
4.282750189304351807e-03
4.287141840904951096e-03
4.153931047767400742e-03
4.151002969592809677e-03
4.151002969592809677e-03
4.149539861828088760e-03
4.146611783653497696e-03
4.146611783653497696e-03
4.151002969592809677e-03
4.146611783653497696e-03
4.148075822740793228e-03
4.140756092965602875e-03
4.149539861828088760e-03
4.146611783653497696e-03
4.149539861828088760e-03
4.149539861828088760e-03
4.146611783653497696e-03
4.146611783653497696e-03
3.994370810687541962e-03
