4.017792176455259323e-03
3.962166141718626022e-03
3.953382838517427444e-03
3.950455226004123688e-03
3.943135961890220642e-03
3.916786052286624908e-03
3.928496968001127243e-03
3.932889085263013840e-03
3.932889085263013840e-03
3.929961007088422775e-03
3.934353124350309372e-03
3.929961007088422775e-03
3.931425046175718307e-03
3.928496968001127243e-03
3.903612028807401657e-03
3.922642208635807037e-03
3.891901113092899323e-03
3.897756105288863182e-03
3.893364919349551201e-03
3.888973034918308258e-03
3.887508995831012726e-03
3.884582081809639931e-03
3.891901113092899323e-03
3.869943087920546532e-03
3.884582081809639931e-03
3.883118042722344398e-03
3.881654003635048866e-03
3.884582081809639931e-03
3.887508995831012726e-03
3.887508995831012726e-03
3.886044956743717194e-03
3.883118042722344398e-03
3.897756105288863182e-03
3.913858905434608459e-03
3.913858905434608459e-03
3.921178169548511505e-03
3.922642208635807037e-03
3.924105782061815262e-03
3.928496968001127243e-03
3.929961007088422775e-03
3.929961007088422775e-03
3.916786052286624908e-03
3.928496968001127243e-03
3.927032928913831711e-03
3.924105782061815262e-03
3.925569821149110794e-03
3.927032928913831711e-03
3.924105782061815262e-03
3.893364919349551201e-03
3.896292066201567650e-03
3.888973034918308258e-03
3.887508995831012726e-03
3.884582081809639931e-03
3.887508995831012726e-03
3.884582081809639931e-03
3.886044956743717194e-03
3.883118042722344398e-03
3.883118042722344398e-03
3.884582081809639931e-03
3.880189964547753334e-03
3.884582081809639931e-03
3.883118042722344398e-03
3.883118042722344398e-03
3.883118042722344398e-03
3.916786052286624908e-03
3.916786052286624908e-03
3.922642208635807037e-03
3.925569821149110794e-03
3.924105782061815262e-03
3.927032928913831711e-03
3.924105782061815262e-03
3.925569821149110794e-03
3.929961007088422775e-03
3.924105782061815262e-03
3.928496968001127243e-03
3.925569821149110794e-03
3.927032928913831711e-03
3.915322944521903992e-03
3.929961007088422775e-03
3.934353124350309372e-03
3.897756105288863182e-03
3.891901113092899323e-03
3.887508995831012726e-03
3.888973034918308258e-03
3.886044956743717194e-03
3.887508995831012726e-03
3.877261886373162270e-03
3.880189964547753334e-03
3.884582081809639931e-03
3.886044956743717194e-03
3.884582081809639931e-03
3.887508995831012726e-03
3.887508995831012726e-03
3.883118042722344398e-03
3.858231939375400543e-03
3.880189964547753334e-03
3.912394866347312927e-03
