4.118799231946468353e-03
4.134900867938995361e-03
4.187600221484899521e-03
4.227124154567718506e-03
4.247617907822132111e-03
4.259328823536634445e-03
4.268112126737833023e-03
4.265184048563241959e-03
4.275430925190448761e-03
4.281287081539630890e-03
4.278359003365039825e-03
4.285677801817655563e-03
4.288605879992246628e-03
4.287141840904951096e-03
4.279823042452335358e-03
4.287141840904951096e-03
4.170034080743789673e-03
4.152467008680105209e-03
4.152467008680105209e-03
4.153931047767400742e-03
4.151002969592809677e-03
4.149539861828088760e-03
4.152467008680105209e-03
4.149539861828088760e-03
4.152467008680105209e-03
4.131972789764404297e-03
4.145148210227489471e-03
4.149539861828088760e-03
4.142220132052898407e-03
4.152467008680105209e-03
4.151002969592809677e-03
4.145148210227489471e-03
4.197847098112106323e-03
4.230052232742309570e-03
4.240299109369516373e-03
4.259328823536634445e-03
4.268112126737833023e-03
4.273966886103153229e-03
4.281287081539630890e-03
4.285677801817655563e-03
4.285677801817655563e-03
4.282750189304351807e-03
4.284214228391647339e-03
4.279823042452335358e-03
4.281287081539630890e-03
4.287141840904951096e-03
4.287141840904951096e-03
4.288605879992246628e-03
4.170034080743789673e-03
4.153931047767400742e-03
4.145148210227489471e-03
4.149539861828088760e-03
4.148075822740793228e-03
4.146611783653497696e-03
4.146611783653497696e-03
4.149539861828088760e-03
4.146611783653497696e-03
4.152467008680105209e-03
4.149539861828088760e-03
4.149539861828088760e-03
4.151002969592809677e-03
4.149539861828088760e-03
4.143684171140193939e-03
4.145148210227489471e-03
4.200773779302835464e-03
4.234442953020334244e-03
4.253473132848739624e-03
4.266648087650537491e-03
4.275430925190448761e-03
4.276894964277744293e-03
4.281287081539630890e-03
4.275430925190448761e-03
4.285677801817655563e-03
4.285677801817655563e-03
4.285677801817655563e-03
4.284214228391647339e-03
4.282750189304351807e-03
4.282750189304351807e-03
4.284214228391647339e-03
4.290069919079542160e-03
4.155395086854696274e-03
4.146611783653497696e-03
4.146611783653497696e-03
4.145148210227489471e-03
4.145148210227489471e-03
4.153931047767400742e-03
4.148075822740793228e-03
4.143684171140193939e-03
4.148075822740793228e-03
4.142220132052898407e-03
4.146611783653497696e-03
4.143684171140193939e-03
4.152467008680105209e-03
4.146611783653497696e-03
4.143684171140193939e-03
4.149539861828088760e-03
4.014865029603242874e-03
