4.007544834166765213e-03
4.076347220689058304e-03
4.088058136403560638e-03
4.098305013030767441e-03
4.098305013030767441e-03
4.105623811483383179e-03
4.105623811483383179e-03
4.107087850570678711e-03
4.107087850570678711e-03
4.110014997422695160e-03
4.108551889657974243e-03
4.105623811483383179e-03
4.105623811483383179e-03
4.095376934856176376e-03
4.101232159882783890e-03
4.107087850570678711e-03
4.126118030399084091e-03
4.165641963481903076e-03
4.190527833998203278e-03
4.208093974739313126e-03
4.219804890453815460e-03
4.224196076393127441e-03
4.221267998218536377e-03
4.234442953020334244e-03
4.240299109369516373e-03
4.238835070282220840e-03
4.240299109369516373e-03
4.241762217134237289e-03
4.241762217134237289e-03
4.243225790560245514e-03
4.240299109369516373e-03
4.232978913933038712e-03
4.208093974739313126e-03
4.151002969592809677e-03
4.127582069486379623e-03
4.123189952224493027e-03
4.118799231946468353e-03
4.112943075597286224e-03
4.111479036509990692e-03
4.096840973943471909e-03
4.108551889657974243e-03
4.105623811483383179e-03
4.107087850570678711e-03
4.104159772396087646e-03
4.102696198970079422e-03
4.110014997422695160e-03
4.111479036509990692e-03
4.105623811483383179e-03
4.120261874049901962e-03
4.168570041656494141e-03
4.193454980850219727e-03
4.209558013826608658e-03
4.224196076393127441e-03
4.228588193655014038e-03
4.238835070282220840e-03
4.240299109369516373e-03
4.244689829647541046e-03
4.232978913933038712e-03
4.237371031194925308e-03
4.240299109369516373e-03
4.241762217134237289e-03
4.240299109369516373e-03
4.238835070282220840e-03
4.240299109369516373e-03
4.194919019937515259e-03
4.127582069486379623e-03
4.126118030399084091e-03
4.117335192859172821e-03
4.111479036509990692e-03
4.111479036509990692e-03
4.110014997422695160e-03
4.105623811483383179e-03
4.105623811483383179e-03
4.112943075597286224e-03
4.093912895768880844e-03
4.105623811483383179e-03
4.110014997422695160e-03
4.105623811483383179e-03
4.110014997422695160e-03
4.107087850570678711e-03
4.142220132052898407e-03
4.177352879196405411e-03
4.202237818390130997e-03
4.197847098112106323e-03
4.215412773191928864e-03
4.231514874845743179e-03
4.235906992107629776e-03
4.235906992107629776e-03
4.238835070282220840e-03
4.238835070282220840e-03
4.238835070282220840e-03
4.237371031194925308e-03
4.232978913933038712e-03
4.237371031194925308e-03
4.235906992107629776e-03
4.241762217134237289e-03
4.291533958166837692e-03
