3.969484940171241760e-03
3.959238063544034958e-03
3.951918799430131912e-03
3.941671922802925110e-03
3.944600000977516174e-03
3.937279805541038513e-03
3.935817163437604904e-03
3.934353124350309372e-03
3.932889085263013840e-03
3.919714130461215973e-03
3.924105782061815262e-03
3.927032928913831711e-03
3.927032928913831711e-03
3.924105782061815262e-03
3.931425046175718307e-03
3.931425046175718307e-03
3.897756105288863182e-03
3.896292066201567650e-03
3.887508995831012726e-03
3.888973034918308258e-03
3.887508995831012726e-03
3.884582081809639931e-03
3.884582081809639931e-03
3.887508995831012726e-03
3.884582081809639931e-03
3.887508995831012726e-03
3.890437074005603790e-03
3.883118042722344398e-03
3.883118042722344398e-03
3.880189964547753334e-03
3.883118042722344398e-03
3.884582081809639931e-03
3.915322944521903992e-03
3.916786052286624908e-03
3.921178169548511505e-03
3.902147989720106125e-03
3.921178169548511505e-03
3.924105782061815262e-03
3.928496968001127243e-03
3.929961007088422775e-03
3.929961007088422775e-03
3.924105782061815262e-03
3.924105782061815262e-03
3.931425046175718307e-03
3.908003214746713638e-03
3.929961007088422775e-03
3.929961007088422775e-03
3.940207883715629578e-03
3.894828958436846733e-03
3.888973034918308258e-03
3.891901113092899323e-03
3.886044956743717194e-03
3.880189964547753334e-03
3.869943087920546532e-03
3.886044956743717194e-03
3.883118042722344398e-03
3.886044956743717194e-03
3.887508995831012726e-03
3.883118042722344398e-03
3.888973034918308258e-03
3.884582081809639931e-03
3.884582081809639931e-03
3.869943087920546532e-03
3.912394866347312927e-03
3.910930827260017395e-03
3.916786052286624908e-03
3.918250091373920441e-03
3.925569821149110794e-03
3.927032928913831711e-03
3.928496968001127243e-03
3.924105782061815262e-03
3.916786052286624908e-03
3.924105782061815262e-03
3.924105782061815262e-03
3.928496968001127243e-03
3.928496968001127243e-03
3.932889085263013840e-03
3.924105782061815262e-03
3.929961007088422775e-03
3.887508995831012726e-03
3.888973034918308258e-03
3.888973034918308258e-03
3.887508995831012726e-03
3.888973034918308258e-03
3.891901113092899323e-03
3.890437074005603790e-03
3.890437074005603790e-03
3.886044956743717194e-03
3.886044956743717194e-03
3.874334972351789474e-03
3.884582081809639931e-03
3.880189964547753334e-03
3.880189964547753334e-03
3.884582081809639931e-03
3.881654003635048866e-03
3.881654003635048866e-03
3.948991186916828156e-03
