4.443774931132793427e-03
4.448166117072105408e-03
4.449630156159400940e-03
4.424745216965675354e-03
4.445238970220088959e-03
4.443774931132793427e-03
4.443774931132793427e-03
4.442310892045497894e-03
4.452557768672704697e-03
4.449630156159400940e-03
4.449630156159400940e-03
4.451094195246696472e-03
4.448166117072105408e-03
4.439382813870906830e-03
4.445238970220088959e-03
4.446702077984809875e-03
4.448166117072105408e-03
4.468659870326519012e-03
4.481834825128316879e-03
4.490618128329515457e-03
4.487690050154924393e-03
4.489154089242219925e-03
4.477443173527717590e-03
4.481834825128316879e-03
4.481834825128316879e-03
4.481834825128316879e-03
4.486226942390203476e-03
4.483298864215612411e-03
4.487690050154924393e-03
4.487690050154924393e-03
4.489154089242219925e-03
4.495009779930114746e-03
4.471587948501110077e-03
4.451094195246696472e-03
4.446702077984809875e-03
4.451094195246696472e-03
4.445238970220088959e-03
4.445238970220088959e-03
4.448166117072105408e-03
4.439382813870906830e-03
4.446702077984809875e-03
4.446702077984809875e-03
4.443774931132793427e-03
4.443774931132793427e-03
4.445238970220088959e-03
4.445238970220088959e-03
4.442310892045497894e-03
4.434992093592882156e-03
4.456948954612016678e-03
4.462805110961198807e-03
4.480370786041021347e-03
4.478907212615013123e-03
4.481834825128316879e-03
4.480370786041021347e-03
4.481834825128316879e-03
4.478907212615013123e-03
4.486226942390203476e-03
4.484762903302907944e-03
4.481834825128316879e-03
4.480370786041021347e-03
4.480370786041021347e-03
4.481834825128316879e-03
4.484762903302907944e-03
4.489154089242219925e-03
4.465733189135789871e-03
4.448166117072105408e-03
4.423281177878379822e-03
4.442310892045497894e-03
4.439382813870906830e-03
4.449630156159400940e-03
4.445238970220088959e-03
4.440846852958202362e-03
4.442310892045497894e-03
4.443774931132793427e-03
4.446702077984809875e-03
4.427671898156404495e-03
4.433528054505586624e-03
4.434992093592882156e-03
4.440846852958202362e-03
4.434992093592882156e-03
4.448166117072105408e-03
4.464269150048494339e-03
4.477443173527717590e-03
4.481834825128316879e-03
4.462805110961198807e-03
4.474516026675701141e-03
4.477443173527717590e-03
4.475980065762996674e-03
4.474516026675701141e-03
4.481834825128316879e-03
4.481834825128316879e-03
4.480370786041021347e-03
4.478907212615013123e-03
4.468659870326519012e-03
4.475980065762996674e-03
4.525750875473022461e-03
