4.127582069486379623e-03
4.164177924394607544e-03
4.203701857477426529e-03
4.230052232742309570e-03
4.250545985996723175e-03
4.265184048563241959e-03
4.269576165825128555e-03
4.276894964277744293e-03
4.271040204912424088e-03
4.281287081539630890e-03
4.284214228391647339e-03
4.288605879992246628e-03
4.288605879992246628e-03
4.285677801817655563e-03
4.290069919079542160e-03
4.254937171936035156e-03
4.162713885307312012e-03
4.146611783653497696e-03
4.149539861828088760e-03
4.152467008680105209e-03
4.151002969592809677e-03
4.153931047767400742e-03
4.151002969592809677e-03
4.149539861828088760e-03
4.151002969592809677e-03
4.152467008680105209e-03
4.134900867938995361e-03
4.148075822740793228e-03
4.152467008680105209e-03
4.149539861828088760e-03
4.151002969592809677e-03
4.167106002569198608e-03
4.218340851366519928e-03
4.241762217134237289e-03
4.256401211023330688e-03
4.247617907822132111e-03
4.275430925190448761e-03
4.281287081539630890e-03
4.285677801817655563e-03
4.281287081539630890e-03
4.285677801817655563e-03
4.284214228391647339e-03
4.285677801817655563e-03
4.285677801817655563e-03
4.272502847015857697e-03
4.287141840904951096e-03
4.288605879992246628e-03
4.189063794910907745e-03
4.156859125941991806e-03
4.149539861828088760e-03
4.153931047767400742e-03
4.148075822740793228e-03
4.152467008680105209e-03
4.136364907026290894e-03
4.143684171140193939e-03
4.152467008680105209e-03
4.151002969592809677e-03
4.151002969592809677e-03
4.152467008680105209e-03
4.146611783653497696e-03
4.149539861828088760e-03
4.148075822740793228e-03
4.137828946113586426e-03
4.175888840109109879e-03
4.225660115480422974e-03
4.246153868734836578e-03
4.259328823536634445e-03
4.272502847015857697e-03
4.275430925190448761e-03
4.278359003365039825e-03
4.281287081539630890e-03
4.266648087650537491e-03
4.278359003365039825e-03
4.285677801817655563e-03
4.290069919079542160e-03
4.288605879992246628e-03
4.287141840904951096e-03
4.291533958166837692e-03
4.290069919079542160e-03
4.170034080743789673e-03
4.153931047767400742e-03
4.142220132052898407e-03
4.148075822740793228e-03
4.151002969592809677e-03
4.148075822740793228e-03
4.149539861828088760e-03
4.146611783653497696e-03
4.146611783653497696e-03
4.145148210227489471e-03
4.127582069486379623e-03
4.142220132052898407e-03
4.142220132052898407e-03
4.145148210227489471e-03
4.148075822740793228e-03
4.149539861828088760e-03
4.273966886103153229e-03
