4.067563917487859726e-03
4.079273901879787445e-03
4.098305013030767441e-03
4.102696198970079422e-03
4.089520778506994247e-03
4.102696198970079422e-03
4.105623811483383179e-03
4.107087850570678711e-03
4.104159772396087646e-03
4.110014997422695160e-03
4.104159772396087646e-03
4.108551889657974243e-03
4.112943075597286224e-03
4.093912895768880844e-03
4.107087850570678711e-03
4.104159772396087646e-03
4.149539861828088760e-03
4.177352879196405411e-03
4.199311137199401855e-03
4.209558013826608658e-03
4.228588193655014038e-03
4.234442953020334244e-03
4.228588193655014038e-03
4.237371031194925308e-03
4.235906992107629776e-03
4.237371031194925308e-03
4.237371031194925308e-03
4.238835070282220840e-03
4.237371031194925308e-03
4.250545985996723175e-03
4.241762217134237289e-03
4.250545985996723175e-03
4.170034080743789673e-03
4.139292985200881958e-03
4.121725913137197495e-03
4.115871153771877289e-03
4.110014997422695160e-03
4.107087850570678711e-03
4.118799231946468353e-03
4.095376934856176376e-03
4.105623811483383179e-03
4.107087850570678711e-03
4.110014997422695160e-03
4.107087850570678711e-03
4.104159772396087646e-03
4.107087850570678711e-03
4.104159772396087646e-03
4.117335192859172821e-03
4.146611783653497696e-03
4.181744065135717392e-03
4.205165896564722061e-03
4.219804890453815460e-03
4.227124154567718506e-03
4.230052232742309570e-03
4.235906992107629776e-03
4.238835070282220840e-03
4.238835070282220840e-03
4.231514874845743179e-03
4.240299109369516373e-03
4.240299109369516373e-03
4.237371031194925308e-03
4.240299109369516373e-03
4.243225790560245514e-03
4.218340851366519928e-03
4.155395086854696274e-03
4.134900867938995361e-03
4.118799231946468353e-03
4.117335192859172821e-03
4.115871153771877289e-03
4.111479036509990692e-03
4.112943075597286224e-03
4.111479036509990692e-03
4.107087850570678711e-03
4.107087850570678711e-03
4.105623811483383179e-03
4.098305013030767441e-03
4.102696198970079422e-03
4.110014997422695160e-03
4.107087850570678711e-03
4.124653991311788559e-03
4.168570041656494141e-03
4.196383059024810791e-03
4.209558013826608658e-03
4.206629935652017593e-03
4.224196076393127441e-03
4.228588193655014038e-03
4.234442953020334244e-03
4.237371031194925308e-03
4.240299109369516373e-03
4.240299109369516373e-03
4.240299109369516373e-03
4.240299109369516373e-03
4.224196076393127441e-03
4.237371031194925308e-03
4.237371031194925308e-03
4.234442953020334244e-03
