4.067563917487859726e-03
4.085130058228969574e-03
4.092448856681585312e-03
4.098305013030767441e-03
4.105623811483383179e-03
4.104159772396087646e-03
4.112943075597286224e-03
4.111479036509990692e-03
4.108551889657974243e-03
4.101232159882783890e-03
4.104159772396087646e-03
4.105623811483383179e-03
4.104159772396087646e-03
4.110014997422695160e-03
4.111479036509990692e-03
4.112943075597286224e-03
4.151002969592809677e-03
4.167106002569198608e-03
4.194919019937515259e-03
4.215412773191928864e-03
4.225660115480422974e-03
4.231514874845743179e-03
4.234442953020334244e-03
4.243225790560245514e-03
4.244689829647541046e-03
4.241762217134237289e-03
4.225660115480422974e-03
4.238835070282220840e-03
4.240299109369516373e-03
4.240299109369516373e-03
4.238835070282220840e-03
4.265184048563241959e-03
4.178816918283700943e-03
4.143684171140193939e-03
4.123189952224493027e-03
4.114407114684581757e-03
4.115871153771877289e-03
4.111479036509990692e-03
4.110014997422695160e-03
4.107087850570678711e-03
4.104159772396087646e-03
4.107087850570678711e-03
4.111479036509990692e-03
4.111479036509990692e-03
4.105623811483383179e-03
4.111479036509990692e-03
4.110014997422695160e-03
4.123189952224493027e-03
4.158323165029287338e-03
4.187600221484899521e-03
4.209558013826608658e-03
4.219804890453815460e-03
4.228588193655014038e-03
4.224196076393127441e-03
4.237371031194925308e-03
4.238835070282220840e-03
4.237371031194925308e-03
4.238835070282220840e-03
4.240299109369516373e-03
4.241762217134237289e-03
4.241762217134237289e-03
4.219804890453815460e-03
4.232978913933038712e-03
4.224196076393127441e-03
4.161249846220016479e-03
4.136364907026290894e-03
4.118799231946468353e-03
4.117335192859172821e-03
4.115871153771877289e-03
4.114407114684581757e-03
4.093912895768880844e-03
4.107087850570678711e-03
4.104159772396087646e-03
4.111479036509990692e-03
4.112943075597286224e-03
4.110014997422695160e-03
4.112943075597286224e-03
4.108551889657974243e-03
4.110014997422695160e-03
4.114407114684581757e-03
4.165641963481903076e-03
4.193454980850219727e-03
4.209558013826608658e-03
4.219804890453815460e-03
4.225660115480422974e-03
4.232978913933038712e-03
4.241762217134237289e-03
4.244689829647541046e-03
4.235906992107629776e-03
4.241762217134237289e-03
4.240299109369516373e-03
4.237371031194925308e-03
4.238835070282220840e-03
4.240299109369516373e-03
4.237371031194925308e-03
4.237371031194925308e-03
