4.111479036509990692e-03
4.074883181601762772e-03
4.086594097316265106e-03
4.092448856681585312e-03
4.102696198970079422e-03
4.107087850570678711e-03
4.107087850570678711e-03
4.107087850570678711e-03
4.107087850570678711e-03
4.095376934856176376e-03
4.104159772396087646e-03
4.107087850570678711e-03
4.104159772396087646e-03
4.102696198970079422e-03
4.112943075597286224e-03
4.107087850570678711e-03
4.108551889657974243e-03
4.161249846220016479e-03
4.181744065135717392e-03
4.206629935652017593e-03
4.216876812279224396e-03
4.225660115480422974e-03
4.228588193655014038e-03
4.238835070282220840e-03
4.234442953020334244e-03
4.243225790560245514e-03
4.240299109369516373e-03
4.240299109369516373e-03
4.235906992107629776e-03
4.246153868734836578e-03
4.238835070282220840e-03
4.238835070282220840e-03
4.202237818390130997e-03
4.149539861828088760e-03
4.134900867938995361e-03
4.110014997422695160e-03
4.108551889657974243e-03
4.115871153771877289e-03
4.108551889657974243e-03
4.105623811483383179e-03
4.107087850570678711e-03
4.107087850570678711e-03
4.107087850570678711e-03
4.104159772396087646e-03
4.090984817594289780e-03
4.111479036509990692e-03
4.108551889657974243e-03
4.110014997422695160e-03
4.124653991311788559e-03
4.167106002569198608e-03
4.196383059024810791e-03
4.209558013826608658e-03
4.216876812279224396e-03
4.213949199765920639e-03
4.230052232742309570e-03
4.240299109369516373e-03
4.237371031194925308e-03
4.240299109369516373e-03
4.241762217134237289e-03
4.235906992107629776e-03
4.240299109369516373e-03
4.232978913933038712e-03
4.234442953020334244e-03
4.228588193655014038e-03
4.196383059024810791e-03
4.151002969592809677e-03
4.133436828851699829e-03
4.123189952224493027e-03
4.118799231946468353e-03
4.112943075597286224e-03
4.090984817594289780e-03
4.112943075597286224e-03
4.105623811483383179e-03
4.108551889657974243e-03
4.111479036509990692e-03
4.108551889657974243e-03
4.108551889657974243e-03
4.108551889657974243e-03
4.112943075597286224e-03
4.090984817594289780e-03
4.133436828851699829e-03
4.172961227595806122e-03
4.197847098112106323e-03
4.221267998218536377e-03
4.228588193655014038e-03
4.232978913933038712e-03
4.234442953020334244e-03
4.240299109369516373e-03
4.225660115480422974e-03
4.234442953020334244e-03
4.238835070282220840e-03
4.237371031194925308e-03
4.235906992107629776e-03
4.243225790560245514e-03
4.246153868734836578e-03
4.244689829647541046e-03
4.266648087650537491e-03
