4.388147965073585510e-03
4.442310892045497894e-03
4.442310892045497894e-03
4.443774931132793427e-03
4.445238970220088959e-03
4.445238970220088959e-03
4.443774931132793427e-03
4.451094195246696472e-03
4.449630156159400940e-03
4.455485846847295761e-03
4.449630156159400940e-03
4.434992093592882156e-03
4.443774931132793427e-03
4.445238970220088959e-03
4.445238970220088959e-03
4.446702077984809875e-03
4.440846852958202362e-03
4.459877032786607742e-03
4.475980065762996674e-03
4.486226942390203476e-03
4.477443173527717590e-03
4.487690050154924393e-03
4.487690050154924393e-03
4.484762903302907944e-03
4.486226942390203476e-03
4.483298864215612411e-03
4.481834825128316879e-03
4.481834825128316879e-03
4.487690050154924393e-03
4.486226942390203476e-03
4.484762903302907944e-03
4.486226942390203476e-03
4.493546206504106522e-03
4.465733189135789871e-03
4.452557768672704697e-03
4.446702077984809875e-03
4.446702077984809875e-03
4.452557768672704697e-03
4.434992093592882156e-03
4.445238970220088959e-03
4.445238970220088959e-03
4.445238970220088959e-03
4.446702077984809875e-03
4.446702077984809875e-03
4.445238970220088959e-03
4.442310892045497894e-03
4.440846852958202362e-03
4.437918774783611298e-03
4.443774931132793427e-03
4.459877032786607742e-03
4.475980065762996674e-03
4.483298864215612411e-03
4.484762903302907944e-03
4.486226942390203476e-03
4.481834825128316879e-03
4.478907212615013123e-03
4.477443173527717590e-03
4.484762903302907944e-03
4.483298864215612411e-03
4.484762903302907944e-03
4.481834825128316879e-03
4.480370786041021347e-03
4.483298864215612411e-03
4.484762903302907944e-03
4.462805110961198807e-03
4.454021807760000229e-03
4.443774931132793427e-03
4.446702077984809875e-03
4.443774931132793427e-03
4.443774931132793427e-03
4.445238970220088959e-03
4.437918774783611298e-03
4.440846852958202362e-03
4.445238970220088959e-03
4.436455201357603073e-03
4.443774931132793427e-03
4.445238970220088959e-03
4.442310892045497894e-03
4.443774931132793427e-03
4.446702077984809875e-03
4.442310892045497894e-03
4.459877032786607742e-03
4.449630156159400940e-03
4.474516026675701141e-03
4.481834825128316879e-03
4.477443173527717590e-03
4.484762903302907944e-03
4.481834825128316879e-03
4.480370786041021347e-03
4.478907212615013123e-03
4.477443173527717590e-03
4.456948954612016678e-03
4.475980065762996674e-03
4.475980065762996674e-03
4.473051987588405609e-03
4.477443173527717590e-03
4.332521930336952209e-03
