4.162713885307312012e-03
4.131972789764404297e-03
4.174424801021814346e-03
4.212485160678625107e-03
4.237371031194925308e-03
4.253473132848739624e-03
4.268112126737833023e-03
4.272502847015857697e-03
4.266648087650537491e-03
4.278359003365039825e-03
4.284214228391647339e-03
4.282750189304351807e-03
4.285677801817655563e-03
4.284214228391647339e-03
4.285677801817655563e-03
4.287141840904951096e-03
4.193454980850219727e-03
4.140756092965602875e-03
4.153931047767400742e-03
4.149539861828088760e-03
4.148075822740793228e-03
4.152467008680105209e-03
4.151002969592809677e-03
4.152467008680105209e-03
4.151002969592809677e-03
4.145148210227489471e-03
4.142220132052898407e-03
4.151002969592809677e-03
4.152467008680105209e-03
4.151002969592809677e-03
4.151002969592809677e-03
4.152467008680105209e-03
4.186136182397603989e-03
4.224196076393127441e-03
4.244689829647541046e-03
4.252009093761444092e-03
4.269576165825128555e-03
4.275430925190448761e-03
4.279823042452335358e-03
4.282750189304351807e-03
4.282750189304351807e-03
4.284214228391647339e-03
4.282750189304351807e-03
4.282750189304351807e-03
4.275430925190448761e-03
4.282750189304351807e-03
4.287141840904951096e-03
4.291533958166837692e-03
4.178816918283700943e-03
4.156859125941991806e-03
4.151002969592809677e-03
4.148075822740793228e-03
4.149539861828088760e-03
4.129046108573675156e-03
4.152467008680105209e-03
4.146611783653497696e-03
4.149539861828088760e-03
4.149539861828088760e-03
4.149539861828088760e-03
4.146611783653497696e-03
4.145148210227489471e-03
4.149539861828088760e-03
4.137828946113586426e-03
4.146611783653497696e-03
4.202237818390130997e-03
4.232978913933038712e-03
4.249081946909427643e-03
4.266648087650537491e-03
4.268112126737833023e-03
4.282750189304351807e-03
4.282750189304351807e-03
4.263720009475946426e-03
4.284214228391647339e-03
4.285677801817655563e-03
4.287141840904951096e-03
4.287141840904951096e-03
4.285677801817655563e-03
4.290069919079542160e-03
4.287141840904951096e-03
4.288605879992246628e-03
4.153931047767400742e-03
4.148075822740793228e-03
4.151002969592809677e-03
4.148075822740793228e-03
4.146611783653497696e-03
4.146611783653497696e-03
4.153931047767400742e-03
4.145148210227489471e-03
4.142220132052898407e-03
4.136364907026290894e-03
4.142220132052898407e-03
4.146611783653497696e-03
4.145148210227489471e-03
4.146611783653497696e-03
4.152467008680105209e-03
4.145148210227489471e-03
3.981195855885744095e-03
