3.982659894973039627e-03
3.969484940171241760e-03
3.947527147829532623e-03
3.946064040064811707e-03
3.938743844628334045e-03
3.934353124350309372e-03
3.932889085263013840e-03
3.929961007088422775e-03
3.928496968001127243e-03
3.931425046175718307e-03
3.928496968001127243e-03
3.921178169548511505e-03
3.927032928913831711e-03
3.925569821149110794e-03
3.922642208635807037e-03
3.932889085263013840e-03
3.899219911545515060e-03
3.896292066201567650e-03
3.890437074005603790e-03
3.891901113092899323e-03
3.881654003635048866e-03
3.881654003635048866e-03
3.887508995831012726e-03
3.881654003635048866e-03
3.886044956743717194e-03
3.887508995831012726e-03
3.883118042722344398e-03
3.883118042722344398e-03
3.864088095724582672e-03
3.884582081809639931e-03
3.884582081809639931e-03
3.883118042722344398e-03
3.918250091373920441e-03
3.919714130461215973e-03
3.912394866347312927e-03
3.918250091373920441e-03
3.925569821149110794e-03
3.918250091373920441e-03
3.929961007088422775e-03
3.927032928913831711e-03
3.921178169548511505e-03
3.928496968001127243e-03
3.927032928913831711e-03
3.932889085263013840e-03
3.934353124350309372e-03
3.929961007088422775e-03
3.915322944521903992e-03
3.925569821149110794e-03
3.894828958436846733e-03
3.888973034918308258e-03
3.887508995831012726e-03
3.891901113092899323e-03
3.884582081809639931e-03
3.883118042722344398e-03
3.888973034918308258e-03
3.871406894177198410e-03
3.884582081809639931e-03
3.887508995831012726e-03
3.888973034918308258e-03
3.891901113092899323e-03
3.884582081809639931e-03
3.884582081809639931e-03
3.886044956743717194e-03
3.922642208635807037e-03
3.909466788172721863e-03
3.908003214746713638e-03
3.910930827260017395e-03
3.925569821149110794e-03
3.927032928913831711e-03
3.928496968001127243e-03
3.928496968001127243e-03
3.928496968001127243e-03
3.927032928913831711e-03
3.921178169548511505e-03
3.935817163437604904e-03
3.929961007088422775e-03
3.928496968001127243e-03
3.928496968001127243e-03
3.925569821149110794e-03
3.897756105288863182e-03
3.894828958436846733e-03
3.888973034918308258e-03
3.887508995831012726e-03
3.886044956743717194e-03
3.884582081809639931e-03
3.887508995831012726e-03
3.881654003635048866e-03
3.886044956743717194e-03
3.881654003635048866e-03
3.881654003635048866e-03
3.872870933264493942e-03
3.883118042722344398e-03
3.883118042722344398e-03
3.881654003635048866e-03
3.877261886373162270e-03
3.886044956743717194e-03
3.944600000977516174e-03
