4.096840973943471909e-03
4.133436828851699829e-03
4.174424801021814346e-03
4.206629935652017593e-03
4.232978913933038712e-03
4.252009093761444092e-03
4.265184048563241959e-03
4.279823042452335358e-03
4.281287081539630890e-03
4.284214228391647339e-03
4.276894964277744293e-03
4.281287081539630890e-03
4.284214228391647339e-03
4.290069919079542160e-03
4.288605879992246628e-03
4.292997065931558609e-03
4.288605879992246628e-03
4.161249846220016479e-03
4.151002969592809677e-03
4.146611783653497696e-03
4.156859125941991806e-03
4.152467008680105209e-03
4.156859125941991806e-03
4.148075822740793228e-03
4.149539861828088760e-03
4.151002969592809677e-03
4.155395086854696274e-03
4.152467008680105209e-03
4.151002969592809677e-03
4.152467008680105209e-03
4.148075822740793228e-03
4.151002969592809677e-03
4.189063794910907745e-03
4.222732037305831909e-03
4.246153868734836578e-03
4.260792862623929977e-03
4.266648087650537491e-03
4.269576165825128555e-03
4.278359003365039825e-03
4.281287081539630890e-03
4.285677801817655563e-03
4.291533958166837692e-03
4.288605879992246628e-03
4.287141840904951096e-03
4.285677801817655563e-03
4.288605879992246628e-03
4.282750189304351807e-03
4.288605879992246628e-03
4.196383059024810791e-03
4.162713885307312012e-03
4.149539861828088760e-03
4.152467008680105209e-03
4.146611783653497696e-03
4.153931047767400742e-03
4.149539861828088760e-03
4.142220132052898407e-03
4.146611783653497696e-03
4.145148210227489471e-03
4.153931047767400742e-03
4.152467008680105209e-03
4.152467008680105209e-03
4.151002969592809677e-03
4.151002969592809677e-03
4.149539861828088760e-03
4.183208104223012924e-03
4.222732037305831909e-03
4.244689829647541046e-03
4.260792862623929977e-03
4.271040204912424088e-03
4.273966886103153229e-03
4.276894964277744293e-03
4.282750189304351807e-03
4.285677801817655563e-03
4.273966886103153229e-03
4.284214228391647339e-03
4.290069919079542160e-03
4.284214228391647339e-03
4.282750189304351807e-03
4.285677801817655563e-03
4.291533958166837692e-03
4.180280957370996475e-03
4.152467008680105209e-03
4.134900867938995361e-03
4.143684171140193939e-03
4.143684171140193939e-03
4.146611783653497696e-03
4.146611783653497696e-03
4.149539861828088760e-03
4.148075822740793228e-03
4.146611783653497696e-03
4.152467008680105209e-03
4.142220132052898407e-03
4.149539861828088760e-03
4.146611783653497696e-03
4.146611783653497696e-03
4.145148210227489471e-03
4.209558013826608658e-03
