4.069027025252580643e-03
3.968020901083946228e-03
3.954846877604722977e-03
3.948991186916828156e-03
3.943135961890220642e-03
3.946064040064811707e-03
3.941671922802925110e-03
3.924105782061815262e-03
3.927032928913831711e-03
3.928496968001127243e-03
3.922642208635807037e-03
3.928496968001127243e-03
3.927032928913831711e-03
3.932889085263013840e-03
3.928496968001127243e-03
3.932889085263013840e-03
3.869943087920546532e-03
3.899219911545515060e-03
3.902147989720106125e-03
3.891901113092899323e-03
3.888973034918308258e-03
3.888973034918308258e-03
3.884582081809639931e-03
3.891901113092899323e-03
3.890437074005603790e-03
3.884582081809639931e-03
3.881654003635048866e-03
3.884582081809639931e-03
3.881654003635048866e-03
3.881654003635048866e-03
3.884582081809639931e-03
3.888973034918308258e-03
3.906539175659418106e-03
3.921178169548511505e-03
3.905076067894697189e-03
3.919714130461215973e-03
3.924105782061815262e-03
3.929961007088422775e-03
3.932889085263013840e-03
3.927032928913831711e-03
3.929961007088422775e-03
3.927032928913831711e-03
3.928496968001127243e-03
3.919714130461215973e-03
3.927032928913831711e-03
3.921178169548511505e-03
3.931425046175718307e-03
3.927032928913831711e-03
3.888973034918308258e-03
3.897756105288863182e-03
3.890437074005603790e-03
3.888973034918308258e-03
3.886044956743717194e-03
3.884582081809639931e-03
3.883118042722344398e-03
3.884582081809639931e-03
3.886044956743717194e-03
3.888973034918308258e-03
3.888973034918308258e-03
3.890437074005603790e-03
3.883118042722344398e-03
3.880189964547753334e-03
3.883118042722344398e-03
3.883118042722344398e-03
3.912394866347312927e-03
3.922642208635807037e-03
3.922642208635807037e-03
3.918250091373920441e-03
3.924105782061815262e-03
3.908003214746713638e-03
3.922642208635807037e-03
3.932889085263013840e-03
3.931425046175718307e-03
3.924105782061815262e-03
3.925569821149110794e-03
3.925569821149110794e-03
3.925569821149110794e-03
3.929961007088422775e-03
3.919714130461215973e-03
3.925569821149110794e-03
3.893364919349551201e-03
3.893364919349551201e-03
3.886044956743717194e-03
3.890437074005603790e-03
3.891901113092899323e-03
3.887508995831012726e-03
3.886044956743717194e-03
3.871406894177198410e-03
3.880189964547753334e-03
3.883118042722344398e-03
3.883118042722344398e-03
3.886044956743717194e-03
3.886044956743717194e-03
3.880189964547753334e-03
3.881654003635048866e-03
3.886044956743717194e-03
3.849449101835489273e-03
