4.133436828851699829e-03
4.162713885307312012e-03
4.200773779302835464e-03
4.232978913933038712e-03
4.241762217134237289e-03
4.262255970388650894e-03
4.275430925190448761e-03
4.276894964277744293e-03
4.282750189304351807e-03
4.282750189304351807e-03
4.285677801817655563e-03
4.285677801817655563e-03
4.284214228391647339e-03
4.271040204912424088e-03
4.287141840904951096e-03
4.287141840904951096e-03
4.167106002569198608e-03
4.151002969592809677e-03
4.155395086854696274e-03
4.151002969592809677e-03
4.152467008680105209e-03
4.152467008680105209e-03
4.142220132052898407e-03
4.152467008680105209e-03
4.149539861828088760e-03
4.152467008680105209e-03
4.152467008680105209e-03
4.149539861828088760e-03
4.152467008680105209e-03
4.151002969592809677e-03
4.149539861828088760e-03
4.165641963481903076e-03
4.213949199765920639e-03
4.244689829647541046e-03
4.260792862623929977e-03
4.269576165825128555e-03
4.275430925190448761e-03
4.279823042452335358e-03
4.279823042452335358e-03
4.281287081539630890e-03
4.271040204912424088e-03
4.281287081539630890e-03
4.281287081539630890e-03
4.284214228391647339e-03
4.287141840904951096e-03
4.287141840904951096e-03
4.287141840904951096e-03
4.202237818390130997e-03
4.159787204116582870e-03
4.142220132052898407e-03
4.145148210227489471e-03
4.146611783653497696e-03
4.143684171140193939e-03
4.149539861828088760e-03
4.151002969592809677e-03
4.151002969592809677e-03
4.149539861828088760e-03
4.151002969592809677e-03
4.136364907026290894e-03
4.145148210227489471e-03
4.149539861828088760e-03
4.149539861828088760e-03
4.146611783653497696e-03
4.177352879196405411e-03
4.219804890453815460e-03
4.244689829647541046e-03
4.265184048563241959e-03
4.263720009475946426e-03
4.272502847015857697e-03
4.279823042452335358e-03
4.281287081539630890e-03
4.278359003365039825e-03
4.282750189304351807e-03
4.292997065931558609e-03
4.285677801817655563e-03
4.292997065931558609e-03
4.276894964277744293e-03
4.285677801817655563e-03
4.290069919079542160e-03
4.180280957370996475e-03
4.149539861828088760e-03
4.151002969592809677e-03
4.153931047767400742e-03
4.149539861828088760e-03
4.142220132052898407e-03
4.136364907026290894e-03
4.143684171140193939e-03
4.151002969592809677e-03
4.143684171140193939e-03
4.142220132052898407e-03
4.145148210227489471e-03
4.143684171140193939e-03
4.148075822740793228e-03
4.155395086854696274e-03
4.139292985200881958e-03
4.145148210227489471e-03
