4.133436828851699829e-03
4.151002969592809677e-03
4.193454980850219727e-03
4.225660115480422974e-03
4.246153868734836578e-03
4.260792862623929977e-03
4.268112126737833023e-03
4.273966886103153229e-03
4.266648087650537491e-03
4.284214228391647339e-03
4.287141840904951096e-03
4.287141840904951096e-03
4.287141840904951096e-03
4.287141840904951096e-03
4.287141840904951096e-03
4.290069919079542160e-03
4.172961227595806122e-03
4.139292985200881958e-03
4.148075822740793228e-03
4.152467008680105209e-03
4.151002969592809677e-03
4.153931047767400742e-03
4.153931047767400742e-03
4.151002969592809677e-03
4.151002969592809677e-03
4.149539861828088760e-03
4.140756092965602875e-03
4.145148210227489471e-03
4.151002969592809677e-03
4.156859125941991806e-03
4.155395086854696274e-03
4.151002969592809677e-03
4.203701857477426529e-03
4.238835070282220840e-03
4.254937171936035156e-03
4.259328823536634445e-03
4.273966886103153229e-03
4.273966886103153229e-03
4.279823042452335358e-03
4.282750189304351807e-03
4.288605879992246628e-03
4.288605879992246628e-03
4.284214228391647339e-03
4.287141840904951096e-03
4.282750189304351807e-03
4.284214228391647339e-03
4.282750189304351807e-03
4.276894964277744293e-03
4.162713885307312012e-03
4.155395086854696274e-03
4.151002969592809677e-03
4.149539861828088760e-03
4.149539861828088760e-03
4.133436828851699829e-03
4.146611783653497696e-03
4.151002969592809677e-03
4.148075822740793228e-03
4.146611783653497696e-03
4.146611783653497696e-03
4.146611783653497696e-03
4.149539861828088760e-03
4.149539861828088760e-03
4.151002969592809677e-03
4.155395086854696274e-03
4.212485160678625107e-03
4.238835070282220840e-03
4.254937171936035156e-03
4.263720009475946426e-03
4.269576165825128555e-03
4.282750189304351807e-03
4.284214228391647339e-03
4.269576165825128555e-03
4.281287081539630890e-03
4.281287081539630890e-03
4.284214228391647339e-03
4.287141840904951096e-03
4.284214228391647339e-03
4.281287081539630890e-03
4.290069919079542160e-03
4.199311137199401855e-03
4.159787204116582870e-03
4.149539861828088760e-03
4.145148210227489471e-03
4.145148210227489471e-03
4.148075822740793228e-03
4.145148210227489471e-03
4.143684171140193939e-03
4.149539861828088760e-03
4.152467008680105209e-03
4.126118030399084091e-03
4.143684171140193939e-03
4.146611783653497696e-03
4.146611783653497696e-03
4.145148210227489471e-03
4.146611783653497696e-03
4.146611783653497696e-03
3.953382838517427444e-03
