3.675250103697180748e-03
3.730877069756388664e-03
3.760153893381357193e-03
3.768936963751912117e-03
3.783575026318430901e-03
3.790894988924264908e-03
3.798214020207524300e-03
3.798214020207524300e-03
3.798214020207524300e-03
3.783575026318430901e-03
3.806997090578079224e-03
3.805533051490783691e-03
3.799678059294819832e-03
3.793821902945637703e-03
3.782111918553709984e-03
3.766008885577321053e-03
3.768936963751912117e-03
3.770401002839207649e-03
3.745514899492263794e-03
3.733803983777761459e-03
3.711846889927983284e-03
3.685496980324387550e-03
3.662074916064739227e-03
3.635725937783718109e-03
3.621088108047842979e-03
3.616695990785956383e-03
3.613767912611365318e-03
3.619624068960547447e-03
3.618160029873251915e-03
3.618160029873251915e-03
3.613767912611365318e-03
3.613767912611365318e-03
3.635725937783718109e-03
3.637189976871013641e-03
3.644509008154273033e-03
3.645973047241568565e-03
3.648900892585515976e-03
3.643044969066977501e-03
3.644509008154273033e-03
3.643044969066977501e-03
3.650364931672811508e-03
3.647437086328864098e-03
3.648900892585515976e-03
3.647437086328864098e-03
3.644509008154273033e-03
3.645973047241568565e-03
3.638654015958309174e-03
3.650364931672811508e-03
3.638654015958309174e-03
3.618160029873251915e-03
3.609376959502696991e-03
3.609376959502696991e-03
3.610840998589992523e-03
3.610840998589992523e-03
3.612304106354713440e-03
3.604985075071454048e-03
3.612304106354713440e-03
3.606449114158749580e-03
3.610840998589992523e-03
3.613767912611365318e-03
3.615231951698660851e-03
3.613767912611365318e-03
3.612304106354713440e-03
3.610840998589992523e-03
3.631334984675049782e-03
3.635725937783718109e-03
3.645973047241568565e-03
3.644509008154273033e-03
3.643044969066977501e-03
3.643044969066977501e-03
3.643044969066977501e-03
3.644509008154273033e-03
3.644509008154273033e-03
3.632798092439770699e-03
3.637189976871013641e-03
3.648900892585515976e-03
3.645973047241568565e-03
3.643044969066977501e-03
3.644509008154273033e-03
3.640118055045604706e-03
3.615231951698660851e-03
3.604985075071454048e-03
3.607912920415401459e-03
3.615231951698660851e-03
3.612304106354713440e-03
3.610840998589992523e-03
3.610840998589992523e-03
3.607912920415401459e-03
3.609376959502696991e-03
3.609376959502696991e-03
3.618160029873251915e-03
3.607912920415401459e-03
3.610840998589992523e-03
3.606449114158749580e-03
3.607912920415401459e-03
3.607912920415401459e-03
3.621088108047842979e-03
