3.817243967205286026e-03
3.821636084467172623e-03
3.826027037575840950e-03
3.831882961094379425e-03
3.828955115750432014e-03
3.827491076663136482e-03
3.831882961094379425e-03
3.824562998488545418e-03
3.831882961094379425e-03
3.836273914203047752e-03
3.833347000181674957e-03
3.833347000181674957e-03
3.828955115750432014e-03
3.830418922007083893e-03
3.827491076663136482e-03
3.828955115750432014e-03
3.793821902945637703e-03
3.793821902945637703e-03
3.796749981120228767e-03
3.796749981120228767e-03
3.783575026318430901e-03
3.789430949836969376e-03
3.786503104493021965e-03
3.780648112297058105e-03
3.776255995035171509e-03
3.771865041926503181e-03
3.785039065405726433e-03
3.768936963751912117e-03
3.757226048037409782e-03
3.746978938579559326e-03
3.733803983777761459e-03
3.720629960298538208e-03
3.741123946383595467e-03
3.736732061952352524e-03
3.742587985470890999e-03
3.748442977666854858e-03
3.745514899492263794e-03
3.735268022865056992e-03
3.726484952494502068e-03
3.717702114954590797e-03
3.697207896038889885e-03
3.686961019411683083e-03
3.673786064609885216e-03
3.670858917757868767e-03
3.667931072413921356e-03
3.663538955152034760e-03
3.654755884781479836e-03
3.653292078524827957e-03
3.663538955152034760e-03
3.641580929979681969e-03
3.624015022069215775e-03
3.618160029873251915e-03
3.612304106354713440e-03
3.612304106354713440e-03
3.610840998589992523e-03
3.618160029873251915e-03
3.615231951698660851e-03
3.613767912611365318e-03
3.613767912611365318e-03
3.612304106354713440e-03
3.609376959502696991e-03
3.610840998589992523e-03
3.609376959502696991e-03
3.612304106354713440e-03
3.637189976871013641e-03
3.644509008154273033e-03
3.643044969066977501e-03
3.644509008154273033e-03
3.648900892585515976e-03
3.637189976871013641e-03
3.643044969066977501e-03
3.645973047241568565e-03
3.647437086328864098e-03
3.645973047241568565e-03
3.643044969066977501e-03
3.645973047241568565e-03
3.644509008154273033e-03
3.647437086328864098e-03
3.640118055045604706e-03
3.643044969066977501e-03
3.624015022069215775e-03
3.613767912611365318e-03
3.612304106354713440e-03
3.610840998589992523e-03
3.610840998589992523e-03
3.606449114158749580e-03
3.606449114158749580e-03
3.609376959502696991e-03
3.610840998589992523e-03
3.612304106354713440e-03
3.610840998589992523e-03
3.612304106354713440e-03
3.607912920415401459e-03
3.610840998589992523e-03
3.609376959502696991e-03
3.610840998589992523e-03
3.606449114158749580e-03
