3.746978938579559326e-03
3.757226048037409782e-03
3.776255995035171509e-03
3.793821902945637703e-03
3.818708006292581558e-03
3.818708006292581558e-03
3.823099890723824501e-03
3.823099890723824501e-03
3.820172045379877090e-03
3.821636084467172623e-03
3.815779928117990494e-03
3.809924935922026634e-03
3.805533051490783691e-03
3.812853014096617699e-03
3.806997090578079224e-03
3.795285942032933235e-03
3.792359028011560440e-03
3.787966910749673843e-03
3.774791955947875977e-03
3.745514899492263794e-03
3.717702114954590797e-03
3.704526927322149277e-03
3.682568902149796486e-03
3.660612041130661964e-03
3.638654015958309174e-03
3.626943100243806839e-03
3.621088108047842979e-03
3.618160029873251915e-03
3.619624068960547447e-03
3.619624068960547447e-03
3.613767912611365318e-03
3.616695990785956383e-03
3.640118055045604706e-03
3.644509008154273033e-03
3.648900892585515976e-03
3.644509008154273033e-03
3.650364931672811508e-03
3.647437086328864098e-03
3.648900892585515976e-03
3.645973047241568565e-03
3.648900892585515976e-03
3.644509008154273033e-03
3.645973047241568565e-03
3.647437086328864098e-03
3.644509008154273033e-03
3.643044969066977501e-03
3.648900892585515976e-03
3.645973047241568565e-03
3.634261898696422577e-03
3.624015022069215775e-03
3.612304106354713440e-03
3.609376959502696991e-03
3.613767912611365318e-03
3.612304106354713440e-03
3.607912920415401459e-03
3.609376959502696991e-03
3.613767912611365318e-03
3.603521035984158516e-03
3.604985075071454048e-03
3.616695990785956383e-03
3.613767912611365318e-03
3.612304106354713440e-03
3.610840998589992523e-03
3.606449114158749580e-03
3.640118055045604706e-03
3.643044969066977501e-03
3.635725937783718109e-03
3.638654015958309174e-03
3.638654015958309174e-03
3.650364931672811508e-03
3.650364931672811508e-03
3.647437086328864098e-03
3.647437086328864098e-03
3.647437086328864098e-03
3.643044969066977501e-03
3.631334984675049782e-03
3.643044969066977501e-03
3.641580929979681969e-03
3.645973047241568565e-03
3.621088108047842979e-03
3.618160029873251915e-03
3.613767912611365318e-03
3.615231951698660851e-03
3.612304106354713440e-03
3.603521035984158516e-03
3.610840998589992523e-03
3.609376959502696991e-03
3.609376959502696991e-03
3.616695990785956383e-03
3.615231951698660851e-03
3.613767912611365318e-03
3.610840998589992523e-03
3.613767912611365318e-03
3.597666043788194656e-03
3.606449114158749580e-03
3.606449114158749580e-03
3.585954895243048668e-03
