3.689889097586274147e-03
3.733803983777761459e-03
3.749907016754150391e-03
3.752835094928741455e-03
3.745514899492263794e-03
3.741123946383595467e-03
3.744051093235611916e-03
3.739659907296299934e-03
3.739659907296299934e-03
3.736732061952352524e-03
3.732341108843684196e-03
3.714774036779999733e-03
3.700135974213480949e-03
3.686961019411683083e-03
3.676713909953832626e-03
3.669395111501216888e-03
3.688425058498978615e-03
3.679641988128423691e-03
3.653292078524827957e-03
3.631334984675049782e-03
3.621088108047842979e-03
3.615231951698660851e-03
3.616695990785956383e-03
3.613767912611365318e-03
3.610840998589992523e-03
3.621088108047842979e-03
3.616695990785956383e-03
3.609376959502696991e-03
3.615231951698660851e-03
3.613767912611365318e-03
3.610840998589992523e-03
3.612304106354713440e-03
3.643044969066977501e-03
3.644509008154273033e-03
3.645973047241568565e-03
3.647437086328864098e-03
3.638654015958309174e-03
3.643044969066977501e-03
3.644509008154273033e-03
3.650364931672811508e-03
3.645973047241568565e-03
3.644509008154273033e-03
3.644509008154273033e-03
3.644509008154273033e-03
3.640118055045604706e-03
3.634261898696422577e-03
3.644509008154273033e-03
3.644509008154273033e-03
3.626943100243806839e-03
3.610840998589992523e-03
3.606449114158749580e-03
3.612304106354713440e-03
3.610840998589992523e-03
3.612304106354713440e-03
3.603521035984158516e-03
3.609376959502696991e-03
3.607912920415401459e-03
3.604985075071454048e-03
3.609376959502696991e-03
3.612304106354713440e-03
3.610840998589992523e-03
3.612304106354713440e-03
3.610840998589992523e-03
3.637189976871013641e-03
3.640118055045604706e-03
3.644509008154273033e-03
3.643044969066977501e-03
3.643044969066977501e-03
3.641580929979681969e-03
3.641580929979681969e-03
3.643044969066977501e-03
3.647437086328864098e-03
3.638654015958309174e-03
3.644509008154273033e-03
3.638654015958309174e-03
3.643044969066977501e-03
3.644509008154273033e-03
3.644509008154273033e-03
3.647437086328864098e-03
3.628406906500458717e-03
3.612304106354713440e-03
3.596202004700899124e-03
3.612304106354713440e-03
3.612304106354713440e-03
3.609376959502696991e-03
3.610840998589992523e-03
3.609376959502696991e-03
3.612304106354713440e-03
3.604985075071454048e-03
3.607912920415401459e-03
3.607912920415401459e-03
3.613767912611365318e-03
3.613767912611365318e-03
3.609376959502696991e-03
3.607912920415401459e-03
3.607912920415401459e-03
3.604985075071454048e-03
