3.629870945587754250e-03
3.629870945587754250e-03
3.621088108047842979e-03
3.634261898696422577e-03
3.637189976871013641e-03
3.644509008154273033e-03
3.647437086328864098e-03
3.648900892585515976e-03
3.643044969066977501e-03
3.644509008154273033e-03
3.643044969066977501e-03
3.624015022069215775e-03
3.637189976871013641e-03
3.640118055045604706e-03
3.640118055045604706e-03
3.643044969066977501e-03
3.618160029873251915e-03
3.610840998589992523e-03
3.615231951698660851e-03
3.612304106354713440e-03
3.596202004700899124e-03
3.606449114158749580e-03
3.607912920415401459e-03
3.603521035984158516e-03
3.606449114158749580e-03
3.610840998589992523e-03
3.610840998589992523e-03
3.609376959502696991e-03
3.607912920415401459e-03
3.596202004700899124e-03
3.607912920415401459e-03
3.607912920415401459e-03
3.631334984675049782e-03
3.640118055045604706e-03
3.643044969066977501e-03
3.643044969066977501e-03
3.643044969066977501e-03
3.643044969066977501e-03
3.631334984675049782e-03
3.643044969066977501e-03
3.638654015958309174e-03
3.638654015958309174e-03
3.645973047241568565e-03
3.648900892585515976e-03
3.643044969066977501e-03
3.645973047241568565e-03
3.643044969066977501e-03
3.628406906500458717e-03
3.612304106354713440e-03
3.609376959502696991e-03
3.606449114158749580e-03
3.603521035984158516e-03
3.607912920415401459e-03
3.606449114158749580e-03
3.602056996896862984e-03
3.609376959502696991e-03
3.591809887439012527e-03
3.607912920415401459e-03
3.606449114158749580e-03
3.607912920415401459e-03
3.606449114158749580e-03
3.610840998589992523e-03
3.603521035984158516e-03
3.629870945587754250e-03
3.632798092439770699e-03
3.625479061156511307e-03
3.638654015958309174e-03
3.640118055045604706e-03
3.644509008154273033e-03
3.641580929979681969e-03
3.641580929979681969e-03
3.640118055045604706e-03
3.643044969066977501e-03
3.644509008154273033e-03
3.626943100243806839e-03
3.644509008154273033e-03
3.640118055045604706e-03
3.645973047241568565e-03
3.644509008154273033e-03
3.615231951698660851e-03
3.607912920415401459e-03
3.609376959502696991e-03
3.602056996896862984e-03
3.588882973417639732e-03
3.606449114158749580e-03
3.607912920415401459e-03
3.607912920415401459e-03
3.607912920415401459e-03
3.609376959502696991e-03
3.604985075071454048e-03
3.607912920415401459e-03
3.604985075071454048e-03
3.580099903047084808e-03
3.604985075071454048e-03
3.606449114158749580e-03
3.610840998589992523e-03
3.602056996896862984e-03
