3.780648112297058105e-03
3.779184073209762573e-03
3.782111918553709984e-03
3.787966910749673843e-03
3.796749981120228767e-03
3.789430949836969376e-03
3.787966910749673843e-03
3.776255995035171509e-03
3.760153893381357193e-03
3.757226048037409782e-03
3.755762008950114250e-03
3.749907016754150391e-03
3.754297969862818718e-03
3.749907016754150391e-03
3.744051093235611916e-03
3.746978938579559326e-03
3.730877069756388664e-03
3.732341108843684196e-03
3.730877069756388664e-03
3.727948991581797600e-03
3.714774036779999733e-03
3.726484952494502068e-03
3.725020913407206535e-03
3.725020913407206535e-03
3.727948991581797600e-03
3.726484952494502068e-03
3.725020913407206535e-03
3.726484952494502068e-03
3.726484952494502068e-03
3.714774036779999733e-03
3.730877069756388664e-03
3.729413030669093132e-03
3.745514899492263794e-03
3.742587985470890999e-03
3.742587985470890999e-03
3.741123946383595467e-03
3.741123946383595467e-03
3.741123946383595467e-03
3.733803983777761459e-03
3.736732061952352524e-03
3.738196101039648056e-03
3.741123946383595467e-03
3.738196101039648056e-03
3.736732061952352524e-03
3.735268022865056992e-03
3.732341108843684196e-03
3.744051093235611916e-03
3.738196101039648056e-03
3.723557107150554657e-03
3.720629960298538208e-03
3.726484952494502068e-03
3.725020913407206535e-03
3.723557107150554657e-03
3.726484952494502068e-03
3.722093999385833740e-03
3.707455005496740341e-03
3.722093999385833740e-03
3.725020913407206535e-03
3.726484952494502068e-03
3.725020913407206535e-03
3.725020913407206535e-03
3.725020913407206535e-03
3.729413030669093132e-03
3.764545079320669174e-03
3.729413030669093132e-03
3.736732061952352524e-03
3.749907016754150391e-03
3.742587985470890999e-03
3.736732061952352524e-03
3.736732061952352524e-03
3.735268022865056992e-03
3.732341108843684196e-03
3.738196101039648056e-03
3.729413030669093132e-03
3.736732061952352524e-03
3.732341108843684196e-03
3.732341108843684196e-03
3.738196101039648056e-03
3.739659907296299934e-03
3.732341108843684196e-03
3.717702114954590797e-03
3.716238075867295265e-03
3.717702114954590797e-03
3.722093999385833740e-03
3.720629960298538208e-03
3.726484952494502068e-03
3.730877069756388664e-03
3.727948991581797600e-03
3.723557107150554657e-03
3.725020913407206535e-03
3.708919044584035873e-03
3.720629960298538208e-03
3.720629960298538208e-03
3.720629960298538208e-03
3.722093999385833740e-03
3.723557107150554657e-03
3.720629960298538208e-03
