3.669395111501216888e-03
3.684032941237092018e-03
3.697207896038889885e-03
3.700135974213480949e-03
3.703062888234853745e-03
3.694280050694942474e-03
3.713309997692704201e-03
3.710383083671331406e-03
3.700135974213480949e-03
3.692816011607646942e-03
3.686961019411683083e-03
3.685496980324387550e-03
3.676713909953832626e-03
3.665002994239330292e-03
3.660612041130661964e-03
3.663538955152034760e-03
3.682568902149796486e-03
3.666467033326625824e-03
3.641580929979681969e-03
3.624015022069215775e-03
3.618160029873251915e-03
3.616695990785956383e-03
3.612304106354713440e-03
3.612304106354713440e-03
3.615231951698660851e-03
3.612304106354713440e-03
3.613767912611365318e-03
3.616695990785956383e-03
3.610840998589992523e-03
3.610840998589992523e-03
3.610840998589992523e-03
3.610840998589992523e-03
3.638654015958309174e-03
3.641580929979681969e-03
3.643044969066977501e-03
3.641580929979681969e-03
3.644509008154273033e-03
3.647437086328864098e-03
3.643044969066977501e-03
3.643044969066977501e-03
3.645973047241568565e-03
3.622550982981920242e-03
3.643044969066977501e-03
3.645973047241568565e-03
3.641580929979681969e-03
3.643044969066977501e-03
3.647437086328864098e-03
3.613767912611365318e-03
3.622550982981920242e-03
3.616695990785956383e-03
3.587418934330344200e-03
3.604985075071454048e-03
3.612304106354713440e-03
3.616695990785956383e-03
3.609376959502696991e-03
3.613767912611365318e-03
3.613767912611365318e-03
3.612304106354713440e-03
3.607912920415401459e-03
3.587418934330344200e-03
3.610840998589992523e-03
3.613767912611365318e-03
3.618160029873251915e-03
3.632798092439770699e-03
3.637189976871013641e-03
3.638654015958309174e-03
3.641580929979681969e-03
3.643044969066977501e-03
3.632798092439770699e-03
3.641580929979681969e-03
3.638654015958309174e-03
3.641580929979681969e-03
3.641580929979681969e-03
3.640118055045604706e-03
3.647437086328864098e-03
3.644509008154273033e-03
3.645973047241568565e-03
3.631334984675049782e-03
3.637189976871013641e-03
3.621088108047842979e-03
3.615231951698660851e-03
3.610840998589992523e-03
3.610840998589992523e-03
3.612304106354713440e-03
3.606449114158749580e-03
3.610840998589992523e-03
3.596202004700899124e-03
3.612304106354713440e-03
3.609376959502696991e-03
3.610840998589992523e-03
3.609376959502696991e-03
3.615231951698660851e-03
3.609376959502696991e-03
3.607912920415401459e-03
3.607912920415401459e-03
3.591809887439012527e-03
3.584491088986396790e-03
