3.723557107150554657e-03
3.735268022865056992e-03
3.722093999385833740e-03
3.735268022865056992e-03
3.741123946383595467e-03
3.736732061952352524e-03
3.739659907296299934e-03
3.736732061952352524e-03
3.735268022865056992e-03
3.735268022865056992e-03
3.735268022865056992e-03
3.726484952494502068e-03
3.733803983777761459e-03
3.735268022865056992e-03
3.736732061952352524e-03
3.735268022865056992e-03
3.720629960298538208e-03
3.717702114954590797e-03
3.725020913407206535e-03
3.726484952494502068e-03
3.713309997692704201e-03
3.723557107150554657e-03
3.725020913407206535e-03
3.722093999385833740e-03
3.722093999385833740e-03
3.725020913407206535e-03
3.725020913407206535e-03
3.725020913407206535e-03
3.725020913407206535e-03
3.716238075867295265e-03
3.717702114954590797e-03
3.717702114954590797e-03
3.741123946383595467e-03
3.738196101039648056e-03
3.745514899492263794e-03
3.739659907296299934e-03
3.738196101039648056e-03
3.719165921211242676e-03
3.732341108843684196e-03
3.732341108843684196e-03
3.732341108843684196e-03
3.738196101039648056e-03
3.736732061952352524e-03
3.736732061952352524e-03
3.738196101039648056e-03
3.736732061952352524e-03
3.722093999385833740e-03
3.735268022865056992e-03
3.723557107150554657e-03
3.722093999385833740e-03
3.717702114954590797e-03
3.720629960298538208e-03
3.720629960298538208e-03
3.720629960298538208e-03
3.730877069756388664e-03
3.722093999385833740e-03
3.725020913407206535e-03
3.723557107150554657e-03
3.720629960298538208e-03
3.723557107150554657e-03
3.722093999385833740e-03
3.722093999385833740e-03
3.720629960298538208e-03
3.729413030669093132e-03
3.738196101039648056e-03
3.739659907296299934e-03
3.748442977666854858e-03
3.736732061952352524e-03
3.733803983777761459e-03
3.732341108843684196e-03
3.733803983777761459e-03
3.736732061952352524e-03
3.723557107150554657e-03
3.733803983777761459e-03
3.733803983777761459e-03
3.733803983777761459e-03
3.732341108843684196e-03
3.736732061952352524e-03
3.739659907296299934e-03
3.739659907296299934e-03
3.716238075867295265e-03
3.704526927322149277e-03
3.714774036779999733e-03
3.720629960298538208e-03
3.722093999385833740e-03
3.717702114954590797e-03
3.726484952494502068e-03
3.720629960298538208e-03
3.723557107150554657e-03
3.720629960298538208e-03
3.713309997692704201e-03
3.722093999385833740e-03
3.719165921211242676e-03
3.723557107150554657e-03
3.726484952494502068e-03
3.723557107150554657e-03
3.717702114954590797e-03
