3.710383083671331406e-03
3.720629960298538208e-03
3.726484952494502068e-03
3.730877069756388664e-03
3.727948991581797600e-03
3.729413030669093132e-03
3.729413030669093132e-03
3.733803983777761459e-03
3.729413030669093132e-03
3.729413030669093132e-03
3.714774036779999733e-03
3.726484952494502068e-03
3.729413030669093132e-03
3.730877069756388664e-03
3.730877069756388664e-03
3.732341108843684196e-03
3.741123946383595467e-03
3.707455005496740341e-03
3.704526927322149277e-03
3.692816011607646942e-03
3.711846889927983284e-03
3.711846889927983284e-03
3.714774036779999733e-03
3.708919044584035873e-03
3.711846889927983284e-03
3.710383083671331406e-03
3.710383083671331406e-03
3.714774036779999733e-03
3.701600013300776482e-03
3.710383083671331406e-03
3.710383083671331406e-03
3.710383083671331406e-03
3.745514899492263794e-03
3.729413030669093132e-03
3.739659907296299934e-03
3.735268022865056992e-03
3.729413030669093132e-03
3.722093999385833740e-03
3.726484952494502068e-03
3.725020913407206535e-03
3.729413030669093132e-03
3.732341108843684196e-03
3.730877069756388664e-03
3.729413030669093132e-03
3.726484952494502068e-03
3.726484952494502068e-03
3.722093999385833740e-03
3.730877069756388664e-03
3.713309997692704201e-03
3.707455005496740341e-03
3.705990966409444809e-03
3.707455005496740341e-03
3.713309997692704201e-03
3.716238075867295265e-03
3.698671935126185417e-03
3.708919044584035873e-03
3.713309997692704201e-03
3.710383083671331406e-03
3.708919044584035873e-03
3.711846889927983284e-03
3.716238075867295265e-03
3.714774036779999733e-03
3.711846889927983284e-03
3.708919044584035873e-03
3.732341108843684196e-03
3.727948991581797600e-03
3.739659907296299934e-03
3.726484952494502068e-03
3.730877069756388664e-03
3.730877069756388664e-03
3.729413030669093132e-03
3.727948991581797600e-03
3.723557107150554657e-03
3.727948991581797600e-03
3.729413030669093132e-03
3.732341108843684196e-03
3.726484952494502068e-03
3.726484952494502068e-03
3.727948991581797600e-03
3.733803983777761459e-03
3.704526927322149277e-03
3.703062888234853745e-03
3.704526927322149277e-03
3.707455005496740341e-03
3.705990966409444809e-03
3.705990966409444809e-03
3.711846889927983284e-03
3.711846889927983284e-03
3.708919044584035873e-03
3.689889097586274147e-03
3.704526927322149277e-03
3.705990966409444809e-03
3.710383083671331406e-03
3.711846889927983284e-03
3.713309997692704201e-03
3.713309997692704201e-03
3.795285942032933235e-03
