3.631334984675049782e-03
3.716238075867295265e-03
3.742587985470890999e-03
3.751371055841445923e-03
3.758690087124705315e-03
3.761617932468652725e-03
3.742587985470890999e-03
3.782111918553709984e-03
3.787966910749673843e-03
3.783575026318430901e-03
3.783575026318430901e-03
3.783575026318430901e-03
3.774791955947875977e-03
3.760153893381357193e-03
3.745514899492263794e-03
3.717702114954590797e-03
3.730877069756388664e-03
3.761617932468652725e-03
3.735268022865056992e-03
3.703062888234853745e-03
3.673786064609885216e-03
3.643044969066977501e-03
3.625479061156511307e-03
3.616695990785956383e-03
3.610840998589992523e-03
3.622550982981920242e-03
3.615231951698660851e-03
3.612304106354713440e-03
3.613767912611365318e-03
3.612304106354713440e-03
3.612304106354713440e-03
3.613767912611365318e-03
3.643044969066977501e-03
3.632798092439770699e-03
3.647437086328864098e-03
3.643044969066977501e-03
3.644509008154273033e-03
3.644509008154273033e-03
3.645973047241568565e-03
3.647437086328864098e-03
3.656219923868775368e-03
3.650364931672811508e-03
3.641580929979681969e-03
3.643044969066977501e-03
3.643044969066977501e-03
3.643044969066977501e-03
3.643044969066977501e-03
3.650364931672811508e-03
3.641580929979681969e-03
3.616695990785956383e-03
3.612304106354713440e-03
3.590347012504935265e-03
3.609376959502696991e-03
3.607912920415401459e-03
3.618160029873251915e-03
3.615231951698660851e-03
3.609376959502696991e-03
3.610840998589992523e-03
3.609376959502696991e-03
3.609376959502696991e-03
3.596202004700899124e-03
3.604985075071454048e-03
3.613767912611365318e-03
3.613767912611365318e-03
3.635725937783718109e-03
3.638654015958309174e-03
3.640118055045604706e-03
3.644509008154273033e-03
3.647437086328864098e-03
3.626943100243806839e-03
3.648900892585515976e-03
3.645973047241568565e-03
3.644509008154273033e-03
3.647437086328864098e-03
3.643044969066977501e-03
3.643044969066977501e-03
3.638654015958309174e-03
3.648900892585515976e-03
3.626943100243806839e-03
3.644509008154273033e-03
3.616695990785956383e-03
3.609376959502696991e-03
3.606449114158749580e-03
3.607912920415401459e-03
3.609376959502696991e-03
3.610840998589992523e-03
3.612304106354713440e-03
3.587418934330344200e-03
3.606449114158749580e-03
3.604985075071454048e-03
3.603521035984158516e-03
3.616695990785956383e-03
3.613767912611365318e-03
3.610840998589992523e-03
3.610840998589992523e-03
3.609376959502696991e-03
3.542039077728986740e-03
