3.815779928117990494e-03
3.823099890723824501e-03
3.826027037575840950e-03
3.826027037575840950e-03
3.827491076663136482e-03
3.826027037575840950e-03
3.826027037575840950e-03
3.828955115750432014e-03
3.823099890723824501e-03
3.828955115750432014e-03
3.827491076663136482e-03
3.828955115750432014e-03
3.827491076663136482e-03
3.827491076663136482e-03
3.827491076663136482e-03
3.818708006292581558e-03
3.795285942032933235e-03
3.798214020207524300e-03
3.787966910749673843e-03
3.774791955947875977e-03
3.760153893381357193e-03
3.751371055841445923e-03
3.739659907296299934e-03
3.726484952494502068e-03
3.701600013300776482e-03
3.720629960298538208e-03
3.716238075867295265e-03
3.692816011607646942e-03
3.675250103697180748e-03
3.657683962956070900e-03
3.638654015958309174e-03
3.629870945587754250e-03
3.654755884781479836e-03
3.644509008154273033e-03
3.665002994239330292e-03
3.663538955152034760e-03
3.657683962956070900e-03
3.659148002043366432e-03
3.659148002043366432e-03
3.656219923868775368e-03
3.654755884781479836e-03
3.656219923868775368e-03
3.637189976871013641e-03
3.656219923868775368e-03
3.651828039437532425e-03
3.647437086328864098e-03
3.648900892585515976e-03
3.615231951698660851e-03
3.643044969066977501e-03
3.625479061156511307e-03
3.615231951698660851e-03
3.593273926526308060e-03
3.613767912611365318e-03
3.612304106354713440e-03
3.612304106354713440e-03
3.610840998589992523e-03
3.612304106354713440e-03
3.610840998589992523e-03
3.616695990785956383e-03
3.616695990785956383e-03
3.591809887439012527e-03
3.610840998589992523e-03
3.613767912611365318e-03
3.628406906500458717e-03
3.638654015958309174e-03
3.643044969066977501e-03
3.640118055045604706e-03
3.648900892585515976e-03
3.647437086328864098e-03
3.625479061156511307e-03
3.643044969066977501e-03
3.644509008154273033e-03
3.644509008154273033e-03
3.644509008154273033e-03
3.638654015958309174e-03
3.641580929979681969e-03
3.643044969066977501e-03
3.647437086328864098e-03
3.631334984675049782e-03
3.626943100243806839e-03
3.615231951698660851e-03
3.610840998589992523e-03
3.610840998589992523e-03
3.612304106354713440e-03
3.607912920415401459e-03
3.607912920415401459e-03
3.604985075071454048e-03
3.596202004700899124e-03
3.613767912611365318e-03
3.610840998589992523e-03
3.616695990785956383e-03
3.612304106354713440e-03
3.610840998589992523e-03
3.609376959502696991e-03
3.612304106354713440e-03
3.609376959502696991e-03
3.569853026419878006e-03
