3.894828958436846733e-03
3.861160017549991608e-03
3.850912908092141151e-03
3.861160017549991608e-03
3.861160017549991608e-03
3.858231939375400543e-03
3.858231939375400543e-03
3.858231939375400543e-03
3.862624056637287140e-03
3.862624056637287140e-03
3.861160017549991608e-03
3.843594109639525414e-03
3.856767900288105011e-03
3.858231939375400543e-03
3.862624056637287140e-03
3.862624056637287140e-03
3.842130070552229881e-03
3.834810107946395874e-03
3.845056984573602676e-03
3.839201992377638817e-03
3.828955115750432014e-03
3.839201992377638817e-03
3.843594109639525414e-03
3.843594109639525414e-03
3.845056984573602676e-03
3.845056984573602676e-03
3.846521023660898209e-03
3.843594109639525414e-03
3.842130070552229881e-03
3.839201992377638817e-03
3.840666031464934349e-03
3.845056984573602676e-03
3.864088095724582672e-03
3.869943087920546532e-03
3.862624056637287140e-03
3.859695978462696075e-03
3.858231939375400543e-03
3.843594109639525414e-03
3.859695978462696075e-03
3.858231939375400543e-03
3.859695978462696075e-03
3.861160017549991608e-03
3.861160017549991608e-03
3.856767900288105011e-03
3.856767900288105011e-03
3.858231939375400543e-03
3.847985062748193741e-03
3.858231939375400543e-03
3.839201992377638817e-03
3.831882961094379425e-03
3.834810107946395874e-03
3.834810107946395874e-03
3.837737953290343285e-03
3.837737953290343285e-03
3.840666031464934349e-03
3.824562998488545418e-03
3.840666031464934349e-03
3.839201992377638817e-03
3.843594109639525414e-03
3.842130070552229881e-03
3.836273914203047752e-03
3.839201992377638817e-03
3.840666031464934349e-03
3.846521023660898209e-03
3.850912908092141151e-03
3.867015009745955467e-03
3.861160017549991608e-03
3.859695978462696075e-03
3.858231939375400543e-03
3.859695978462696075e-03
3.858231939375400543e-03
3.856767900288105011e-03
3.853840986266732216e-03
3.853840986266732216e-03
3.862624056637287140e-03
3.858231939375400543e-03
3.856767900288105011e-03
3.858231939375400543e-03
3.852376947179436684e-03
3.858231939375400543e-03
3.834810107946395874e-03
3.834810107946395874e-03
3.827491076663136482e-03
3.839201992377638817e-03
3.839201992377638817e-03
3.843594109639525414e-03
3.839201992377638817e-03
3.833347000181674957e-03
3.839201992377638817e-03
3.840666031464934349e-03
3.840666031464934349e-03
3.836273914203047752e-03
3.837737953290343285e-03
3.834810107946395874e-03
3.842130070552229881e-03
3.845056984573602676e-03
3.853840986266732216e-03
