3.846521023660898209e-03
3.839201992377638817e-03
3.845056984573602676e-03
3.843594109639525414e-03
3.842130070552229881e-03
3.843594109639525414e-03
3.834810107946395874e-03
3.840666031464934349e-03
3.836273914203047752e-03
3.837737953290343285e-03
3.840666031464934349e-03
3.845056984573602676e-03
3.846521023660898209e-03
3.845056984573602676e-03
3.845056984573602676e-03
3.831882961094379425e-03
3.815779928117990494e-03
3.818708006292581558e-03
3.812853014096617699e-03
3.812853014096617699e-03
3.815779928117990494e-03
3.821636084467172623e-03
3.818708006292581558e-03
3.798214020207524300e-03
3.815779928117990494e-03
3.815779928117990494e-03
3.812853014096617699e-03
3.812853014096617699e-03
3.812853014096617699e-03
3.811388975009322166e-03
3.815779928117990494e-03
3.824562998488545418e-03
3.823099890723824501e-03
3.837737953290343285e-03
3.839201992377638817e-03
3.837737953290343285e-03
3.840666031464934349e-03
3.836273914203047752e-03
3.836273914203047752e-03
3.839201992377638817e-03
3.842130070552229881e-03
3.831882961094379425e-03
3.837737953290343285e-03
3.846521023660898209e-03
3.830418922007083893e-03
3.842130070552229881e-03
3.842130070552229881e-03
3.802605904638767242e-03
3.815779928117990494e-03
3.823099890723824501e-03
3.804069012403488159e-03
3.814315889030694962e-03
3.818708006292581558e-03
3.808460896834731102e-03
3.812853014096617699e-03
3.814315889030694962e-03
3.814315889030694962e-03
3.818708006292581558e-03
3.818708006292581558e-03
3.806997090578079224e-03
3.812853014096617699e-03
3.815779928117990494e-03
3.818708006292581558e-03
3.836273914203047752e-03
3.831882961094379425e-03
3.837737953290343285e-03
3.842130070552229881e-03
3.847985062748193741e-03
3.834810107946395874e-03
3.839201992377638817e-03
3.840666031464934349e-03
3.839201992377638817e-03
3.840666031464934349e-03
3.837737953290343285e-03
3.839201992377638817e-03
3.840666031464934349e-03
3.836273914203047752e-03
3.830418922007083893e-03
3.837737953290343285e-03
3.815779928117990494e-03
3.817243967205286026e-03
3.814315889030694962e-03
3.817243967205286026e-03
3.817243967205286026e-03
3.815779928117990494e-03
3.808460896834731102e-03
3.806997090578079224e-03
3.806997090578079224e-03
3.806997090578079224e-03
3.815779928117990494e-03
3.812853014096617699e-03
3.815779928117990494e-03
3.815779928117990494e-03
3.811388975009322166e-03
3.806997090578079224e-03
3.921178169548511505e-03
