3.795285942032933235e-03
3.815779928117990494e-03
3.827491076663136482e-03
3.828955115750432014e-03
3.833347000181674957e-03
3.833347000181674957e-03
3.823099890723824501e-03
3.827491076663136482e-03
3.831882961094379425e-03
3.828955115750432014e-03
3.830418922007083893e-03
3.830418922007083893e-03
3.831882961094379425e-03
3.828955115750432014e-03
3.827491076663136482e-03
3.824562998488545418e-03
3.809924935922026634e-03
3.798214020207524300e-03
3.792359028011560440e-03
3.783575026318430901e-03
3.786503104493021965e-03
3.782111918553709984e-03
3.783575026318430901e-03
3.776255995035171509e-03
3.771865041926503181e-03
3.767472924664616585e-03
3.764545079320669174e-03
3.758690087124705315e-03
3.746978938579559326e-03
3.744051093235611916e-03
3.729413030669093132e-03
3.710383083671331406e-03
3.723557107150554657e-03
3.726484952494502068e-03
3.735268022865056992e-03
3.727948991581797600e-03
3.719165921211242676e-03
3.710383083671331406e-03
3.695744089782238007e-03
3.689889097586274147e-03
3.673786064609885216e-03
3.663538955152034760e-03
3.662074916064739227e-03
3.663538955152034760e-03
3.657683962956070900e-03
3.656219923868775368e-03
3.654755884781479836e-03
3.653292078524827957e-03
3.665002994239330292e-03
3.643044969066977501e-03
3.625479061156511307e-03
3.613767912611365318e-03
3.616695990785956383e-03
3.612304106354713440e-03
3.615231951698660851e-03
3.613767912611365318e-03
3.613767912611365318e-03
3.613767912611365318e-03
3.613767912611365318e-03
3.610840998589992523e-03
3.607912920415401459e-03
3.609376959502696991e-03
3.616695990785956383e-03
3.616695990785956383e-03
3.635725937783718109e-03
3.643044969066977501e-03
3.643044969066977501e-03
3.643044969066977501e-03
3.643044969066977501e-03
3.644509008154273033e-03
3.644509008154273033e-03
3.640118055045604706e-03
3.643044969066977501e-03
3.644509008154273033e-03
3.641580929979681969e-03
3.647437086328864098e-03
3.645973047241568565e-03
3.644509008154273033e-03
3.631334984675049782e-03
3.625479061156511307e-03
3.622550982981920242e-03
3.612304106354713440e-03
3.613767912611365318e-03
3.612304106354713440e-03
3.610840998589992523e-03
3.609376959502696991e-03
3.615231951698660851e-03
3.607912920415401459e-03
3.610840998589992523e-03
3.610840998589992523e-03
3.607912920415401459e-03
3.606449114158749580e-03
3.613767912611365318e-03
3.610840998589992523e-03
3.612304106354713440e-03
3.615231951698660851e-03
3.593273926526308060e-03
