3.847985062748193741e-03
3.846521023660898209e-03
3.842130070552229881e-03
3.847985062748193741e-03
3.849449101835489273e-03
3.834810107946395874e-03
3.842130070552229881e-03
3.842130070552229881e-03
3.842130070552229881e-03
3.840666031464934349e-03
3.849449101835489273e-03
3.847985062748193741e-03
3.847985062748193741e-03
3.845056984573602676e-03
3.830418922007083893e-03
3.837737953290343285e-03
3.815779928117990494e-03
3.818708006292581558e-03
3.821636084467172623e-03
3.821636084467172623e-03
3.823099890723824501e-03
3.821636084467172623e-03
3.820172045379877090e-03
3.802605904638767242e-03
3.820172045379877090e-03
3.827491076663136482e-03
3.818708006292581558e-03
3.820172045379877090e-03
3.818708006292581558e-03
3.821636084467172623e-03
3.817243967205286026e-03
3.818708006292581558e-03
3.833347000181674957e-03
3.846521023660898209e-03
3.842130070552229881e-03
3.842130070552229881e-03
3.842130070552229881e-03
3.842130070552229881e-03
3.842130070552229881e-03
3.840666031464934349e-03
3.845056984573602676e-03
3.833347000181674957e-03
3.846521023660898209e-03
3.843594109639525414e-03
3.845056984573602676e-03
3.843594109639525414e-03
3.842130070552229881e-03
3.842130070552229881e-03
3.820172045379877090e-03
3.821636084467172623e-03
3.814315889030694962e-03
3.815779928117990494e-03
3.820172045379877090e-03
3.814315889030694962e-03
3.815779928117990494e-03
3.821636084467172623e-03
3.821636084467172623e-03
3.817243967205286026e-03
3.795285942032933235e-03
3.808460896834731102e-03
3.814315889030694962e-03
3.818708006292581558e-03
3.815779928117990494e-03
3.827491076663136482e-03
3.847985062748193741e-03
3.845056984573602676e-03
3.845056984573602676e-03
3.815779928117990494e-03
3.837737953290343285e-03
3.839201992377638817e-03
3.845056984573602676e-03
3.843594109639525414e-03
3.842130070552229881e-03
3.843594109639525414e-03
3.843594109639525414e-03
3.842130070552229881e-03
3.820172045379877090e-03
3.833347000181674957e-03
3.840666031464934349e-03
3.812853014096617699e-03
3.817243967205286026e-03
3.817243967205286026e-03
3.815779928117990494e-03
3.812853014096617699e-03
3.815779928117990494e-03
3.806997090578079224e-03
3.815779928117990494e-03
3.818708006292581558e-03
3.818708006292581558e-03
3.817243967205286026e-03
3.815779928117990494e-03
3.812853014096617699e-03
3.818708006292581558e-03
3.815779928117990494e-03
3.812853014096617699e-03
3.815779928117990494e-03
3.814315889030694962e-03
