3.726484952494502068e-03
3.725020913407206535e-03
3.729413030669093132e-03
3.722093999385833740e-03
3.725020913407206535e-03
3.727948991581797600e-03
3.725020913407206535e-03
3.711846889927983284e-03
3.717702114954590797e-03
3.720629960298538208e-03
3.720629960298538208e-03
3.725020913407206535e-03
3.725020913407206535e-03
3.726484952494502068e-03
3.726484952494502068e-03
3.723557107150554657e-03
3.689889097586274147e-03
3.695744089782238007e-03
3.698671935126185417e-03
3.700135974213480949e-03
3.700135974213480949e-03
3.704526927322149277e-03
3.704526927322149277e-03
3.707455005496740341e-03
3.704526927322149277e-03
3.694280050694942474e-03
3.701600013300776482e-03
3.704526927322149277e-03
3.704526927322149277e-03
3.705990966409444809e-03
3.703062888234853745e-03
3.742587985470890999e-03
3.739659907296299934e-03
3.729413030669093132e-03
3.720629960298538208e-03
3.723557107150554657e-03
3.722093999385833740e-03
3.719165921211242676e-03
3.723557107150554657e-03
3.725020913407206535e-03
3.726484952494502068e-03
3.726484952494502068e-03
3.711846889927983284e-03
3.720629960298538208e-03
3.723557107150554657e-03
3.723557107150554657e-03
3.717702114954590797e-03
3.716238075867295265e-03
3.704526927322149277e-03
3.697207896038889885e-03
3.703062888234853745e-03
3.698671935126185417e-03
3.704526927322149277e-03
3.704526927322149277e-03
3.701600013300776482e-03
3.701600013300776482e-03
3.701600013300776482e-03
3.703062888234853745e-03
3.701600013300776482e-03
3.698671935126185417e-03
3.688425058498978615e-03
3.704526927322149277e-03
3.698671935126185417e-03
3.732341108843684196e-03
3.732341108843684196e-03
3.725020913407206535e-03
3.723557107150554657e-03
3.720629960298538208e-03
3.722093999385833740e-03
3.708919044584035873e-03
3.723557107150554657e-03
3.735268022865056992e-03
3.722093999385833740e-03
3.720629960298538208e-03
3.720629960298538208e-03
3.722093999385833740e-03
3.722093999385833740e-03
3.708919044584035873e-03
3.716238075867295265e-03
3.707455005496740341e-03
3.705990966409444809e-03
3.703062888234853745e-03
3.700135974213480949e-03
3.705990966409444809e-03
3.701600013300776482e-03
3.701600013300776482e-03
3.694280050694942474e-03
3.695744089782238007e-03
3.703062888234853745e-03
3.703062888234853745e-03
3.705990966409444809e-03
3.705990966409444809e-03
3.704526927322149277e-03
3.704526927322149277e-03
3.698671935126185417e-03
3.681106027215719223e-03
