3.534720046445727348e-03
3.707455005496740341e-03
3.705990966409444809e-03
3.705990966409444809e-03
3.689889097586274147e-03
3.701600013300776482e-03
3.711846889927983284e-03
3.714774036779999733e-03
3.704526927322149277e-03
3.707455005496740341e-03
3.710383083671331406e-03
3.707455005496740341e-03
3.710383083671331406e-03
3.686961019411683083e-03
3.701600013300776482e-03
3.708919044584035873e-03
3.684032941237092018e-03
3.686961019411683083e-03
3.686961019411683083e-03
3.685496980324387550e-03
3.685496980324387550e-03
3.685496980324387550e-03
3.673786064609885216e-03
3.682568902149796486e-03
3.681106027215719223e-03
3.679641988128423691e-03
3.679641988128423691e-03
3.684032941237092018e-03
3.684032941237092018e-03
3.686961019411683083e-03
3.665002994239330292e-03
3.676713909953832626e-03
3.704526927322149277e-03
3.704526927322149277e-03
3.703062888234853745e-03
3.705990966409444809e-03
3.711846889927983284e-03
3.716238075867295265e-03
3.708919044584035873e-03
3.703062888234853745e-03
3.703062888234853745e-03
3.705990966409444809e-03
3.707455005496740341e-03
3.703062888234853745e-03
3.708919044584035873e-03
3.708919044584035873e-03
3.713309997692704201e-03
3.711846889927983284e-03
3.679641988128423691e-03
3.685496980324387550e-03
3.681106027215719223e-03
3.684032941237092018e-03
3.682568902149796486e-03
3.682568902149796486e-03
3.682568902149796486e-03
3.682568902149796486e-03
3.685496980324387550e-03
3.663538955152034760e-03
3.681106027215719223e-03
3.685496980324387550e-03
3.682568902149796486e-03
3.682568902149796486e-03
3.682568902149796486e-03
3.685496980324387550e-03
3.701600013300776482e-03
3.705990966409444809e-03
3.700135974213480949e-03
3.707455005496740341e-03
3.707455005496740341e-03
3.704526927322149277e-03
3.707455005496740341e-03
3.707455005496740341e-03
3.708919044584035873e-03
3.704526927322149277e-03
3.704526927322149277e-03
3.700135974213480949e-03
3.708919044584035873e-03
3.713309997692704201e-03
3.708919044584035873e-03
3.711846889927983284e-03
3.684032941237092018e-03
3.684032941237092018e-03
3.684032941237092018e-03
3.657683962956070900e-03
3.679641988128423691e-03
3.682568902149796486e-03
3.684032941237092018e-03
3.684032941237092018e-03
3.686961019411683083e-03
3.684032941237092018e-03
3.686961019411683083e-03
3.682568902149796486e-03
3.659148002043366432e-03
3.678177949041128159e-03
3.681106027215719223e-03
3.694280050694942474e-03
3.764545079320669174e-03
