3.730877069756388664e-03
3.758690087124705315e-03
3.767472924664616585e-03
3.770401002839207649e-03
3.777720034122467041e-03
3.779184073209762573e-03
3.793821902945637703e-03
3.802605904638767242e-03
3.802605904638767242e-03
3.806997090578079224e-03
3.796749981120228767e-03
3.783575026318430901e-03
3.770401002839207649e-03
3.757226048037409782e-03
3.749907016754150391e-03
3.744051093235611916e-03
3.770401002839207649e-03
3.749907016754150391e-03
3.729413030669093132e-03
3.705990966409444809e-03
3.676713909953832626e-03
3.645973047241568565e-03
3.634261898696422577e-03
3.619624068960547447e-03
3.618160029873251915e-03
3.618160029873251915e-03
3.616695990785956383e-03
3.615231951698660851e-03
3.622550982981920242e-03
3.612304106354713440e-03
3.612304106354713440e-03
3.629870945587754250e-03
3.640118055045604706e-03
3.647437086328864098e-03
3.645973047241568565e-03
3.645973047241568565e-03
3.644509008154273033e-03
3.645973047241568565e-03
3.654755884781479836e-03
3.647437086328864098e-03
3.653292078524827957e-03
3.648900892585515976e-03
3.637189976871013641e-03
3.647437086328864098e-03
3.645973047241568565e-03
3.641580929979681969e-03
3.648900892585515976e-03
3.629870945587754250e-03
3.626943100243806839e-03
3.616695990785956383e-03
3.613767912611365318e-03
3.600593889132142067e-03
3.612304106354713440e-03
3.610840998589992523e-03
3.606449114158749580e-03
3.610840998589992523e-03
3.603521035984158516e-03
3.609376959502696991e-03
3.615231951698660851e-03
3.615231951698660851e-03
3.604985075071454048e-03
3.609376959502696991e-03
3.609376959502696991e-03
3.631334984675049782e-03
3.635725937783718109e-03
3.635725937783718109e-03
3.643044969066977501e-03
3.650364931672811508e-03
3.645973047241568565e-03
3.641580929979681969e-03
3.643044969066977501e-03
3.643044969066977501e-03
3.640118055045604706e-03
3.641580929979681969e-03
3.648900892585515976e-03
3.641580929979681969e-03
3.640118055045604706e-03
3.641580929979681969e-03
3.637189976871013641e-03
3.616695990785956383e-03
3.612304106354713440e-03
3.613767912611365318e-03
3.609376959502696991e-03
3.609376959502696991e-03
3.610840998589992523e-03
3.609376959502696991e-03
3.615231951698660851e-03
3.603521035984158516e-03
3.612304106354713440e-03
3.610840998589992523e-03
3.610840998589992523e-03
3.610840998589992523e-03
3.609376959502696991e-03
3.610840998589992523e-03
3.606449114158749580e-03
3.596202004700899124e-03
