3.625479061156511307e-03
3.629870945587754250e-03
3.631334984675049782e-03
3.640118055045604706e-03
3.643044969066977501e-03
3.640118055045604706e-03
3.632798092439770699e-03
3.640118055045604706e-03
3.641580929979681969e-03
3.645973047241568565e-03
3.645973047241568565e-03
3.644509008154273033e-03
3.645973047241568565e-03
3.643044969066977501e-03
3.644509008154273033e-03
3.628406906500458717e-03
3.619624068960547447e-03
3.609376959502696991e-03
3.610840998589992523e-03
3.610840998589992523e-03
3.610840998589992523e-03
3.609376959502696991e-03
3.607912920415401459e-03
3.612304106354713440e-03
3.594737965613603592e-03
3.604985075071454048e-03
3.606449114158749580e-03
3.604985075071454048e-03
3.610840998589992523e-03
3.612304106354713440e-03
3.612304106354713440e-03
3.610840998589992523e-03
3.635725937783718109e-03
3.632798092439770699e-03
3.638654015958309174e-03
3.638654015958309174e-03
3.643044969066977501e-03
3.641580929979681969e-03
3.643044969066977501e-03
3.644509008154273033e-03
3.645973047241568565e-03
3.644509008154273033e-03
3.634261898696422577e-03
3.641580929979681969e-03
3.638654015958309174e-03
3.640118055045604706e-03
3.648900892585515976e-03
3.637189976871013641e-03
3.610840998589992523e-03
3.613767912611365318e-03
3.607912920415401459e-03
3.597666043788194656e-03
3.607912920415401459e-03
3.604985075071454048e-03
3.604985075071454048e-03
3.609376959502696991e-03
3.610840998589992523e-03
3.610840998589992523e-03
3.609376959502696991e-03
3.609376959502696991e-03
3.594737965613603592e-03
3.603521035984158516e-03
3.607912920415401459e-03
3.645973047241568565e-03
3.637189976871013641e-03
3.644509008154273033e-03
3.641580929979681969e-03
3.643044969066977501e-03
3.644509008154273033e-03
3.632798092439770699e-03
3.637189976871013641e-03
3.641580929979681969e-03
3.641580929979681969e-03
3.637189976871013641e-03
3.640118055045604706e-03
3.645973047241568565e-03
3.645973047241568565e-03
3.640118055045604706e-03
3.632798092439770699e-03
3.612304106354713440e-03
3.602056996896862984e-03
3.609376959502696991e-03
3.604985075071454048e-03
3.606449114158749580e-03
3.610840998589992523e-03
3.609376959502696991e-03
3.607912920415401459e-03
3.599130082875490189e-03
3.609376959502696991e-03
3.604985075071454048e-03
3.606449114158749580e-03
3.603521035984158516e-03
3.604985075071454048e-03
3.609376959502696991e-03
3.613767912611365318e-03
3.609376959502696991e-03
3.578636096790432930e-03
