3.716238075867295265e-03
3.686961019411683083e-03
3.698671935126185417e-03
3.703062888234853745e-03
3.705990966409444809e-03
3.714774036779999733e-03
3.729413030669093132e-03
3.745514899492263794e-03
3.732341108843684196e-03
3.722093999385833740e-03
3.711846889927983284e-03
3.698671935126185417e-03
3.691352903842926025e-03
3.682568902149796486e-03
3.672322025522589684e-03
3.659148002043366432e-03
3.666467033326625824e-03
3.697207896038889885e-03
3.665002994239330292e-03
3.635725937783718109e-03
3.621088108047842979e-03
3.619624068960547447e-03
3.616695990785956383e-03
3.615231951698660851e-03
3.602056996896862984e-03
3.615231951698660851e-03
3.619624068960547447e-03
3.616695990785956383e-03
3.610840998589992523e-03
3.613767912611365318e-03
3.610840998589992523e-03
3.612304106354713440e-03
3.631334984675049782e-03
3.634261898696422577e-03
3.643044969066977501e-03
3.641580929979681969e-03
3.645973047241568565e-03
3.651828039437532425e-03
3.645973047241568565e-03
3.647437086328864098e-03
3.644509008154273033e-03
3.645973047241568565e-03
3.635725937783718109e-03
3.645973047241568565e-03
3.641580929979681969e-03
3.647437086328864098e-03
3.647437086328864098e-03
3.648900892585515976e-03
3.634261898696422577e-03
3.618160029873251915e-03
3.612304106354713440e-03
3.603521035984158516e-03
3.606449114158749580e-03
3.610840998589992523e-03
3.612304106354713440e-03
3.610840998589992523e-03
3.609376959502696991e-03
3.610840998589992523e-03
3.612304106354713440e-03
3.613767912611365318e-03
3.603521035984158516e-03
3.606449114158749580e-03
3.606449114158749580e-03
3.607912920415401459e-03
3.631334984675049782e-03
3.637189976871013641e-03
3.641580929979681969e-03
3.644509008154273033e-03
3.644509008154273033e-03
3.637189976871013641e-03
3.645973047241568565e-03
3.643044969066977501e-03
3.643044969066977501e-03
3.643044969066977501e-03
3.640118055045604706e-03
3.641580929979681969e-03
3.644509008154273033e-03
3.650364931672811508e-03
3.632798092439770699e-03
3.647437086328864098e-03
3.613767912611365318e-03
3.609376959502696991e-03
3.609376959502696991e-03
3.606449114158749580e-03
3.606449114158749580e-03
3.606449114158749580e-03
3.613767912611365318e-03
3.606449114158749580e-03
3.604985075071454048e-03
3.607912920415401459e-03
3.612304106354713440e-03
3.607912920415401459e-03
3.606449114158749580e-03
3.607912920415401459e-03
3.607912920415401459e-03
3.607912920415401459e-03
3.615231951698660851e-03
