3.708919044584035873e-03
3.707455005496740341e-03
3.707455005496740341e-03
3.689889097586274147e-03
3.707455005496740341e-03
3.703062888234853745e-03
3.705990966409444809e-03
3.705990966409444809e-03
3.707455005496740341e-03
3.705990966409444809e-03
3.713309997692704201e-03
3.713309997692704201e-03
3.697207896038889885e-03
3.708919044584035873e-03
3.705990966409444809e-03
3.710383083671331406e-03
3.688425058498978615e-03
3.686961019411683083e-03
3.688425058498978615e-03
3.686961019411683083e-03
3.684032941237092018e-03
3.675250103697180748e-03
3.681106027215719223e-03
3.689889097586274147e-03
3.684032941237092018e-03
3.686961019411683083e-03
3.682568902149796486e-03
3.684032941237092018e-03
3.685496980324387550e-03
3.679641988128423691e-03
3.676713909953832626e-03
3.682568902149796486e-03
3.710383083671331406e-03
3.705990966409444809e-03
3.704526927322149277e-03
3.705990966409444809e-03
3.708919044584035873e-03
3.711846889927983284e-03
3.694280050694942474e-03
3.707455005496740341e-03
3.703062888234853745e-03
3.703062888234853745e-03
3.704526927322149277e-03
3.710383083671331406e-03
3.707455005496740341e-03
3.714774036779999733e-03
3.711846889927983284e-03
3.651828039437532425e-03
3.676713909953832626e-03
3.685496980324387550e-03
3.685496980324387550e-03
3.688425058498978615e-03
3.686961019411683083e-03
3.682568902149796486e-03
3.682568902149796486e-03
3.684032941237092018e-03
3.672322025522589684e-03
3.684032941237092018e-03
3.685496980324387550e-03
3.682568902149796486e-03
3.681106027215719223e-03
3.681106027215719223e-03
3.686961019411683083e-03
3.694280050694942474e-03
3.711846889927983284e-03
3.701600013300776482e-03
3.704526927322149277e-03
3.703062888234853745e-03
3.700135974213480949e-03
3.708919044584035873e-03
3.708919044584035873e-03
3.710383083671331406e-03
3.708919044584035873e-03
3.686961019411683083e-03
3.704526927322149277e-03
3.704526927322149277e-03
3.701600013300776482e-03
3.704526927322149277e-03
3.710383083671331406e-03
3.679641988128423691e-03
3.686961019411683083e-03
3.684032941237092018e-03
3.676713909953832626e-03
3.685496980324387550e-03
3.685496980324387550e-03
3.686961019411683083e-03
3.684032941237092018e-03
3.684032941237092018e-03
3.689889097586274147e-03
3.688425058498978615e-03
3.685496980324387550e-03
3.670858917757868767e-03
3.686961019411683083e-03
3.681106027215719223e-03
3.682568902149796486e-03
3.695744089782238007e-03
3.681106027215719223e-03
