3.546430962160229683e-03
3.764545079320669174e-03
3.789430949836969376e-03
3.806997090578079224e-03
3.817243967205286026e-03
3.826027037575840950e-03
3.824562998488545418e-03
3.804069012403488159e-03
3.826027037575840950e-03
3.824562998488545418e-03
3.817243967205286026e-03
3.817243967205286026e-03
3.811388975009322166e-03
3.814315889030694962e-03
3.806997090578079224e-03
3.799678059294819832e-03
3.764545079320669174e-03
3.795285942032933235e-03
3.779184073209762573e-03
3.760153893381357193e-03
3.739659907296299934e-03
3.723557107150554657e-03
3.700135974213480949e-03
3.678177949041128159e-03
3.651828039437532425e-03
3.621088108047842979e-03
3.625479061156511307e-03
3.621088108047842979e-03
3.618160029873251915e-03
3.624015022069215775e-03
3.619624068960547447e-03
3.618160029873251915e-03
3.645973047241568565e-03
3.644509008154273033e-03
3.635725937783718109e-03
3.648900892585515976e-03
3.648900892585515976e-03
3.647437086328864098e-03
3.656219923868775368e-03
3.651828039437532425e-03
3.645973047241568565e-03
3.647437086328864098e-03
3.650364931672811508e-03
3.643044969066977501e-03
3.641580929979681969e-03
3.650364931672811508e-03
3.647437086328864098e-03
3.647437086328864098e-03
3.643044969066977501e-03
3.621088108047842979e-03
3.612304106354713440e-03
3.612304106354713440e-03
3.613767912611365318e-03
3.609376959502696991e-03
3.613767912611365318e-03
3.612304106354713440e-03
3.612304106354713440e-03
3.607912920415401459e-03
3.610840998589992523e-03
3.615231951698660851e-03
3.609376959502696991e-03
3.613767912611365318e-03
3.609376959502696991e-03
3.610840998589992523e-03
3.638654015958309174e-03
3.640118055045604706e-03
3.643044969066977501e-03
3.643044969066977501e-03
3.641580929979681969e-03
3.647437086328864098e-03
3.631334984675049782e-03
3.643044969066977501e-03
3.644509008154273033e-03
3.644509008154273033e-03
3.644509008154273033e-03
3.641580929979681969e-03
3.640118055045604706e-03
3.645973047241568565e-03
3.647437086328864098e-03
3.644509008154273033e-03
3.618160029873251915e-03
3.615231951698660851e-03
3.607912920415401459e-03
3.609376959502696991e-03
3.604985075071454048e-03
3.612304106354713440e-03
3.612304106354713440e-03
3.616695990785956383e-03
3.610840998589992523e-03
3.603521035984158516e-03
3.610840998589992523e-03
3.607912920415401459e-03
3.606449114158749580e-03
3.609376959502696991e-03
3.610840998589992523e-03
3.610840998589992523e-03
3.665002994239330292e-03
