3.710383083671331406e-03
3.711846889927983284e-03
3.705990966409444809e-03
3.707455005496740341e-03
3.705990966409444809e-03
3.711846889927983284e-03
3.710383083671331406e-03
3.708919044584035873e-03
3.710383083671331406e-03
3.710383083671331406e-03
3.707455005496740341e-03
3.710383083671331406e-03
3.708919044584035873e-03
3.710383083671331406e-03
3.707455005496740341e-03
3.708919044584035873e-03
3.682568902149796486e-03
3.682568902149796486e-03
3.685496980324387550e-03
3.682568902149796486e-03
3.681106027215719223e-03
3.679641988128423691e-03
3.679641988128423691e-03
3.678177949041128159e-03
3.678177949041128159e-03
3.669395111501216888e-03
3.681106027215719223e-03
3.681106027215719223e-03
3.681106027215719223e-03
3.678177949041128159e-03
3.678177949041128159e-03
3.705990966409444809e-03
3.705990966409444809e-03
3.701600013300776482e-03
3.703062888234853745e-03
3.704526927322149277e-03
3.710383083671331406e-03
3.708919044584035873e-03
3.707455005496740341e-03
3.710383083671331406e-03
3.705990966409444809e-03
3.707455005496740341e-03
3.711846889927983284e-03
3.704526927322149277e-03
3.710383083671331406e-03
3.707455005496740341e-03
3.711846889927983284e-03
3.676713909953832626e-03
3.681106027215719223e-03
3.684032941237092018e-03
3.695744089782238007e-03
3.682568902149796486e-03
3.675250103697180748e-03
3.682568902149796486e-03
3.682568902149796486e-03
3.684032941237092018e-03
3.682568902149796486e-03
3.679641988128423691e-03
3.676713909953832626e-03
3.682568902149796486e-03
3.660612041130661964e-03
3.679641988128423691e-03
3.689889097586274147e-03
3.701600013300776482e-03
3.705990966409444809e-03
3.704526927322149277e-03
3.707455005496740341e-03
3.705990966409444809e-03
3.705990966409444809e-03
3.694280050694942474e-03
3.704526927322149277e-03
3.710383083671331406e-03
3.713309997692704201e-03
3.711846889927983284e-03
3.708919044584035873e-03
3.707455005496740341e-03
3.711846889927983284e-03
3.708919044584035873e-03
3.700135974213480949e-03
3.681106027215719223e-03
3.689889097586274147e-03
3.685496980324387550e-03
3.682568902149796486e-03
3.691352903842926025e-03
3.686961019411683083e-03
3.685496980324387550e-03
3.681106027215719223e-03
3.675250103697180748e-03
3.679641988128423691e-03
3.678177949041128159e-03
3.676713909953832626e-03
3.684032941237092018e-03
3.685496980324387550e-03
3.686961019411683083e-03
3.682568902149796486e-03
3.667931072413921356e-03
