3.871406894177198410e-03
3.884582081809639931e-03
3.906539175659418106e-03
3.918250091373920441e-03
3.929961007088422775e-03
3.935817163437604904e-03
3.944600000977516174e-03
3.932889085263013840e-03
3.941671922802925110e-03
3.941671922802925110e-03
3.944600000977516174e-03
3.943135961890220642e-03
3.948991186916828156e-03
3.947527147829532623e-03
3.946064040064811707e-03
3.944600000977516174e-03
3.861160017549991608e-03
3.877261886373162270e-03
3.871406894177198410e-03
3.871406894177198410e-03
3.869943087920546532e-03
3.868479048833250999e-03
3.868479048833250999e-03
3.868479048833250999e-03
3.868479048833250999e-03
3.855304094031453133e-03
3.864088095724582672e-03
3.865550970658659935e-03
3.867015009745955467e-03
3.865550970658659935e-03
3.865550970658659935e-03
3.902147989720106125e-03
3.910930827260017395e-03
3.910930827260017395e-03
3.928496968001127243e-03
3.941671922802925110e-03
3.944600000977516174e-03
3.944600000977516174e-03
3.941671922802925110e-03
3.944600000977516174e-03
3.950455226004123688e-03
3.950455226004123688e-03
3.940207883715629578e-03
3.940207883715629578e-03
3.943135961890220642e-03
3.944600000977516174e-03
3.947527147829532623e-03
3.910930827260017395e-03
3.878725925460457802e-03
3.874334972351789474e-03
3.869943087920546532e-03
3.847985062748193741e-03
3.868479048833250999e-03
3.869943087920546532e-03
3.865550970658659935e-03
3.864088095724582672e-03
3.865550970658659935e-03
3.864088095724582672e-03
3.872870933264493942e-03
3.867015009745955467e-03
3.858231939375400543e-03
3.864088095724582672e-03
3.862624056637287140e-03
3.905076067894697189e-03
3.918250091373920441e-03
3.928496968001127243e-03
3.935817163437604904e-03
3.940207883715629578e-03
3.928496968001127243e-03
3.941671922802925110e-03
3.943135961890220642e-03
3.944600000977516174e-03
3.944600000977516174e-03
3.943135961890220642e-03
3.943135961890220642e-03
3.946064040064811707e-03
3.950455226004123688e-03
3.927032928913831711e-03
3.943135961890220642e-03
3.891901113092899323e-03
3.877261886373162270e-03
3.872870933264493942e-03
3.874334972351789474e-03
3.869943087920546532e-03
3.868479048833250999e-03
3.867015009745955467e-03
3.859695978462696075e-03
3.865550970658659935e-03
3.864088095724582672e-03
3.865550970658659935e-03
3.864088095724582672e-03
3.862624056637287140e-03
3.865550970658659935e-03
3.862624056637287140e-03
3.865550970658659935e-03
3.862624056637287140e-03
