3.979731816798448563e-03
3.987051080912351608e-03
3.988515119999647141e-03
3.988515119999647141e-03
3.992906771600246429e-03
3.994370810687541962e-03
4.000226035714149475e-03
3.997297957539558411e-03
3.982659894973039627e-03
3.995834849774837494e-03
3.994370810687541962e-03
3.994370810687541962e-03
3.997297957539558411e-03
3.992906771600246429e-03
3.991443198174238205e-03
3.995834849774837494e-03
3.978267777711153030e-03
3.975341096520423889e-03
3.982659894973039627e-03
3.979731816798448563e-03
3.979731816798448563e-03
3.979731816798448563e-03
3.981195855885744095e-03
3.987051080912351608e-03
3.984123934060335159e-03
3.975341096520423889e-03
3.982659894973039627e-03
3.979731816798448563e-03
3.979731816798448563e-03
3.984123934060335159e-03
3.988515119999647141e-03
4.026575945317745209e-03
4.003154113888740540e-03
3.985587973147630692e-03
3.991443198174238205e-03
3.992906771600246429e-03
3.992906771600246429e-03
3.991443198174238205e-03
4.000226035714149475e-03
3.997297957539558411e-03
3.995834849774837494e-03
3.997297957539558411e-03
3.988515119999647141e-03
3.994370810687541962e-03
3.991443198174238205e-03
3.995834849774837494e-03
3.998761996626853943e-03
3.985587973147630692e-03
3.979731816798448563e-03
3.979731816798448563e-03
3.954846877604722977e-03
3.973877057433128357e-03
3.982659894973039627e-03
3.985587973147630692e-03
3.981195855885744095e-03
3.984123934060335159e-03
3.978267777711153030e-03
3.981195855885744095e-03
3.968020901083946228e-03
3.975341096520423889e-03
3.982659894973039627e-03
3.985587973147630692e-03
3.982659894973039627e-03
4.011936951428651810e-03
3.998761996626853943e-03
3.995834849774837494e-03
4.000226035714149475e-03
3.992906771600246429e-03
3.997297957539558411e-03
3.994370810687541962e-03
3.997297957539558411e-03
3.995834849774837494e-03
3.998761996626853943e-03
3.998761996626853943e-03
3.994370810687541962e-03
3.987051080912351608e-03
3.984123934060335159e-03
3.992906771600246429e-03
3.998761996626853943e-03
3.979731816798448563e-03
3.973877057433128357e-03
3.973877057433128357e-03
3.975341096520423889e-03
3.982659894973039627e-03
3.966556861996650696e-03
3.981195855885744095e-03
3.975341096520423889e-03
3.979731816798448563e-03
3.979731816798448563e-03
3.978267777711153030e-03
3.979731816798448563e-03
3.982659894973039627e-03
3.963630180805921555e-03
3.982659894973039627e-03
3.981195855885744095e-03
3.978267777711153030e-03
