3.934353124350309372e-03
3.940207883715629578e-03
3.944600000977516174e-03
3.944600000977516174e-03
3.944600000977516174e-03
3.931425046175718307e-03
3.950455226004123688e-03
3.948991186916828156e-03
3.946064040064811707e-03
3.947527147829532623e-03
3.951918799430131912e-03
3.948991186916828156e-03
3.946064040064811707e-03
3.946064040064811707e-03
3.938743844628334045e-03
3.951918799430131912e-03
3.899219911545515060e-03
3.912394866347312927e-03
3.908003214746713638e-03
3.903612028807401657e-03
3.902147989720106125e-03
3.902147989720106125e-03
3.884582081809639931e-03
3.893364919349551201e-03
3.893364919349551201e-03
3.902147989720106125e-03
3.900683950632810593e-03
3.906539175659418106e-03
3.902147989720106125e-03
3.900683950632810593e-03
3.897756105288863182e-03
3.891901113092899323e-03
3.928496968001127243e-03
3.929961007088422775e-03
3.938743844628334045e-03
3.943135961890220642e-03
3.941671922802925110e-03
3.946064040064811707e-03
3.946064040064811707e-03
3.928496968001127243e-03
3.943135961890220642e-03
3.944600000977516174e-03
3.941671922802925110e-03
3.950455226004123688e-03
3.947527147829532623e-03
3.947527147829532623e-03
3.950455226004123688e-03
3.948991186916828156e-03
3.897756105288863182e-03
3.910930827260017395e-03
3.903612028807401657e-03
3.902147989720106125e-03
3.900683950632810593e-03
3.906539175659418106e-03
3.900683950632810593e-03
3.900683950632810593e-03
3.880189964547753334e-03
3.893364919349551201e-03
3.899219911545515060e-03
3.894828958436846733e-03
3.897756105288863182e-03
3.899219911545515060e-03
3.900683950632810593e-03
3.900683950632810593e-03
3.932889085263013840e-03
3.927032928913831711e-03
3.937279805541038513e-03
3.940207883715629578e-03
3.940207883715629578e-03
3.950455226004123688e-03
3.946064040064811707e-03
3.951918799430131912e-03
3.950455226004123688e-03
3.935817163437604904e-03
3.947527147829532623e-03
3.946064040064811707e-03
3.946064040064811707e-03
3.948991186916828156e-03
3.946064040064811707e-03
3.946064040064811707e-03
3.910930827260017395e-03
3.906539175659418106e-03
3.902147989720106125e-03
3.903612028807401657e-03
3.900683950632810593e-03
3.897756105288863182e-03
3.900683950632810593e-03
3.896292066201567650e-03
3.897756105288863182e-03
3.894828958436846733e-03
3.874334972351789474e-03
3.897756105288863182e-03
3.896292066201567650e-03
3.897756105288863182e-03
3.897756105288863182e-03
3.893364919349551201e-03
3.891901113092899323e-03
