4.127582069486379623e-03
4.123189952224493027e-03
4.130509216338396072e-03
4.130509216338396072e-03
4.130509216338396072e-03
4.131972789764404297e-03
4.131972789764404297e-03
4.130509216338396072e-03
4.131972789764404297e-03
4.123189952224493027e-03
4.124653991311788559e-03
4.134900867938995361e-03
4.140756092965602875e-03
4.137828946113586426e-03
4.133436828851699829e-03
4.134900867938995361e-03
4.111479036509990692e-03
4.111479036509990692e-03
4.096840973943471909e-03
4.111479036509990692e-03
4.112943075597286224e-03
4.115871153771877289e-03
4.115871153771877289e-03
4.115871153771877289e-03
4.114407114684581757e-03
4.115871153771877289e-03
4.098305013030767441e-03
4.108551889657974243e-03
4.108551889657974243e-03
4.112943075597286224e-03
4.112943075597286224e-03
4.114407114684581757e-03
4.140756092965602875e-03
4.134900867938995361e-03
4.134900867938995361e-03
4.127582069486379623e-03
4.127582069486379623e-03
4.124653991311788559e-03
4.133436828851699829e-03
4.134900867938995361e-03
4.137828946113586426e-03
4.140756092965602875e-03
4.136364907026290894e-03
4.136364907026290894e-03
4.127582069486379623e-03
4.131972789764404297e-03
4.127582069486379623e-03
4.118799231946468353e-03
4.108551889657974243e-03
4.118799231946468353e-03
4.111479036509990692e-03
4.115871153771877289e-03
4.101232159882783890e-03
4.110014997422695160e-03
4.111479036509990692e-03
4.112943075597286224e-03
4.111479036509990692e-03
4.107087850570678711e-03
4.114407114684581757e-03
4.114407114684581757e-03
4.096840973943471909e-03
4.108551889657974243e-03
4.110014997422695160e-03
4.136364907026290894e-03
4.131972789764404297e-03
4.130509216338396072e-03
4.133436828851699829e-03
4.136364907026290894e-03
4.137828946113586426e-03
4.123189952224493027e-03
4.130509216338396072e-03
4.134900867938995361e-03
4.129046108573675156e-03
4.130509216338396072e-03
4.130509216338396072e-03
4.130509216338396072e-03
4.131972789764404297e-03
4.127582069486379623e-03
4.131972789764404297e-03
4.111479036509990692e-03
4.111479036509990692e-03
4.111479036509990692e-03
4.111479036509990692e-03
4.107087850570678711e-03
4.114407114684581757e-03
4.110014997422695160e-03
4.089520778506994247e-03
4.117335192859172821e-03
4.115871153771877289e-03
4.110014997422695160e-03
4.114407114684581757e-03
4.112943075597286224e-03
4.111479036509990692e-03
4.112943075597286224e-03
4.111479036509990692e-03
4.101232159882783890e-03
4.063171800225973129e-03
