3.869943087920546532e-03
3.880189964547753334e-03
3.899219911545515060e-03
3.910930827260017395e-03
3.929961007088422775e-03
3.938743844628334045e-03
3.944600000977516174e-03
3.943135961890220642e-03
3.932889085263013840e-03
3.944600000977516174e-03
3.937279805541038513e-03
3.950455226004123688e-03
3.953382838517427444e-03
3.947527147829532623e-03
3.947527147829532623e-03
3.943135961890220642e-03
3.890437074005603790e-03
3.865550970658659935e-03
3.872870933264493942e-03
3.869943087920546532e-03
3.869943087920546532e-03
3.871406894177198410e-03
3.867015009745955467e-03
3.868479048833250999e-03
3.865550970658659935e-03
3.869943087920546532e-03
3.859695978462696075e-03
3.868479048833250999e-03
3.867015009745955467e-03
3.865550970658659935e-03
3.864088095724582672e-03
3.862624056637287140e-03
3.908003214746713638e-03
3.925569821149110794e-03
3.916786052286624908e-03
3.935817163437604904e-03
3.940207883715629578e-03
3.941671922802925110e-03
3.940207883715629578e-03
3.940207883715629578e-03
3.950455226004123688e-03
3.947527147829532623e-03
3.946064040064811707e-03
3.931425046175718307e-03
3.941671922802925110e-03
3.941671922802925110e-03
3.943135961890220642e-03
3.947527147829532623e-03
3.883118042722344398e-03
3.880189964547753334e-03
3.872870933264493942e-03
3.868479048833250999e-03
3.861160017549991608e-03
3.868479048833250999e-03
3.871406894177198410e-03
3.868479048833250999e-03
3.862624056637287140e-03
3.865550970658659935e-03
3.865550970658659935e-03
3.865550970658659935e-03
3.867015009745955467e-03
3.864088095724582672e-03
3.862624056637287140e-03
3.867015009745955467e-03
3.910930827260017395e-03
3.922642208635807037e-03
3.934353124350309372e-03
3.938743844628334045e-03
3.940207883715629578e-03
3.925569821149110794e-03
3.940207883715629578e-03
3.946064040064811707e-03
3.943135961890220642e-03
3.944600000977516174e-03
3.944600000977516174e-03
3.946064040064811707e-03
3.946064040064811707e-03
3.951918799430131912e-03
3.935817163437604904e-03
3.893364919349551201e-03
3.875798080116510391e-03
3.871406894177198410e-03
3.867015009745955467e-03
3.877261886373162270e-03
3.868479048833250999e-03
3.869943087920546532e-03
3.871406894177198410e-03
3.855304094031453133e-03
3.862624056637287140e-03
3.865550970658659935e-03
3.872870933264493942e-03
3.868479048833250999e-03
3.865550970658659935e-03
3.862624056637287140e-03
3.864088095724582672e-03
3.842130070552229881e-03
3.751371055841445923e-03
