3.874334972351789474e-03
3.888973034918308258e-03
3.906539175659418106e-03
3.919714130461215973e-03
3.931425046175718307e-03
3.937279805541038513e-03
3.941671922802925110e-03
3.928496968001127243e-03
3.940207883715629578e-03
3.940207883715629578e-03
3.943135961890220642e-03
3.946064040064811707e-03
3.946064040064811707e-03
3.947527147829532623e-03
3.946064040064811707e-03
3.946064040064811707e-03
3.871406894177198410e-03
3.872870933264493942e-03
3.871406894177198410e-03
3.867015009745955467e-03
3.868479048833250999e-03
3.872870933264493942e-03
3.865550970658659935e-03
3.868479048833250999e-03
3.862624056637287140e-03
3.862624056637287140e-03
3.867015009745955467e-03
3.862624056637287140e-03
3.862624056637287140e-03
3.869943087920546532e-03
3.868479048833250999e-03
3.902147989720106125e-03
3.910930827260017395e-03
3.908003214746713638e-03
3.931425046175718307e-03
3.941671922802925110e-03
3.937279805541038513e-03
3.943135961890220642e-03
3.943135961890220642e-03
3.944600000977516174e-03
3.946064040064811707e-03
3.944600000977516174e-03
3.941671922802925110e-03
3.946064040064811707e-03
3.944600000977516174e-03
3.943135961890220642e-03
3.944600000977516174e-03
3.909466788172721863e-03
3.883118042722344398e-03
3.877261886373162270e-03
3.874334972351789474e-03
3.861160017549991608e-03
3.868479048833250999e-03
3.868479048833250999e-03
3.865550970658659935e-03
3.865550970658659935e-03
3.862624056637287140e-03
3.869943087920546532e-03
3.868479048833250999e-03
3.843594109639525414e-03
3.864088095724582672e-03
3.867015009745955467e-03
3.862624056637287140e-03
3.897756105288863182e-03
3.910930827260017395e-03
3.924105782061815262e-03
3.932889085263013840e-03
3.940207883715629578e-03
3.924105782061815262e-03
3.938743844628334045e-03
3.944600000977516174e-03
3.946064040064811707e-03
3.941671922802925110e-03
3.944600000977516174e-03
3.940207883715629578e-03
3.944600000977516174e-03
3.944600000977516174e-03
3.934353124350309372e-03
3.944600000977516174e-03
3.893364919349551201e-03
3.877261886373162270e-03
3.869943087920546532e-03
3.867015009745955467e-03
3.865550970658659935e-03
3.865550970658659935e-03
3.877261886373162270e-03
3.864088095724582672e-03
3.867015009745955467e-03
3.862624056637287140e-03
3.865550970658659935e-03
3.865550970658659935e-03
3.865550970658659935e-03
3.861160017549991608e-03
3.865550970658659935e-03
3.849449101835489273e-03
3.865550970658659935e-03
