3.839201992377638817e-03
3.874334972351789474e-03
3.887508995831012726e-03
3.908003214746713638e-03
3.928496968001127243e-03
3.935817163437604904e-03
3.943135961890220642e-03
3.944600000977516174e-03
3.946064040064811707e-03
3.947527147829532623e-03
3.947527147829532623e-03
3.946064040064811707e-03
3.938743844628334045e-03
3.943135961890220642e-03
3.947527147829532623e-03
3.950455226004123688e-03
3.900683950632810593e-03
3.877261886373162270e-03
3.874334972351789474e-03
3.872870933264493942e-03
3.872870933264493942e-03
3.849449101835489273e-03
3.865550970658659935e-03
3.872870933264493942e-03
3.871406894177198410e-03
3.868479048833250999e-03
3.868479048833250999e-03
3.867015009745955467e-03
3.868479048833250999e-03
3.864088095724582672e-03
3.855304094031453133e-03
3.856767900288105011e-03
3.900683950632810593e-03
3.916786052286624908e-03
3.929961007088422775e-03
3.938743844628334045e-03
3.943135961890220642e-03
3.943135961890220642e-03
3.948991186916828156e-03
3.938743844628334045e-03
3.940207883715629578e-03
3.943135961890220642e-03
3.944600000977516174e-03
3.950455226004123688e-03
3.948991186916828156e-03
3.950455226004123688e-03
3.946064040064811707e-03
3.925569821149110794e-03
3.886044956743717194e-03
3.878725925460457802e-03
3.868479048833250999e-03
3.867015009745955467e-03
3.869943087920546532e-03
3.868479048833250999e-03
3.867015009745955467e-03
3.872870933264493942e-03
3.856767900288105011e-03
3.867015009745955467e-03
3.867015009745955467e-03
3.862624056637287140e-03
3.862624056637287140e-03
3.864088095724582672e-03
3.864088095724582672e-03
3.872870933264493942e-03
3.896292066201567650e-03
3.918250091373920441e-03
3.934353124350309372e-03
3.935817163437604904e-03
3.941671922802925110e-03
3.943135961890220642e-03
3.940207883715629578e-03
3.944600000977516174e-03
3.943135961890220642e-03
3.941671922802925110e-03
3.940207883715629578e-03
3.944600000977516174e-03
3.938743844628334045e-03
3.946064040064811707e-03
3.946064040064811707e-03
3.943135961890220642e-03
3.883118042722344398e-03
3.869943087920546532e-03
3.853840986266732216e-03
3.868479048833250999e-03
3.868479048833250999e-03
3.867015009745955467e-03
3.867015009745955467e-03
3.862624056637287140e-03
3.868479048833250999e-03
3.867015009745955467e-03
3.862624056637287140e-03
3.858231939375400543e-03
3.867015009745955467e-03
3.868479048833250999e-03
3.869943087920546532e-03
3.867015009745955467e-03
3.831882961094379425e-03
