3.991443198174238205e-03
3.969484940171241760e-03
3.982659894973039627e-03
3.984123934060335159e-03
3.991443198174238205e-03
4.000226035714149475e-03
3.995834849774837494e-03
3.995834849774837494e-03
3.997297957539558411e-03
3.997297957539558411e-03
3.981195855885744095e-03
3.992906771600246429e-03
3.994370810687541962e-03
3.992906771600246429e-03
3.998761996626853943e-03
3.997297957539558411e-03
3.979731816798448563e-03
3.979731816798448563e-03
3.976804204285144806e-03
3.976804204285144806e-03
3.979731816798448563e-03
3.981195855885744095e-03
3.981195855885744095e-03
3.985587973147630692e-03
3.985587973147630692e-03
3.981195855885744095e-03
3.982659894973039627e-03
3.975341096520423889e-03
3.979731816798448563e-03
3.979731816798448563e-03
3.979731816798448563e-03
3.979731816798448563e-03
4.004618152976036072e-03
4.004618152976036072e-03
3.997297957539558411e-03
3.985587973147630692e-03
3.992906771600246429e-03
3.992906771600246429e-03
3.997297957539558411e-03
3.994370810687541962e-03
3.994370810687541962e-03
3.994370810687541962e-03
3.997297957539558411e-03
4.000226035714149475e-03
3.994370810687541962e-03
3.997297957539558411e-03
3.994370810687541962e-03
3.994370810687541962e-03
3.979731816798448563e-03
3.979731816798448563e-03
3.979731816798448563e-03
3.984123934060335159e-03
3.969484940171241760e-03
3.984123934060335159e-03
3.979731816798448563e-03
3.982659894973039627e-03
3.982659894973039627e-03
3.979731816798448563e-03
3.981195855885744095e-03
3.979731816798448563e-03
3.973877057433128357e-03
3.975341096520423889e-03
3.984123934060335159e-03
4.020719788968563080e-03
4.000226035714149475e-03
3.992906771600246429e-03
3.995834849774837494e-03
3.992906771600246429e-03
3.994370810687541962e-03
3.989979159086942673e-03
3.989979159086942673e-03
3.992906771600246429e-03
3.997297957539558411e-03
3.997297957539558411e-03
3.997297957539558411e-03
3.994370810687541962e-03
3.994370810687541962e-03
3.978267777711153030e-03
3.991443198174238205e-03
3.981195855885744095e-03
3.978267777711153030e-03
3.982659894973039627e-03
3.984123934060335159e-03
3.979731816798448563e-03
3.979731816798448563e-03
3.982659894973039627e-03
3.972413018345832825e-03
3.979731816798448563e-03
3.978267777711153030e-03
3.976804204285144806e-03
3.979731816798448563e-03
3.982659894973039627e-03
3.982659894973039627e-03
3.982659894973039627e-03
3.969484940171241760e-03
3.976804204285144806e-03
3.906539175659418106e-03
