3.931425046175718307e-03
3.941671922802925110e-03
3.941671922802925110e-03
3.950455226004123688e-03
3.950455226004123688e-03
3.932889085263013840e-03
3.944600000977516174e-03
3.948991186916828156e-03
3.947527147829532623e-03
3.948991186916828156e-03
3.947527147829532623e-03
3.950455226004123688e-03
3.947527147829532623e-03
3.947527147829532623e-03
3.943135961890220642e-03
3.951918799430131912e-03
3.908003214746713638e-03
3.915322944521903992e-03
3.905076067894697189e-03
3.902147989720106125e-03
3.900683950632810593e-03
3.902147989720106125e-03
3.886044956743717194e-03
3.900683950632810593e-03
3.900683950632810593e-03
3.899219911545515060e-03
3.899219911545515060e-03
3.900683950632810593e-03
3.899219911545515060e-03
3.899219911545515060e-03
3.897756105288863182e-03
3.890437074005603790e-03
3.932889085263013840e-03
3.934353124350309372e-03
3.943135961890220642e-03
3.943135961890220642e-03
3.946064040064811707e-03
3.948991186916828156e-03
3.944600000977516174e-03
3.922642208635807037e-03
3.940207883715629578e-03
3.951918799430131912e-03
3.950455226004123688e-03
3.950455226004123688e-03
3.957774024456739426e-03
3.953382838517427444e-03
3.951918799430131912e-03
3.902147989720106125e-03
3.908003214746713638e-03
3.900683950632810593e-03
3.900683950632810593e-03
3.897756105288863182e-03
3.897756105288863182e-03
3.905076067894697189e-03
3.900683950632810593e-03
3.900683950632810593e-03
3.881654003635048866e-03
3.896292066201567650e-03
3.896292066201567650e-03
3.897756105288863182e-03
3.896292066201567650e-03
3.902147989720106125e-03
3.899219911545515060e-03
3.924105782061815262e-03
3.931425046175718307e-03
3.924105782061815262e-03
3.940207883715629578e-03
3.937279805541038513e-03
3.941671922802925110e-03
3.940207883715629578e-03
3.941671922802925110e-03
3.946064040064811707e-03
3.950455226004123688e-03
3.934353124350309372e-03
3.947527147829532623e-03
3.948991186916828156e-03
3.946064040064811707e-03
3.947527147829532623e-03
3.948991186916828156e-03
3.893364919349551201e-03
3.908003214746713638e-03
3.905076067894697189e-03
3.899219911545515060e-03
3.902147989720106125e-03
3.905076067894697189e-03
3.899219911545515060e-03
3.899219911545515060e-03
3.900683950632810593e-03
3.899219911545515060e-03
3.896292066201567650e-03
3.883118042722344398e-03
3.893364919349551201e-03
3.897756105288863182e-03
3.900683950632810593e-03
3.902147989720106125e-03
3.899219911545515060e-03
