3.962166141718626022e-03
3.995834849774837494e-03
3.988515119999647141e-03
3.984123934060335159e-03
3.988515119999647141e-03
3.989979159086942673e-03
3.994370810687541962e-03
3.992906771600246429e-03
3.991443198174238205e-03
3.992906771600246429e-03
3.998761996626853943e-03
3.984123934060335159e-03
3.992906771600246429e-03
3.997297957539558411e-03
3.992906771600246429e-03
3.994370810687541962e-03
4.011936951428651810e-03
3.975341096520423889e-03
3.976804204285144806e-03
3.975341096520423889e-03
3.975341096520423889e-03
3.981195855885744095e-03
3.979731816798448563e-03
3.982659894973039627e-03
3.982659894973039627e-03
3.982659894973039627e-03
3.982659894973039627e-03
3.985587973147630692e-03
3.963630180805921555e-03
3.976804204285144806e-03
3.992906771600246429e-03
3.981195855885744095e-03
4.019256215542554855e-03
4.001690074801445007e-03
4.000226035714149475e-03
3.992906771600246429e-03
3.985587973147630692e-03
3.988515119999647141e-03
3.994370810687541962e-03
3.995834849774837494e-03
3.994370810687541962e-03
3.997297957539558411e-03
3.995834849774837494e-03
3.994370810687541962e-03
3.997297957539558411e-03
3.979731816798448563e-03
3.992906771600246429e-03
3.991443198174238205e-03
3.972413018345832825e-03
3.981195855885744095e-03
3.982659894973039627e-03
3.982659894973039627e-03
3.981195855885744095e-03
3.966556861996650696e-03
3.975341096520423889e-03
3.978267777711153030e-03
3.979731816798448563e-03
3.978267777711153030e-03
3.978267777711153030e-03
3.979731816798448563e-03
3.981195855885744095e-03
3.987051080912351608e-03
3.975341096520423889e-03
3.984123934060335159e-03
4.004618152976036072e-03
3.998761996626853943e-03
3.994370810687541962e-03
3.991443198174238205e-03
3.994370810687541962e-03
3.997297957539558411e-03
3.981195855885744095e-03
3.991443198174238205e-03
3.998761996626853943e-03
3.997297957539558411e-03
3.994370810687541962e-03
3.994370810687541962e-03
3.991443198174238205e-03
3.995834849774837494e-03
3.976804204285144806e-03
3.991443198174238205e-03
3.979731816798448563e-03
3.981195855885744095e-03
3.979731816798448563e-03
3.979731816798448563e-03
3.979731816798448563e-03
3.982659894973039627e-03
3.981195855885744095e-03
3.969484940171241760e-03
3.970948979258537292e-03
3.979731816798448563e-03
3.979731816798448563e-03
3.981195855885744095e-03
3.982659894973039627e-03
3.982659894973039627e-03
3.979731816798448563e-03
3.962166141718626022e-03
4.044142086058855057e-03
