3.839201992377638817e-03
3.877261886373162270e-03
3.890437074005603790e-03
3.909466788172721863e-03
3.924105782061815262e-03
3.929961007088422775e-03
3.944600000977516174e-03
3.944600000977516174e-03
3.944600000977516174e-03
3.943135961890220642e-03
3.944600000977516174e-03
3.944600000977516174e-03
3.944600000977516174e-03
3.947527147829532623e-03
3.929961007088422775e-03
3.944600000977516174e-03
3.899219911545515060e-03
3.875798080116510391e-03
3.874334972351789474e-03
3.871406894177198410e-03
3.869943087920546532e-03
3.867015009745955467e-03
3.867015009745955467e-03
3.858231939375400543e-03
3.872870933264493942e-03
3.872870933264493942e-03
3.868479048833250999e-03
3.865550970658659935e-03
3.869943087920546532e-03
3.864088095724582672e-03
3.867015009745955467e-03
3.867015009745955467e-03
3.899219911545515060e-03
3.924105782061815262e-03
3.929961007088422775e-03
3.943135961890220642e-03
3.943135961890220642e-03
3.943135961890220642e-03
3.944600000977516174e-03
3.946064040064811707e-03
3.934353124350309372e-03
3.944600000977516174e-03
3.944600000977516174e-03
3.947527147829532623e-03
3.947527147829532623e-03
3.948991186916828156e-03
3.947527147829532623e-03
3.944600000977516174e-03
3.890437074005603790e-03
3.865550970658659935e-03
3.868479048833250999e-03
3.868479048833250999e-03
3.867015009745955467e-03
3.872870933264493942e-03
3.871406894177198410e-03
3.871406894177198410e-03
3.867015009745955467e-03
3.864088095724582672e-03
3.859695978462696075e-03
3.864088095724582672e-03
3.865550970658659935e-03
3.865550970658659935e-03
3.865550970658659935e-03
3.862624056637287140e-03
3.906539175659418106e-03
3.925569821149110794e-03
3.921178169548511505e-03
3.940207883715629578e-03
3.940207883715629578e-03
3.940207883715629578e-03
3.943135961890220642e-03
3.943135961890220642e-03
3.944600000977516174e-03
3.948991186916828156e-03
3.948991186916828156e-03
3.935817163437604904e-03
3.944600000977516174e-03
3.944600000977516174e-03
3.941671922802925110e-03
3.944600000977516174e-03
3.886044956743717194e-03
3.877261886373162270e-03
3.874334972351789474e-03
3.868479048833250999e-03
3.868479048833250999e-03
3.867015009745955467e-03
3.865550970658659935e-03
3.864088095724582672e-03
3.865550970658659935e-03
3.865550970658659935e-03
3.861160017549991608e-03
3.864088095724582672e-03
3.867015009745955467e-03
3.865550970658659935e-03
3.868479048833250999e-03
3.864088095724582672e-03
3.799678059294819832e-03
