3.862624056637287140e-03
3.884582081809639931e-03
3.900683950632810593e-03
3.915322944521903992e-03
3.927032928913831711e-03
3.925569821149110794e-03
3.938743844628334045e-03
3.947527147829532623e-03
3.941671922802925110e-03
3.947527147829532623e-03
3.947527147829532623e-03
3.943135961890220642e-03
3.944600000977516174e-03
3.947527147829532623e-03
3.934353124350309372e-03
3.950455226004123688e-03
3.886044956743717194e-03
3.874334972351789474e-03
3.869943087920546532e-03
3.874334972351789474e-03
3.871406894177198410e-03
3.871406894177198410e-03
3.865550970658659935e-03
3.862624056637287140e-03
3.862624056637287140e-03
3.867015009745955467e-03
3.867015009745955467e-03
3.868479048833250999e-03
3.869943087920546532e-03
3.865550970658659935e-03
3.861160017549991608e-03
3.858231939375400543e-03
3.909466788172721863e-03
3.925569821149110794e-03
3.934353124350309372e-03
3.934353124350309372e-03
3.940207883715629578e-03
3.944600000977516174e-03
3.946064040064811707e-03
3.947527147829532623e-03
3.940207883715629578e-03
3.943135961890220642e-03
3.946064040064811707e-03
3.944600000977516174e-03
3.944600000977516174e-03
3.946064040064811707e-03
3.943135961890220642e-03
3.944600000977516174e-03
3.884582081809639931e-03
3.864088095724582672e-03
3.869943087920546532e-03
3.869943087920546532e-03
3.868479048833250999e-03
3.867015009745955467e-03
3.869943087920546532e-03
3.869943087920546532e-03
3.869943087920546532e-03
3.856767900288105011e-03
3.861160017549991608e-03
3.862624056637287140e-03
3.867015009745955467e-03
3.864088095724582672e-03
3.868479048833250999e-03
3.886044956743717194e-03
3.913858905434608459e-03
3.924105782061815262e-03
3.925569821149110794e-03
3.934353124350309372e-03
3.943135961890220642e-03
3.941671922802925110e-03
3.943135961890220642e-03
3.944600000977516174e-03
3.947527147829532623e-03
3.946064040064811707e-03
3.951918799430131912e-03
3.938743844628334045e-03
3.941671922802925110e-03
3.944600000977516174e-03
3.950455226004123688e-03
3.897756105288863182e-03
3.874334972351789474e-03
3.871406894177198410e-03
3.869943087920546532e-03
3.869943087920546532e-03
3.862624056637287140e-03
3.865550970658659935e-03
3.865550970658659935e-03
3.861160017549991608e-03
3.859695978462696075e-03
3.869943087920546532e-03
3.867015009745955467e-03
3.865550970658659935e-03
3.850912908092141151e-03
3.859695978462696075e-03
3.868479048833250999e-03
3.865550970658659935e-03
3.754297969862818718e-03
