4.140756092965602875e-03
4.130509216338396072e-03
4.126118030399084091e-03
4.120261874049901962e-03
4.130509216338396072e-03
4.133436828851699829e-03
4.131972789764404297e-03
4.131972789764404297e-03
4.137828946113586426e-03
4.131972789764404297e-03
4.134900867938995361e-03
4.110014997422695160e-03
4.129046108573675156e-03
4.134900867938995361e-03
4.136364907026290894e-03
4.133436828851699829e-03
4.115871153771877289e-03
4.114407114684581757e-03
4.114407114684581757e-03
4.110014997422695160e-03
4.099768120795488358e-03
4.115871153771877289e-03
4.114407114684581757e-03
4.112943075597286224e-03
4.114407114684581757e-03
4.114407114684581757e-03
4.114407114684581757e-03
4.115871153771877289e-03
4.105623811483383179e-03
4.108551889657974243e-03
4.114407114684581757e-03
4.110014997422695160e-03
4.139292985200881958e-03
4.136364907026290894e-03
4.131972789764404297e-03
4.134900867938995361e-03
4.131972789764404297e-03
4.130509216338396072e-03
4.133436828851699829e-03
4.131972789764404297e-03
4.133436828851699829e-03
4.130509216338396072e-03
4.133436828851699829e-03
4.129046108573675156e-03
4.131972789764404297e-03
4.139292985200881958e-03
4.120261874049901962e-03
4.130509216338396072e-03
4.110014997422695160e-03
4.111479036509990692e-03
4.111479036509990692e-03
4.112943075597286224e-03
4.112943075597286224e-03
4.112943075597286224e-03
4.089520778506994247e-03
4.108551889657974243e-03
4.112943075597286224e-03
4.115871153771877289e-03
4.111479036509990692e-03
4.112943075597286224e-03
4.108551889657974243e-03
4.107087850570678711e-03
4.104159772396087646e-03
4.108551889657974243e-03
4.136364907026290894e-03
4.131972789764404297e-03
4.133436828851699829e-03
4.134900867938995361e-03
4.139292985200881958e-03
4.130509216338396072e-03
4.134900867938995361e-03
4.110014997422695160e-03
4.127582069486379623e-03
4.136364907026290894e-03
4.134900867938995361e-03
4.134900867938995361e-03
4.133436828851699829e-03
4.133436828851699829e-03
4.136364907026290894e-03
4.136364907026290894e-03
4.104159772396087646e-03
4.108551889657974243e-03
4.111479036509990692e-03
4.108551889657974243e-03
4.111479036509990692e-03
4.112943075597286224e-03
4.115871153771877289e-03
4.114407114684581757e-03
4.115871153771877289e-03
4.107087850570678711e-03
4.110014997422695160e-03
4.110014997422695160e-03
4.111479036509990692e-03
4.112943075597286224e-03
4.110014997422695160e-03
4.112943075597286224e-03
4.061708226799964905e-03
