3.875798080116510391e-03
3.886044956743717194e-03
3.900683950632810593e-03
3.900683950632810593e-03
3.929961007088422775e-03
3.935817163437604904e-03
3.944600000977516174e-03
3.947527147829532623e-03
3.946064040064811707e-03
3.946064040064811707e-03
3.946064040064811707e-03
3.947527147829532623e-03
3.935817163437604904e-03
3.944600000977516174e-03
3.943135961890220642e-03
3.947527147829532623e-03
3.887508995831012726e-03
3.877261886373162270e-03
3.872870933264493942e-03
3.872870933264493942e-03
3.872870933264493942e-03
3.861160017549991608e-03
3.865550970658659935e-03
3.861160017549991608e-03
3.867015009745955467e-03
3.868479048833250999e-03
3.869943087920546532e-03
3.869943087920546532e-03
3.867015009745955467e-03
3.865550970658659935e-03
3.858231939375400543e-03
3.862624056637287140e-03
3.905076067894697189e-03
3.922642208635807037e-03
3.937279805541038513e-03
3.941671922802925110e-03
3.946064040064811707e-03
3.943135961890220642e-03
3.934353124350309372e-03
3.940207883715629578e-03
3.943135961890220642e-03
3.947527147829532623e-03
3.944600000977516174e-03
3.947527147829532623e-03
3.948991186916828156e-03
3.948991186916828156e-03
3.947527147829532623e-03
3.924105782061815262e-03
3.878725925460457802e-03
3.872870933264493942e-03
3.871406894177198410e-03
3.869943087920546532e-03
3.868479048833250999e-03
3.869943087920546532e-03
3.867015009745955467e-03
3.869943087920546532e-03
3.862624056637287140e-03
3.864088095724582672e-03
3.862624056637287140e-03
3.862624056637287140e-03
3.865550970658659935e-03
3.865550970658659935e-03
3.865550970658659935e-03
3.881654003635048866e-03
3.899219911545515060e-03
3.922642208635807037e-03
3.927032928913831711e-03
3.940207883715629578e-03
3.940207883715629578e-03
3.941671922802925110e-03
3.943135961890220642e-03
3.940207883715629578e-03
3.950455226004123688e-03
3.934353124350309372e-03
3.944600000977516174e-03
3.946064040064811707e-03
3.946064040064811707e-03
3.946064040064811707e-03
3.947527147829532623e-03
3.890437074005603790e-03
3.877261886373162270e-03
3.877261886373162270e-03
3.869943087920546532e-03
3.869943087920546532e-03
3.871406894177198410e-03
3.871406894177198410e-03
3.867015009745955467e-03
3.867015009745955467e-03
3.868479048833250999e-03
3.865550970658659935e-03
3.865550970658659935e-03
3.864088095724582672e-03
3.861160017549991608e-03
3.865550970658659935e-03
3.862624056637287140e-03
3.865550970658659935e-03
3.749907016754150391e-03
