3.845056984573602676e-03
3.877261886373162270e-03
3.887508995831012726e-03
3.906539175659418106e-03
3.913858905434608459e-03
3.935817163437604904e-03
3.940207883715629578e-03
3.940207883715629578e-03
3.944600000977516174e-03
3.944600000977516174e-03
3.943135961890220642e-03
3.944600000977516174e-03
3.948991186916828156e-03
3.941671922802925110e-03
3.943135961890220642e-03
3.944600000977516174e-03
3.938743844628334045e-03
3.878725925460457802e-03
3.872870933264493942e-03
3.869943087920546532e-03
3.874334972351789474e-03
3.861160017549991608e-03
3.864088095724582672e-03
3.865550970658659935e-03
3.869943087920546532e-03
3.868479048833250999e-03
3.867015009745955467e-03
3.868479048833250999e-03
3.865550970658659935e-03
3.864088095724582672e-03
3.862624056637287140e-03
3.869943087920546532e-03
3.890437074005603790e-03
3.918250091373920441e-03
3.924105782061815262e-03
3.937279805541038513e-03
3.937279805541038513e-03
3.948991186916828156e-03
3.948991186916828156e-03
3.941671922802925110e-03
3.943135961890220642e-03
3.944600000977516174e-03
3.946064040064811707e-03
3.948991186916828156e-03
3.951918799430131912e-03
3.947527147829532623e-03
3.947527147829532623e-03
3.946064040064811707e-03
3.887508995831012726e-03
3.878725925460457802e-03
3.872870933264493942e-03
3.875798080116510391e-03
3.869943087920546532e-03
3.869943087920546532e-03
3.864088095724582672e-03
3.865550970658659935e-03
3.847985062748193741e-03
3.868479048833250999e-03
3.867015009745955467e-03
3.867015009745955467e-03
3.865550970658659935e-03
3.862624056637287140e-03
3.862624056637287140e-03
3.859695978462696075e-03
3.897756105288863182e-03
3.912394866347312927e-03
3.929961007088422775e-03
3.938743844628334045e-03
3.937279805541038513e-03
3.941671922802925110e-03
3.943135961890220642e-03
3.943135961890220642e-03
3.946064040064811707e-03
3.947527147829532623e-03
3.940207883715629578e-03
3.946064040064811707e-03
3.947527147829532623e-03
3.944600000977516174e-03
3.948991186916828156e-03
3.944600000977516174e-03
3.888973034918308258e-03
3.872870933264493942e-03
3.853840986266732216e-03
3.874334972351789474e-03
3.868479048833250999e-03
3.868479048833250999e-03
3.868479048833250999e-03
3.868479048833250999e-03
3.862624056637287140e-03
3.867015009745955467e-03
3.867015009745955467e-03
3.853840986266732216e-03
3.865550970658659935e-03
3.861160017549991608e-03
3.864088095724582672e-03
3.868479048833250999e-03
4.004618152976036072e-03
