3.871406894177198410e-03
3.880189964547753334e-03
3.902147989720106125e-03
3.922642208635807037e-03
3.937279805541038513e-03
3.937279805541038513e-03
3.934353124350309372e-03
3.940207883715629578e-03
3.940207883715629578e-03
3.944600000977516174e-03
3.943135961890220642e-03
3.944600000977516174e-03
3.953382838517427444e-03
3.948991186916828156e-03
3.944600000977516174e-03
3.940207883715629578e-03
3.886044956743717194e-03
3.874334972351789474e-03
3.869943087920546532e-03
3.871406894177198410e-03
3.865550970658659935e-03
3.871406894177198410e-03
3.871406894177198410e-03
3.867015009745955467e-03
3.867015009745955467e-03
3.867015009745955467e-03
3.867015009745955467e-03
3.862624056637287140e-03
3.865550970658659935e-03
3.864088095724582672e-03
3.864088095724582672e-03
3.864088095724582672e-03
3.891901113092899323e-03
3.929961007088422775e-03
3.937279805541038513e-03
3.938743844628334045e-03
3.940207883715629578e-03
3.944600000977516174e-03
3.944600000977516174e-03
3.946064040064811707e-03
3.947527147829532623e-03
3.940207883715629578e-03
3.940207883715629578e-03
3.951918799430131912e-03
3.946064040064811707e-03
3.947527147829532623e-03
3.946064040064811707e-03
3.944600000977516174e-03
3.881654003635048866e-03
3.856767900288105011e-03
3.867015009745955467e-03
3.867015009745955467e-03
3.865550970658659935e-03
3.868479048833250999e-03
3.868479048833250999e-03
3.864088095724582672e-03
3.865550970658659935e-03
3.867015009745955467e-03
3.853840986266732216e-03
3.864088095724582672e-03
3.858231939375400543e-03
3.861160017549991608e-03
3.865550970658659935e-03
3.897756105288863182e-03
3.912394866347312927e-03
3.924105782061815262e-03
3.934353124350309372e-03
3.935817163437604904e-03
3.938743844628334045e-03
3.940207883715629578e-03
3.940207883715629578e-03
3.946064040064811707e-03
3.947527147829532623e-03
3.941671922802925110e-03
3.940207883715629578e-03
3.935817163437604904e-03
3.941671922802925110e-03
3.940207883715629578e-03
3.948991186916828156e-03
3.913858905434608459e-03
3.881654003635048866e-03
3.871406894177198410e-03
3.869943087920546532e-03
3.869943087920546532e-03
3.850912908092141151e-03
3.864088095724582672e-03
3.858231939375400543e-03
3.865550970658659935e-03
3.864088095724582672e-03
3.871406894177198410e-03
3.869943087920546532e-03
3.865550970658659935e-03
3.865550970658659935e-03
3.856767900288105011e-03
3.859695978462696075e-03
3.862624056637287140e-03
3.764545079320669174e-03
