3.847985062748193741e-03
4.013400990515947342e-03
4.007544834166765213e-03
4.000226035714149475e-03
4.001690074801445007e-03
4.001690074801445007e-03
4.006082192063331604e-03
4.014865029603242874e-03
4.010472912341356277e-03
4.011936951428651810e-03
4.011936951428651810e-03
4.016329068690538406e-03
4.013400990515947342e-03
4.011936951428651810e-03
4.017792176455259323e-03
4.013400990515947342e-03
4.000226035714149475e-03
3.918250091373920441e-03
3.859695978462696075e-03
3.828955115750432014e-03
3.827491076663136482e-03
3.877261886373162270e-03
3.982659894973039627e-03
4.019256215542554855e-03
4.025111906230449677e-03
4.026575945317745209e-03
4.017792176455259323e-03
4.023647867143154144e-03
4.022183828055858612e-03
4.028039053082466125e-03
4.030967131257057190e-03
4.032431170344352722e-03
4.051460884511470795e-03
4.035358782857656479e-03
4.007544834166765213e-03
4.013400990515947342e-03
4.026575945317745209e-03
4.028039053082466125e-03
4.022183828055858612e-03
4.022183828055858612e-03
4.023647867143154144e-03
4.022183828055858612e-03
4.022183828055858612e-03
4.007544834166765213e-03
4.026575945317745209e-03
4.025111906230449677e-03
4.020719788968563080e-03
4.020719788968563080e-03
3.970948979258537292e-03
3.899219911545515060e-03
3.853840986266732216e-03
3.853840986266732216e-03
3.988515119999647141e-03
4.028039053082466125e-03
4.029503092169761658e-03
4.032431170344352722e-03
4.033895209431648254e-03
4.025111906230449677e-03
4.030967131257057190e-03
4.029503092169761658e-03
4.025111906230449677e-03
4.032431170344352722e-03
4.033895209431648254e-03
4.033895209431648254e-03
4.041214007884263992e-03
4.029503092169761658e-03
4.035358782857656479e-03
4.028039053082466125e-03
4.025111906230449677e-03
4.016329068690538406e-03
4.020719788968563080e-03
4.019256215542554855e-03
4.020719788968563080e-03
4.016329068690538406e-03
4.017792176455259323e-03
4.022183828055858612e-03
4.026575945317745209e-03
4.019256215542554855e-03
4.006082192063331604e-03
4.017792176455259323e-03
3.960702102631330490e-03
3.897756105288863182e-03
3.883118042722344398e-03
4.017792176455259323e-03
4.029503092169761658e-03
4.035358782857656479e-03
4.011936951428651810e-03
4.028039053082466125e-03
4.032431170344352722e-03
4.038285929709672928e-03
4.042678046971559525e-03
4.042678046971559525e-03
4.039749968796968460e-03
4.035358782857656479e-03
4.032431170344352722e-03
4.025111906230449677e-03
4.105623811483383179e-03
