4.003154113888740540e-03
3.981195855885744095e-03
3.960702102631330490e-03
3.963630180805921555e-03
3.966556861996650696e-03
3.953382838517427444e-03
3.988515119999647141e-03
3.991443198174238205e-03
3.997297957539558411e-03
3.998761996626853943e-03
4.003154113888740540e-03
4.004618152976036072e-03
4.010472912341356277e-03
4.013400990515947342e-03
3.998761996626853943e-03
4.011936951428651810e-03
3.934353124350309372e-03
3.869943087920546532e-03
3.833347000181674957e-03
3.823099890723824501e-03
3.834810107946395874e-03
3.900683950632810593e-03
3.988515119999647141e-03
4.010472912341356277e-03
4.017792176455259323e-03
4.023647867143154144e-03
4.022183828055858612e-03
4.022183828055858612e-03
4.022183828055858612e-03
4.025111906230449677e-03
4.022183828055858612e-03
4.009008873254060745e-03
4.028039053082466125e-03
4.030967131257057190e-03
4.025111906230449677e-03
4.023647867143154144e-03
4.025111906230449677e-03
4.020719788968563080e-03
4.019256215542554855e-03
4.019256215542554855e-03
4.010472912341356277e-03
4.028039053082466125e-03
4.023647867143154144e-03
4.023647867143154144e-03
4.023647867143154144e-03
4.022183828055858612e-03
4.022183828055858612e-03
3.970948979258537292e-03
3.908003214746713638e-03
3.845056984573602676e-03
3.833347000181674957e-03
3.918250091373920441e-03
4.019256215542554855e-03
4.030967131257057190e-03
4.033895209431648254e-03
4.032431170344352722e-03
4.030967131257057190e-03
4.017792176455259323e-03
4.029503092169761658e-03
4.029503092169761658e-03
4.029503092169761658e-03
4.028039053082466125e-03
4.026575945317745209e-03
4.044142086058855057e-03
4.039749968796968460e-03
4.029503092169761658e-03
4.014865029603242874e-03
4.022183828055858612e-03
4.020719788968563080e-03
4.017792176455259323e-03
4.017792176455259323e-03
4.017792176455259323e-03
4.025111906230449677e-03
4.025111906230449677e-03
4.007544834166765213e-03
4.020719788968563080e-03
4.017792176455259323e-03
4.019256215542554855e-03
4.019256215542554855e-03
3.968020901083946228e-03
3.900683950632810593e-03
3.858231939375400543e-03
3.966556861996650696e-03
4.028039053082466125e-03
4.033895209431648254e-03
4.029503092169761658e-03
4.035358782857656479e-03
4.038285929709672928e-03
4.033895209431648254e-03
4.035358782857656479e-03
4.032431170344352722e-03
4.030967131257057190e-03
4.039749968796968460e-03
4.035358782857656479e-03
4.038285929709672928e-03
4.151002969592809677e-03
