3.997297957539558411e-03
4.009008873254060745e-03
4.010472912341356277e-03
4.006082192063331604e-03
4.006082192063331604e-03
4.010472912341356277e-03
4.010472912341356277e-03
4.011936951428651810e-03
4.006082192063331604e-03
4.011936951428651810e-03
4.013400990515947342e-03
4.011936951428651810e-03
4.020719788968563080e-03
4.017792176455259323e-03
4.019256215542554855e-03
4.017792176455259323e-03
4.036822821944952011e-03
3.931425046175718307e-03
3.877261886373162270e-03
3.837737953290343285e-03
3.828955115750432014e-03
3.877261886373162270e-03
3.976804204285144806e-03
4.023647867143154144e-03
4.023647867143154144e-03
4.017792176455259323e-03
4.023647867143154144e-03
4.023647867143154144e-03
4.025111906230449677e-03
4.025111906230449677e-03
4.022183828055858612e-03
4.030967131257057190e-03
4.058780148625373840e-03
4.026575945317745209e-03
4.023647867143154144e-03
4.023647867143154144e-03
4.020719788968563080e-03
4.019256215542554855e-03
4.016329068690538406e-03
4.019256215542554855e-03
4.016329068690538406e-03
4.016329068690538406e-03
4.016329068690538406e-03
4.020719788968563080e-03
4.022183828055858612e-03
4.019256215542554855e-03
4.017792176455259323e-03
4.020719788968563080e-03
3.976804204285144806e-03
3.899219911545515060e-03
3.853840986266732216e-03
3.850912908092141151e-03
3.976804204285144806e-03
4.028039053082466125e-03
4.029503092169761658e-03
4.033895209431648254e-03
4.032431170344352722e-03
4.032431170344352722e-03
4.029503092169761658e-03
4.030967131257057190e-03
4.026575945317745209e-03
4.032431170344352722e-03
4.035358782857656479e-03
4.032431170344352722e-03
4.047070164233446121e-03
4.039749968796968460e-03
4.023647867143154144e-03
4.023647867143154144e-03
4.009008873254060745e-03
4.016329068690538406e-03
4.022183828055858612e-03
4.026575945317745209e-03
4.025111906230449677e-03
4.022183828055858612e-03
4.022183828055858612e-03
4.022183828055858612e-03
4.022183828055858612e-03
4.003154113888740540e-03
4.010472912341356277e-03
4.020719788968563080e-03
3.973877057433128357e-03
3.900683950632810593e-03
3.872870933264493942e-03
4.001690074801445007e-03
4.029503092169761658e-03
4.014865029603242874e-03
4.028039053082466125e-03
4.033895209431648254e-03
4.025111906230449677e-03
4.038285929709672928e-03
4.045606125146150589e-03
4.039749968796968460e-03
4.038285929709672928e-03
4.036822821944952011e-03
4.028039053082466125e-03
4.036822821944952011e-03
4.165641963481903076e-03
