4.010472912341356277e-03
4.014865029603242874e-03
4.010472912341356277e-03
4.016329068690538406e-03
4.016329068690538406e-03
4.016329068690538406e-03
4.016329068690538406e-03
4.001690074801445007e-03
4.013400990515947342e-03
4.016329068690538406e-03
4.013400990515947342e-03
4.011936951428651810e-03
4.014865029603242874e-03
4.022183828055858612e-03
4.016329068690538406e-03
4.020719788968563080e-03
3.944600000977516174e-03
3.890437074005603790e-03
3.842130070552229881e-03
3.830418922007083893e-03
3.881654003635048866e-03
3.997297957539558411e-03
4.022183828055858612e-03
4.028039053082466125e-03
4.010472912341356277e-03
4.023647867143154144e-03
4.029503092169761658e-03
4.029503092169761658e-03
4.026575945317745209e-03
4.028039053082466125e-03
4.025111906230449677e-03
4.020719788968563080e-03
4.041214007884263992e-03
4.014865029603242874e-03
4.022183828055858612e-03
4.032431170344352722e-03
4.023647867143154144e-03
4.022183828055858612e-03
4.016329068690538406e-03
4.026575945317745209e-03
4.017792176455259323e-03
4.019256215542554855e-03
4.011936951428651810e-03
4.019256215542554855e-03
4.020719788968563080e-03
4.022183828055858612e-03
4.023647867143154144e-03
4.000226035714149475e-03
3.932889085263013840e-03
3.880189964547753334e-03
3.855304094031453133e-03
3.975341096520423889e-03
4.026575945317745209e-03
4.032431170344352722e-03
4.033895209431648254e-03
4.033895209431648254e-03
4.032431170344352722e-03
4.032431170344352722e-03
4.029503092169761658e-03
4.013400990515947342e-03
4.028039053082466125e-03
4.028039053082466125e-03
4.028039053082466125e-03
4.049996845424175262e-03
4.033895209431648254e-03
4.029503092169761658e-03
4.022183828055858612e-03
4.028039053082466125e-03
4.016329068690538406e-03
4.014865029603242874e-03
4.011936951428651810e-03
4.016329068690538406e-03
4.016329068690538406e-03
4.020719788968563080e-03
4.022183828055858612e-03
4.022183828055858612e-03
3.994370810687541962e-03
4.016329068690538406e-03
4.017792176455259323e-03
3.969484940171241760e-03
3.906539175659418106e-03
3.865550970658659935e-03
3.997297957539558411e-03
4.032431170344352722e-03
4.035358782857656479e-03
4.029503092169761658e-03
4.029503092169761658e-03
4.036822821944952011e-03
4.038285929709672928e-03
4.035358782857656479e-03
4.030967131257057190e-03
4.035358782857656479e-03
4.038285929709672928e-03
4.041214007884263992e-03
4.029503092169761658e-03
4.041214007884263992e-03
4.001690074801445007e-03
