4.004618152976036072e-03
4.010472912341356277e-03
3.992906771600246429e-03
3.992906771600246429e-03
3.998761996626853943e-03
3.998761996626853943e-03
3.998761996626853943e-03
4.006082192063331604e-03
4.010472912341356277e-03
4.010472912341356277e-03
3.994370810687541962e-03
4.006082192063331604e-03
4.011936951428651810e-03
4.011936951428651810e-03
4.019256215542554855e-03
4.017792176455259323e-03
3.946064040064811707e-03
3.884582081809639931e-03
3.845056984573602676e-03
3.818708006292581558e-03
3.845056984573602676e-03
3.924105782061815262e-03
4.009008873254060745e-03
4.023647867143154144e-03
4.025111906230449677e-03
4.022183828055858612e-03
4.020719788968563080e-03
4.017792176455259323e-03
4.025111906230449677e-03
4.026575945317745209e-03
4.026575945317745209e-03
4.022183828055858612e-03
4.030967131257057190e-03
4.032431170344352722e-03
4.025111906230449677e-03
4.026575945317745209e-03
4.019256215542554855e-03
4.019256215542554855e-03
4.020719788968563080e-03
4.022183828055858612e-03
4.020719788968563080e-03
4.019256215542554855e-03
4.017792176455259323e-03
4.011936951428651810e-03
4.022183828055858612e-03
4.010472912341356277e-03
4.016329068690538406e-03
4.006082192063331604e-03
3.934353124350309372e-03
3.875798080116510391e-03
3.847985062748193741e-03
3.915322944521903992e-03
4.022183828055858612e-03
4.006082192063331604e-03
4.023647867143154144e-03
4.032431170344352722e-03
4.030967131257057190e-03
4.028039053082466125e-03
4.029503092169761658e-03
4.028039053082466125e-03
4.033895209431648254e-03
4.033895209431648254e-03
4.013400990515947342e-03
4.051460884511470795e-03
4.029503092169761658e-03
4.028039053082466125e-03
4.023647867143154144e-03
4.025111906230449677e-03
4.020719788968563080e-03
4.020719788968563080e-03
4.020719788968563080e-03
4.016329068690538406e-03
4.017792176455259323e-03
4.017792176455259323e-03
4.019256215542554855e-03
4.017792176455259323e-03
4.028039053082466125e-03
4.022183828055858612e-03
4.022183828055858612e-03
3.959238063544034958e-03
3.897756105288863182e-03
3.865550970658659935e-03
3.960702102631330490e-03
4.028039053082466125e-03
4.030967131257057190e-03
4.030967131257057190e-03
4.030967131257057190e-03
4.033895209431648254e-03
4.017792176455259323e-03
4.032431170344352722e-03
4.028039053082466125e-03
4.028039053082466125e-03
4.041214007884263992e-03
4.036822821944952011e-03
4.036822821944952011e-03
4.033895209431648254e-03
4.003154113888740540e-03
