4.117335192859172821e-03
4.127582069486379623e-03
4.126118030399084091e-03
4.120261874049901962e-03
4.117335192859172821e-03
4.129046108573675156e-03
4.129046108573675156e-03
4.130509216338396072e-03
4.127582069486379623e-03
4.123189952224493027e-03
4.129046108573675156e-03
4.129046108573675156e-03
4.110014997422695160e-03
4.124653991311788559e-03
4.124653991311788559e-03
4.124653991311788559e-03
4.139292985200881958e-03
4.134900867938995361e-03
4.134900867938995361e-03
4.139292985200881958e-03
4.133436828851699829e-03
4.127582069486379623e-03
4.127582069486379623e-03
4.129046108573675156e-03
4.129046108573675156e-03
4.131972789764404297e-03
4.134900867938995361e-03
4.134900867938995361e-03
4.134900867938995361e-03
4.118799231946468353e-03
4.130509216338396072e-03
4.165641963481903076e-03
4.140756092965602875e-03
4.133436828851699829e-03
4.129046108573675156e-03
4.133436828851699829e-03
4.136364907026290894e-03
4.118799231946468353e-03
4.127582069486379623e-03
4.127582069486379623e-03
4.130509216338396072e-03
4.127582069486379623e-03
4.130509216338396072e-03
4.127582069486379623e-03
4.127582069486379623e-03
4.124653991311788559e-03
4.111479036509990692e-03
4.123189952224493027e-03
4.129046108573675156e-03
4.130509216338396072e-03
4.130509216338396072e-03
4.129046108573675156e-03
4.130509216338396072e-03
4.126118030399084091e-03
4.126118030399084091e-03
4.121725913137197495e-03
4.129046108573675156e-03
4.133436828851699829e-03
4.127582069486379623e-03
4.127582069486379623e-03
4.129046108573675156e-03
4.130509216338396072e-03
4.129046108573675156e-03
4.136364907026290894e-03
4.133436828851699829e-03
4.130509216338396072e-03
4.133436828851699829e-03
4.131972789764404297e-03
4.130509216338396072e-03
4.127582069486379623e-03
4.127582069486379623e-03
4.108551889657974243e-03
4.123189952224493027e-03
4.121725913137197495e-03
4.118799231946468353e-03
4.120261874049901962e-03
4.124653991311788559e-03
4.133436828851699829e-03
4.126118030399084091e-03
4.123189952224493027e-03
4.104159772396087646e-03
4.121725913137197495e-03
4.121725913137197495e-03
4.124653991311788559e-03
4.127582069486379623e-03
4.130509216338396072e-03
4.127582069486379623e-03
4.127582069486379623e-03
4.107087850570678711e-03
4.121725913137197495e-03
4.124653991311788559e-03
4.124653991311788559e-03
4.121725913137197495e-03
4.123189952224493027e-03
4.131972789764404297e-03
4.127582069486379623e-03
