4.001690074801445007e-03
4.003154113888740540e-03
3.987051080912351608e-03
3.975341096520423889e-03
3.973877057433128357e-03
3.982659894973039627e-03
3.982659894973039627e-03
3.984123934060335159e-03
3.998761996626853943e-03
3.995834849774837494e-03
4.001690074801445007e-03
4.010472912341356277e-03
4.009008873254060745e-03
4.010472912341356277e-03
4.011936951428651810e-03
4.011936951428651810e-03
4.011936951428651810e-03
3.928496968001127243e-03
3.872870933264493942e-03
3.839201992377638817e-03
3.827491076663136482e-03
3.845056984573602676e-03
3.913858905434608459e-03
3.995834849774837494e-03
4.007544834166765213e-03
4.020719788968563080e-03
4.020719788968563080e-03
4.032431170344352722e-03
4.023647867143154144e-03
4.023647867143154144e-03
4.029503092169761658e-03
4.026575945317745209e-03
4.054388962686061859e-03
4.022183828055858612e-03
4.023647867143154144e-03
4.020719788968563080e-03
4.019256215542554855e-03
4.020719788968563080e-03
4.023647867143154144e-03
4.022183828055858612e-03
4.025111906230449677e-03
4.017792176455259323e-03
4.016329068690538406e-03
4.017792176455259323e-03
4.019256215542554855e-03
4.013400990515947342e-03
4.019256215542554855e-03
4.023647867143154144e-03
3.985587973147630692e-03
3.908003214746713638e-03
3.846521023660898209e-03
3.839201992377638817e-03
3.935817163437604904e-03
4.023647867143154144e-03
4.029503092169761658e-03
4.025111906230449677e-03
4.029503092169761658e-03
4.033895209431648254e-03
4.013400990515947342e-03
4.026575945317745209e-03
4.029503092169761658e-03
4.029503092169761658e-03
4.030967131257057190e-03
4.029503092169761658e-03
4.044142086058855057e-03
4.028039053082466125e-03
4.030967131257057190e-03
4.013400990515947342e-03
4.023647867143154144e-03
4.022183828055858612e-03
4.017792176455259323e-03
4.020719788968563080e-03
4.019256215542554855e-03
4.019256215542554855e-03
4.022183828055858612e-03
4.023647867143154144e-03
4.016329068690538406e-03
4.022183828055858612e-03
4.022183828055858612e-03
4.020719788968563080e-03
3.968020901083946228e-03
3.897756105288863182e-03
3.868479048833250999e-03
3.984123934060335159e-03
4.028039053082466125e-03
4.023647867143154144e-03
4.030967131257057190e-03
4.035358782857656479e-03
4.033895209431648254e-03
4.032431170344352722e-03
4.032431170344352722e-03
4.035358782857656479e-03
4.038285929709672928e-03
4.038285929709672928e-03
4.039749968796968460e-03
4.041214007884263992e-03
4.009008873254060745e-03
