4.019256215542554855e-03
4.003154113888740540e-03
3.982659894973039627e-03
3.976804204285144806e-03
3.981195855885744095e-03
3.985587973147630692e-03
3.988515119999647141e-03
4.001690074801445007e-03
4.001690074801445007e-03
4.001690074801445007e-03
4.006082192063331604e-03
4.011936951428651810e-03
4.010472912341356277e-03
4.013400990515947342e-03
4.013400990515947342e-03
4.003154113888740540e-03
3.959238063544034958e-03
3.891901113092899323e-03
3.845056984573602676e-03
3.824562998488545418e-03
3.826027037575840950e-03
3.877261886373162270e-03
3.965094219893217087e-03
3.992906771600246429e-03
4.019256215542554855e-03
4.019256215542554855e-03
4.019256215542554855e-03
4.026575945317745209e-03
4.023647867143154144e-03
4.022183828055858612e-03
4.023647867143154144e-03
4.025111906230449677e-03
4.022183828055858612e-03
4.029503092169761658e-03
4.025111906230449677e-03
4.030967131257057190e-03
4.019256215542554855e-03
4.020719788968563080e-03
4.017792176455259323e-03
4.017792176455259323e-03
4.026575945317745209e-03
4.011936951428651810e-03
4.017792176455259323e-03
4.020719788968563080e-03
4.020719788968563080e-03
4.017792176455259323e-03
4.017792176455259323e-03
4.022183828055858612e-03
3.959238063544034958e-03
3.887508995831012726e-03
3.846521023660898209e-03
3.868479048833250999e-03
4.003154113888740540e-03
4.029503092169761658e-03
4.033895209431648254e-03
4.033895209431648254e-03
4.030967131257057190e-03
4.028039053082466125e-03
4.020719788968563080e-03
4.028039053082466125e-03
4.025111906230449677e-03
4.032431170344352722e-03
4.033895209431648254e-03
4.030967131257057190e-03
4.036822821944952011e-03
4.029503092169761658e-03
4.022183828055858612e-03
4.032431170344352722e-03
4.026575945317745209e-03
4.023647867143154144e-03
4.023647867143154144e-03
4.020719788968563080e-03
4.022183828055858612e-03
4.017792176455259323e-03
4.017792176455259323e-03
4.007544834166765213e-03
4.019256215542554855e-03
4.023647867143154144e-03
4.017792176455259323e-03
4.041214007884263992e-03
3.943135961890220642e-03
3.884582081809639931e-03
3.906539175659418106e-03
4.028039053082466125e-03
4.019256215542554855e-03
4.029503092169761658e-03
4.030967131257057190e-03
4.035358782857656479e-03
4.032431170344352722e-03
4.029503092169761658e-03
4.035358782857656479e-03
4.038285929709672928e-03
4.036822821944952011e-03
4.028039053082466125e-03
4.035358782857656479e-03
4.033895209431648254e-03
4.014865029603242874e-03
