4.009008873254060745e-03
4.011936951428651810e-03
3.992906771600246429e-03
3.998761996626853943e-03
4.003154113888740540e-03
4.004618152976036072e-03
4.006082192063331604e-03
3.994370810687541962e-03
4.009008873254060745e-03
4.010472912341356277e-03
4.014865029603242874e-03
4.013400990515947342e-03
4.014865029603242874e-03
4.011936951428651810e-03
4.019256215542554855e-03
4.013400990515947342e-03
3.953382838517427444e-03
3.891901113092899323e-03
3.846521023660898209e-03
3.826027037575840950e-03
3.842130070552229881e-03
3.919714130461215973e-03
4.009008873254060745e-03
4.020719788968563080e-03
4.014865029603242874e-03
4.017792176455259323e-03
4.022183828055858612e-03
4.028039053082466125e-03
4.032431170344352722e-03
4.028039053082466125e-03
4.026575945317745209e-03
4.023647867143154144e-03
4.035358782857656479e-03
4.017792176455259323e-03
4.023647867143154144e-03
4.029503092169761658e-03
4.020719788968563080e-03
4.023647867143154144e-03
4.019256215542554855e-03
4.023647867143154144e-03
4.026575945317745209e-03
4.004618152976036072e-03
4.017792176455259323e-03
4.016329068690538406e-03
4.022183828055858612e-03
4.023647867143154144e-03
4.028039053082466125e-03
4.022183828055858612e-03
3.953382838517427444e-03
3.890437074005603790e-03
3.840666031464934349e-03
3.900683950632810593e-03
4.017792176455259323e-03
4.025111906230449677e-03
4.035358782857656479e-03
4.033895209431648254e-03
4.036822821944952011e-03
4.032431170344352722e-03
4.032431170344352722e-03
4.026575945317745209e-03
4.032431170344352722e-03
4.032431170344352722e-03
4.030967131257057190e-03
4.073419142514467239e-03
4.042678046971559525e-03
4.033895209431648254e-03
4.029503092169761658e-03
4.010472912341356277e-03
4.017792176455259323e-03
4.011936951428651810e-03
4.019256215542554855e-03
4.016329068690538406e-03
4.020719788968563080e-03
4.020719788968563080e-03
4.023647867143154144e-03
4.026575945317745209e-03
4.011936951428651810e-03
4.020719788968563080e-03
4.020719788968563080e-03
3.997297957539558411e-03
3.916786052286624908e-03
3.869943087920546532e-03
3.934353124350309372e-03
4.030967131257057190e-03
4.030967131257057190e-03
4.023647867143154144e-03
4.033895209431648254e-03
4.035358782857656479e-03
4.033895209431648254e-03
4.033895209431648254e-03
4.036822821944952011e-03
4.032431170344352722e-03
4.032431170344352722e-03
4.009008873254060745e-03
4.030967131257057190e-03
4.036822821944952011e-03
4.013400990515947342e-03
