4.007544834166765213e-03
4.026575945317745209e-03
4.000226035714149475e-03
4.014865029603242874e-03
4.016329068690538406e-03
4.016329068690538406e-03
4.011936951428651810e-03
4.014865029603242874e-03
4.019256215542554855e-03
4.013400990515947342e-03
4.016329068690538406e-03
4.006082192063331604e-03
4.016329068690538406e-03
4.019256215542554855e-03
4.020719788968563080e-03
4.019256215542554855e-03
3.970948979258537292e-03
3.905076067894697189e-03
3.850912908092141151e-03
3.827491076663136482e-03
3.836273914203047752e-03
3.934353124350309372e-03
4.020719788968563080e-03
4.025111906230449677e-03
4.030967131257057190e-03
4.026575945317745209e-03
4.026575945317745209e-03
4.029503092169761658e-03
4.001690074801445007e-03
4.023647867143154144e-03
4.032431170344352722e-03
4.033895209431648254e-03
4.044142086058855057e-03
4.033895209431648254e-03
4.026575945317745209e-03
4.022183828055858612e-03
4.022183828055858612e-03
4.011936951428651810e-03
4.017792176455259323e-03
4.026575945317745209e-03
4.020719788968563080e-03
4.020719788968563080e-03
4.019256215542554855e-03
4.022183828055858612e-03
4.025111906230449677e-03
4.016329068690538406e-03
4.010472912341356277e-03
4.017792176455259323e-03
3.970948979258537292e-03
3.900683950632810593e-03
3.855304094031453133e-03
3.878725925460457802e-03
4.016329068690538406e-03
4.029503092169761658e-03
4.011936951428651810e-03
4.026575945317745209e-03
4.030967131257057190e-03
4.030967131257057190e-03
4.038285929709672928e-03
4.038285929709672928e-03
4.036822821944952011e-03
4.035358782857656479e-03
4.038285929709672928e-03
4.020719788968563080e-03
4.038285929709672928e-03
4.029503092169761658e-03
4.025111906230449677e-03
4.022183828055858612e-03
4.022183828055858612e-03
4.028039053082466125e-03
4.025111906230449677e-03
4.004618152976036072e-03
4.020719788968563080e-03
4.020719788968563080e-03
4.019256215542554855e-03
4.019256215542554855e-03
4.016329068690538406e-03
4.022183828055858612e-03
4.022183828055858612e-03
4.026575945317745209e-03
3.944600000977516174e-03
3.893364919349551201e-03
3.909466788172721863e-03
4.023647867143154144e-03
4.030967131257057190e-03
4.033895209431648254e-03
4.036822821944952011e-03
4.038285929709672928e-03
4.038285929709672928e-03
4.028039053082466125e-03
4.036822821944952011e-03
4.035358782857656479e-03
4.036822821944952011e-03
4.035358782857656479e-03
4.033895209431648254e-03
4.041214007884263992e-03
4.076347220689058304e-03
