4.077810794115066528e-03
4.011936951428651810e-03
3.984123934060335159e-03
3.995834849774837494e-03
3.994370810687541962e-03
4.003154113888740540e-03
4.003154113888740540e-03
4.004618152976036072e-03
4.009008873254060745e-03
4.013400990515947342e-03
4.017792176455259323e-03
4.007544834166765213e-03
4.011936951428651810e-03
4.016329068690538406e-03
4.014865029603242874e-03
4.014865029603242874e-03
3.970948979258537292e-03
3.906539175659418106e-03
3.850912908092141151e-03
3.826027037575840950e-03
3.821636084467172623e-03
3.872870933264493942e-03
3.970948979258537292e-03
4.017792176455259323e-03
4.023647867143154144e-03
4.020719788968563080e-03
4.026575945317745209e-03
4.029503092169761658e-03
4.003154113888740540e-03
4.028039053082466125e-03
4.028039053082466125e-03
4.025111906230449677e-03
4.035358782857656479e-03
4.032431170344352722e-03
4.023647867143154144e-03
4.022183828055858612e-03
4.029503092169761658e-03
4.016329068690538406e-03
4.017792176455259323e-03
4.017792176455259323e-03
4.017792176455259323e-03
4.013400990515947342e-03
4.017792176455259323e-03
4.020719788968563080e-03
4.020719788968563080e-03
4.022183828055858612e-03
4.016329068690538406e-03
4.017792176455259323e-03
3.960702102631330490e-03
3.897756105288863182e-03
3.853840986266732216e-03
3.855304094031453133e-03
3.981195855885744095e-03
4.028039053082466125e-03
4.016329068690538406e-03
4.029503092169761658e-03
4.032431170344352722e-03
4.030967131257057190e-03
4.029503092169761658e-03
4.032431170344352722e-03
4.032431170344352722e-03
4.029503092169761658e-03
4.030967131257057190e-03
4.023647867143154144e-03
4.039749968796968460e-03
4.033895209431648254e-03
4.026575945317745209e-03
4.022183828055858612e-03
4.022183828055858612e-03
4.020719788968563080e-03
4.019256215542554855e-03
4.007544834166765213e-03
4.020719788968563080e-03
4.023647867143154144e-03
4.023647867143154144e-03
4.017792176455259323e-03
4.022183828055858612e-03
4.020719788968563080e-03
4.019256215542554855e-03
4.020719788968563080e-03
3.950455226004123688e-03
3.891901113092899323e-03
3.887508995831012726e-03
4.020719788968563080e-03
4.030967131257057190e-03
4.032431170344352722e-03
4.035358782857656479e-03
4.033895209431648254e-03
4.035358782857656479e-03
4.030967131257057190e-03
4.032431170344352722e-03
4.032431170344352722e-03
4.038285929709672928e-03
4.038285929709672928e-03
4.038285929709672928e-03
4.044142086058855057e-03
4.028039053082466125e-03
