4.025111906230449677e-03
4.017792176455259323e-03
3.995834849774837494e-03
4.013400990515947342e-03
4.010472912341356277e-03
4.011936951428651810e-03
4.014865029603242874e-03
4.013400990515947342e-03
4.013400990515947342e-03
4.017792176455259323e-03
4.017792176455259323e-03
4.001690074801445007e-03
4.017792176455259323e-03
4.022183828055858612e-03
4.022183828055858612e-03
4.022183828055858612e-03
3.994370810687541962e-03
3.927032928913831711e-03
3.869943087920546532e-03
3.834810107946395874e-03
3.830418922007083893e-03
3.903612028807401657e-03
4.011936951428651810e-03
4.026575945317745209e-03
4.026575945317745209e-03
4.026575945317745209e-03
4.029503092169761658e-03
4.026575945317745209e-03
4.014865029603242874e-03
4.026575945317745209e-03
4.016329068690538406e-03
4.028039053082466125e-03
4.039749968796968460e-03
4.035358782857656479e-03
4.035358782857656479e-03
4.022183828055858612e-03
4.025111906230449677e-03
4.009008873254060745e-03
4.017792176455259323e-03
4.016329068690538406e-03
4.022183828055858612e-03
4.028039053082466125e-03
4.023647867143154144e-03
4.023647867143154144e-03
4.020719788968563080e-03
4.023647867143154144e-03
4.013400990515947342e-03
4.022183828055858612e-03
3.966556861996650696e-03
3.902147989720106125e-03
3.847985062748193741e-03
3.867015009745955467e-03
4.000226035714149475e-03
4.030967131257057190e-03
4.020719788968563080e-03
4.028039053082466125e-03
4.025111906230449677e-03
4.026575945317745209e-03
4.032431170344352722e-03
4.032431170344352722e-03
4.029503092169761658e-03
4.038285929709672928e-03
4.036822821944952011e-03
4.029503092169761658e-03
4.039749968796968460e-03
4.039749968796968460e-03
4.023647867143154144e-03
4.017792176455259323e-03
4.023647867143154144e-03
4.017792176455259323e-03
4.017792176455259323e-03
4.009008873254060745e-03
4.017792176455259323e-03
4.017792176455259323e-03
4.017792176455259323e-03
4.020719788968563080e-03
4.020719788968563080e-03
4.017792176455259323e-03
4.017792176455259323e-03
4.019256215542554855e-03
3.946064040064811707e-03
3.905076067894697189e-03
3.893364919349551201e-03
4.017792176455259323e-03
4.032431170344352722e-03
4.035358782857656479e-03
4.036822821944952011e-03
4.035358782857656479e-03
4.032431170344352722e-03
4.028039053082466125e-03
4.038285929709672928e-03
4.038285929709672928e-03
4.038285929709672928e-03
4.036822821944952011e-03
4.039749968796968460e-03
4.039749968796968460e-03
4.071955103427171707e-03
