4.000226035714149475e-03
4.010472912341356277e-03
3.976804204285144806e-03
3.998761996626853943e-03
3.994370810687541962e-03
4.000226035714149475e-03
4.001690074801445007e-03
4.000226035714149475e-03
4.011936951428651810e-03
4.013400990515947342e-03
4.013400990515947342e-03
4.001690074801445007e-03
4.011936951428651810e-03
4.011936951428651810e-03
4.013400990515947342e-03
4.014865029603242874e-03
3.963630180805921555e-03
3.893364919349551201e-03
3.853840986266732216e-03
3.831882961094379425e-03
3.823099890723824501e-03
3.900683950632810593e-03
3.991443198174238205e-03
4.023647867143154144e-03
4.020719788968563080e-03
4.025111906230449677e-03
4.022183828055858612e-03
4.022183828055858612e-03
4.025111906230449677e-03
4.017792176455259323e-03
4.028039053082466125e-03
4.029503092169761658e-03
4.038285929709672928e-03
4.033895209431648254e-03
4.023647867143154144e-03
4.030967131257057190e-03
4.022183828055858612e-03
3.997297957539558411e-03
4.022183828055858612e-03
4.022183828055858612e-03
4.022183828055858612e-03
4.020719788968563080e-03
4.022183828055858612e-03
4.019256215542554855e-03
4.017792176455259323e-03
4.020719788968563080e-03
4.003154113888740540e-03
4.025111906230449677e-03
3.962166141718626022e-03
3.893364919349551201e-03
3.852376947179436684e-03
3.880189964547753334e-03
4.016329068690538406e-03
4.032431170344352722e-03
4.029503092169761658e-03
4.022183828055858612e-03
4.030967131257057190e-03
4.036822821944952011e-03
4.032431170344352722e-03
4.035358782857656479e-03
4.032431170344352722e-03
4.030967131257057190e-03
4.036822821944952011e-03
4.010472912341356277e-03
4.032431170344352722e-03
4.028039053082466125e-03
4.020719788968563080e-03
4.025111906230449677e-03
4.020719788968563080e-03
4.028039053082466125e-03
4.023647867143154144e-03
4.022183828055858612e-03
4.013400990515947342e-03
4.020719788968563080e-03
4.017792176455259323e-03
4.016329068690538406e-03
4.017792176455259323e-03
4.017792176455259323e-03
4.032431170344352722e-03
4.014865029603242874e-03
3.944600000977516174e-03
3.878725925460457802e-03
3.915322944521903992e-03
4.023647867143154144e-03
4.029503092169761658e-03
4.035358782857656479e-03
4.029503092169761658e-03
4.030967131257057190e-03
4.038285929709672928e-03
4.028039053082466125e-03
4.038285929709672928e-03
4.033895209431648254e-03
4.036822821944952011e-03
4.033895209431648254e-03
4.038285929709672928e-03
4.039749968796968460e-03
4.007544834166765213e-03
