4.023647867143154144e-03
4.023647867143154144e-03
4.019256215542554855e-03
4.017792176455259323e-03
4.013400990515947342e-03
4.017792176455259323e-03
4.017792176455259323e-03
4.016329068690538406e-03
4.011936951428651810e-03
4.010472912341356277e-03
4.014865029603242874e-03
4.016329068690538406e-03
4.014865029603242874e-03
4.023647867143154144e-03
4.022183828055858612e-03
4.019256215542554855e-03
3.931425046175718307e-03
3.887508995831012726e-03
3.847985062748193741e-03
3.831882961094379425e-03
3.880189964547753334e-03
3.997297957539558411e-03
4.022183828055858612e-03
4.026575945317745209e-03
4.026575945317745209e-03
4.020719788968563080e-03
4.026575945317745209e-03
4.028039053082466125e-03
4.022183828055858612e-03
4.025111906230449677e-03
4.028039053082466125e-03
4.026575945317745209e-03
4.041214007884263992e-03
4.022183828055858612e-03
4.026575945317745209e-03
4.030967131257057190e-03
4.020719788968563080e-03
4.020719788968563080e-03
4.019256215542554855e-03
4.022183828055858612e-03
4.019256215542554855e-03
4.016329068690538406e-03
4.010472912341356277e-03
4.025111906230449677e-03
4.025111906230449677e-03
4.020719788968563080e-03
4.017792176455259323e-03
4.039749968796968460e-03
3.941671922802925110e-03
3.881654003635048866e-03
3.853840986266732216e-03
3.965094219893217087e-03
4.022183828055858612e-03
4.032431170344352722e-03
4.032431170344352722e-03
4.030967131257057190e-03
4.032431170344352722e-03
4.033895209431648254e-03
4.032431170344352722e-03
4.032431170344352722e-03
4.023647867143154144e-03
4.036822821944952011e-03
4.036822821944952011e-03
4.060244187712669373e-03
4.039749968796968460e-03
4.032431170344352722e-03
4.025111906230449677e-03
4.028039053082466125e-03
4.010472912341356277e-03
4.017792176455259323e-03
4.022183828055858612e-03
4.020719788968563080e-03
4.025111906230449677e-03
4.023647867143154144e-03
4.022183828055858612e-03
4.025111906230449677e-03
4.023647867143154144e-03
4.010472912341356277e-03
4.017792176455259323e-03
3.973877057433128357e-03
3.906539175659418106e-03
3.869943087920546532e-03
3.982659894973039627e-03
4.033895209431648254e-03
4.030967131257057190e-03
4.023647867143154144e-03
4.033895209431648254e-03
4.033895209431648254e-03
4.032431170344352722e-03
4.032431170344352722e-03
4.032431170344352722e-03
4.032431170344352722e-03
4.038285929709672928e-03
4.038285929709672928e-03
4.026575945317745209e-03
4.033895209431648254e-03
4.006082192063331604e-03
