4.048532806336879730e-03
4.016329068690538406e-03
4.001690074801445007e-03
3.997297957539558411e-03
4.006082192063331604e-03
4.006082192063331604e-03
4.011936951428651810e-03
4.007544834166765213e-03
4.011936951428651810e-03
4.013400990515947342e-03
4.013400990515947342e-03
4.017792176455259323e-03
4.007544834166765213e-03
4.014865029603242874e-03
4.017792176455259323e-03
4.022183828055858612e-03
3.966556861996650696e-03
3.894828958436846733e-03
3.852376947179436684e-03
3.823099890723824501e-03
3.820172045379877090e-03
3.908003214746713638e-03
4.010472912341356277e-03
4.032431170344352722e-03
4.020719788968563080e-03
4.028039053082466125e-03
4.026575945317745209e-03
4.020719788968563080e-03
4.023647867143154144e-03
4.009008873254060745e-03
4.029503092169761658e-03
4.028039053082466125e-03
4.035358782857656479e-03
4.025111906230449677e-03
4.030967131257057190e-03
4.023647867143154144e-03
4.023647867143154144e-03
4.022183828055858612e-03
4.014865029603242874e-03
4.022183828055858612e-03
4.022183828055858612e-03
4.020719788968563080e-03
4.020719788968563080e-03
4.022183828055858612e-03
4.016329068690538406e-03
4.025111906230449677e-03
4.007544834166765213e-03
4.019256215542554855e-03
3.960702102631330490e-03
3.899219911545515060e-03
3.850912908092141151e-03
3.872870933264493942e-03
4.016329068690538406e-03
4.036822821944952011e-03
4.036822821944952011e-03
4.017792176455259323e-03
4.032431170344352722e-03
4.030967131257057190e-03
4.029503092169761658e-03
4.032431170344352722e-03
4.035358782857656479e-03
4.036822821944952011e-03
4.030967131257057190e-03
4.009008873254060745e-03
4.033895209431648254e-03
4.029503092169761658e-03
4.022183828055858612e-03
4.026575945317745209e-03
4.026575945317745209e-03
4.017792176455259323e-03
4.019256215542554855e-03
4.022183828055858612e-03
4.006082192063331604e-03
4.017792176455259323e-03
4.019256215542554855e-03
4.022183828055858612e-03
4.028039053082466125e-03
4.022183828055858612e-03
4.022183828055858612e-03
4.020719788968563080e-03
3.956309985369443893e-03
3.883118042722344398e-03
3.908003214746713638e-03
4.025111906230449677e-03
4.033895209431648254e-03
4.033895209431648254e-03
4.033895209431648254e-03
4.036822821944952011e-03
4.033895209431648254e-03
4.013400990515947342e-03
4.038285929709672928e-03
4.036822821944952011e-03
4.038285929709672928e-03
4.035358782857656479e-03
4.033895209431648254e-03
4.036822821944952011e-03
4.019256215542554855e-03
