3.987051080912351608e-03
3.965094219893217087e-03
3.950455226004123688e-03
3.946064040064811707e-03
3.950455226004123688e-03
3.965094219893217087e-03
3.976804204285144806e-03
3.975341096520423889e-03
3.979731816798448563e-03
3.987051080912351608e-03
3.994370810687541962e-03
3.997297957539558411e-03
4.001690074801445007e-03
4.000226035714149475e-03
4.007544834166765213e-03
4.010472912341356277e-03
3.928496968001127243e-03
3.867015009745955467e-03
3.831882961094379425e-03
3.821636084467172623e-03
3.831882961094379425e-03
3.887508995831012726e-03
3.969484940171241760e-03
4.013400990515947342e-03
4.022183828055858612e-03
4.017792176455259323e-03
4.019256215542554855e-03
4.022183828055858612e-03
4.014865029603242874e-03
4.023647867143154144e-03
4.022183828055858612e-03
4.017792176455259323e-03
4.030967131257057190e-03
4.019256215542554855e-03
4.022183828055858612e-03
4.029503092169761658e-03
4.016329068690538406e-03
4.028039053082466125e-03
4.026575945317745209e-03
3.998761996626853943e-03
4.020719788968563080e-03
4.020719788968563080e-03
4.020719788968563080e-03
4.016329068690538406e-03
4.022183828055858612e-03
4.020719788968563080e-03
4.023647867143154144e-03
3.973877057433128357e-03
3.891901113092899323e-03
3.849449101835489273e-03
3.831882961094379425e-03
3.906539175659418106e-03
4.026575945317745209e-03
4.038285929709672928e-03
4.026575945317745209e-03
4.035358782857656479e-03
4.014865029603242874e-03
4.029503092169761658e-03
4.032431170344352722e-03
4.030967131257057190e-03
4.029503092169761658e-03
4.036822821944952011e-03
4.026575945317745209e-03
4.039749968796968460e-03
4.039749968796968460e-03
4.016329068690538406e-03
4.025111906230449677e-03
4.023647867143154144e-03
4.019256215542554855e-03
4.016329068690538406e-03
4.020719788968563080e-03
4.028039053082466125e-03
4.025111906230449677e-03
4.025111906230449677e-03
4.010472912341356277e-03
4.017792176455259323e-03
4.019256215542554855e-03
4.023647867143154144e-03
4.025111906230449677e-03
3.969484940171241760e-03
3.899219911545515060e-03
3.858231939375400543e-03
3.947527147829532623e-03
4.019256215542554855e-03
4.033895209431648254e-03
4.033895209431648254e-03
4.035358782857656479e-03
4.033895209431648254e-03
4.032431170344352722e-03
4.033895209431648254e-03
4.038285929709672928e-03
4.026575945317745209e-03
4.038285929709672928e-03
4.035358782857656479e-03
4.038285929709672928e-03
4.148075822740793228e-03
