3.991443198174238205e-03
3.994370810687541962e-03
3.970948979258537292e-03
3.969484940171241760e-03
3.973877057433128357e-03
3.981195855885744095e-03
3.991443198174238205e-03
3.989979159086942673e-03
3.995834849774837494e-03
4.001690074801445007e-03
4.009008873254060745e-03
4.003154113888740540e-03
4.007544834166765213e-03
4.006082192063331604e-03
4.010472912341356277e-03
4.010472912341356277e-03
3.959238063544034958e-03
3.881654003635048866e-03
3.842130070552229881e-03
3.826027037575840950e-03
3.830418922007083893e-03
3.877261886373162270e-03
3.965094219893217087e-03
4.014865029603242874e-03
4.014865029603242874e-03
4.023647867143154144e-03
4.019256215542554855e-03
4.025111906230449677e-03
4.023647867143154144e-03
4.028039053082466125e-03
4.025111906230449677e-03
4.026575945317745209e-03
4.036822821944952011e-03
4.029503092169761658e-03
4.026575945317745209e-03
4.025111906230449677e-03
4.020719788968563080e-03
4.019256215542554855e-03
4.020719788968563080e-03
4.020719788968563080e-03
4.019256215542554855e-03
4.019256215542554855e-03
4.019256215542554855e-03
4.007544834166765213e-03
4.017792176455259323e-03
4.026575945317745209e-03
4.020719788968563080e-03
4.019256215542554855e-03
3.953382838517427444e-03
3.888973034918308258e-03
3.846521023660898209e-03
3.874334972351789474e-03
4.011936951428651810e-03
4.028039053082466125e-03
4.029503092169761658e-03
4.030967131257057190e-03
4.032431170344352722e-03
4.029503092169761658e-03
4.028039053082466125e-03
4.032431170344352722e-03
4.014865029603242874e-03
4.023647867143154144e-03
4.032431170344352722e-03
4.076347220689058304e-03
4.038285929709672928e-03
4.028039053082466125e-03
4.028039053082466125e-03
4.029503092169761658e-03
4.022183828055858612e-03
4.010472912341356277e-03
4.014865029603242874e-03
4.023647867143154144e-03
4.022183828055858612e-03
4.019256215542554855e-03
4.023647867143154144e-03
4.019256215542554855e-03
4.017792176455259323e-03
4.010472912341356277e-03
4.010472912341356277e-03
3.992906771600246429e-03
3.921178169548511505e-03
3.872870933264493942e-03
3.908003214746713638e-03
4.022183828055858612e-03
4.033895209431648254e-03
4.033895209431648254e-03
4.011936951428651810e-03
4.026575945317745209e-03
4.030967131257057190e-03
4.030967131257057190e-03
4.038285929709672928e-03
4.042678046971559525e-03
4.038285929709672928e-03
4.036822821944952011e-03
4.036822821944952011e-03
4.026575945317745209e-03
4.007544834166765213e-03
