4.011936951428651810e-03
4.010472912341356277e-03
3.994370810687541962e-03
3.997297957539558411e-03
3.987051080912351608e-03
4.004618152976036072e-03
4.006082192063331604e-03
4.006082192063331604e-03
4.009008873254060745e-03
4.009008873254060745e-03
4.011936951428651810e-03
4.016329068690538406e-03
4.017792176455259323e-03
4.009008873254060745e-03
4.014865029603242874e-03
4.017792176455259323e-03
3.951918799430131912e-03
3.883118042722344398e-03
3.842130070552229881e-03
3.823099890723824501e-03
3.852376947179436684e-03
3.921178169548511505e-03
4.013400990515947342e-03
4.022183828055858612e-03
4.022183828055858612e-03
4.022183828055858612e-03
4.023647867143154144e-03
4.023647867143154144e-03
4.028039053082466125e-03
4.025111906230449677e-03
4.014865029603242874e-03
4.029503092169761658e-03
4.038285929709672928e-03
4.025111906230449677e-03
4.026575945317745209e-03
4.028039053082466125e-03
4.025111906230449677e-03
4.020719788968563080e-03
4.019256215542554855e-03
4.020719788968563080e-03
4.023647867143154144e-03
4.022183828055858612e-03
4.020719788968563080e-03
4.019256215542554855e-03
4.023647867143154144e-03
4.022183828055858612e-03
4.019256215542554855e-03
4.001690074801445007e-03
3.932889085263013840e-03
3.880189964547753334e-03
3.850912908092141151e-03
3.924105782061815262e-03
4.025111906230449677e-03
4.029503092169761658e-03
4.029503092169761658e-03
4.030967131257057190e-03
4.013400990515947342e-03
4.026575945317745209e-03
4.033895209431648254e-03
4.030967131257057190e-03
4.032431170344352722e-03
4.033895209431648254e-03
4.035358782857656479e-03
4.058780148625373840e-03
4.030967131257057190e-03
4.020719788968563080e-03
4.017792176455259323e-03
4.025111906230449677e-03
4.030967131257057190e-03
4.025111906230449677e-03
4.023647867143154144e-03
4.025111906230449677e-03
4.023647867143154144e-03
4.017792176455259323e-03
4.013400990515947342e-03
4.016329068690538406e-03
4.017792176455259323e-03
4.014865029603242874e-03
4.023647867143154144e-03
3.981195855885744095e-03
3.909466788172721863e-03
3.864088095724582672e-03
3.950455226004123688e-03
4.026575945317745209e-03
4.028039053082466125e-03
4.032431170344352722e-03
4.032431170344352722e-03
4.032431170344352722e-03
4.033895209431648254e-03
4.030967131257057190e-03
4.038285929709672928e-03
4.030967131257057190e-03
4.036822821944952011e-03
4.035358782857656479e-03
4.039749968796968460e-03
4.038285929709672928e-03
3.998761996626853943e-03
