4.003154113888740540e-03
3.994370810687541962e-03
3.970948979258537292e-03
3.960702102631330490e-03
3.963630180805921555e-03
3.981195855885744095e-03
3.969484940171241760e-03
3.991443198174238205e-03
3.988515119999647141e-03
3.992906771600246429e-03
4.001690074801445007e-03
4.004618152976036072e-03
4.010472912341356277e-03
4.009008873254060745e-03
4.009008873254060745e-03
3.998761996626853943e-03
3.970948979258537292e-03
3.897756105288863182e-03
3.846521023660898209e-03
3.828955115750432014e-03
3.826027037575840950e-03
3.859695978462696075e-03
3.935817163437604904e-03
4.004618152976036072e-03
4.010472912341356277e-03
4.022183828055858612e-03
4.017792176455259323e-03
4.017792176455259323e-03
4.025111906230449677e-03
4.028039053082466125e-03
4.023647867143154144e-03
4.023647867143154144e-03
4.025111906230449677e-03
4.023647867143154144e-03
4.023647867143154144e-03
4.029503092169761658e-03
4.013400990515947342e-03
4.016329068690538406e-03
4.023647867143154144e-03
4.022183828055858612e-03
4.025111906230449677e-03
4.017792176455259323e-03
4.016329068690538406e-03
4.020719788968563080e-03
4.016329068690538406e-03
4.026575945317745209e-03
4.025111906230449677e-03
4.016329068690538406e-03
3.960702102631330490e-03
3.886044956743717194e-03
3.850912908092141151e-03
3.859695978462696075e-03
3.976804204285144806e-03
4.023647867143154144e-03
4.023647867143154144e-03
4.028039053082466125e-03
4.030967131257057190e-03
4.036822821944952011e-03
4.013400990515947342e-03
4.026575945317745209e-03
4.028039053082466125e-03
4.033895209431648254e-03
4.030967131257057190e-03
4.041214007884263992e-03
4.036822821944952011e-03
4.030967131257057190e-03
4.023647867143154144e-03
4.020719788968563080e-03
4.025111906230449677e-03
4.020719788968563080e-03
4.019256215542554855e-03
4.017792176455259323e-03
4.023647867143154144e-03
4.020719788968563080e-03
4.025111906230449677e-03
3.998761996626853943e-03
4.017792176455259323e-03
4.014865029603242874e-03
4.017792176455259323e-03
4.017792176455259323e-03
3.954846877604722977e-03
3.896292066201567650e-03
3.886044956743717194e-03
4.014865029603242874e-03
4.011936951428651810e-03
4.033895209431648254e-03
4.033895209431648254e-03
4.032431170344352722e-03
4.030967131257057190e-03
4.033895209431648254e-03
4.030967131257057190e-03
4.038285929709672928e-03
4.020719788968563080e-03
4.026575945317745209e-03
4.036822821944952011e-03
4.032431170344352722e-03
4.025111906230449677e-03
