3.691352903842926025e-03
3.727948991581797600e-03
3.733803983777761459e-03
3.742587985470890999e-03
3.748442977666854858e-03
3.754297969862818718e-03
3.757226048037409782e-03
3.757226048037409782e-03
3.757226048037409782e-03
3.757226048037409782e-03
3.754297969862818718e-03
3.757226048037409782e-03
3.760153893381357193e-03
3.758690087124705315e-03
3.758690087124705315e-03
3.754297969862818718e-03
3.752835094928741455e-03
3.679641988128423691e-03
3.686961019411683083e-03
3.688425058498978615e-03
3.681106027215719223e-03
3.686961019411683083e-03
3.684032941237092018e-03
3.682568902149796486e-03
3.676713909953832626e-03
3.681106027215719223e-03
3.679641988128423691e-03
3.684032941237092018e-03
3.663538955152034760e-03
3.682568902149796486e-03
3.678177949041128159e-03
3.682568902149796486e-03
3.713309997692704201e-03
3.716238075867295265e-03
3.729413030669093132e-03
3.744051093235611916e-03
3.752835094928741455e-03
3.730877069756388664e-03
3.749907016754150391e-03
3.754297969862818718e-03
3.751371055841445923e-03
3.757226048037409782e-03
3.760153893381357193e-03
3.757226048037409782e-03
3.755762008950114250e-03
3.760153893381357193e-03
3.732341108843684196e-03
3.749907016754150391e-03
3.705990966409444809e-03
3.694280050694942474e-03
3.688425058498978615e-03
3.686961019411683083e-03
3.682568902149796486e-03
3.682568902149796486e-03
3.679641988128423691e-03
3.663538955152034760e-03
3.682568902149796486e-03
3.685496980324387550e-03
3.682568902149796486e-03
3.676713909953832626e-03
3.681106027215719223e-03
3.681106027215719223e-03
3.678177949041128159e-03
3.670858917757868767e-03
3.700135974213480949e-03
3.719165921211242676e-03
3.732341108843684196e-03
3.741123946383595467e-03
3.751371055841445923e-03
3.754297969862818718e-03
3.751371055841445923e-03
3.758690087124705315e-03
3.758690087124705315e-03
3.746978938579559326e-03
3.752835094928741455e-03
3.752835094928741455e-03
3.752835094928741455e-03
3.755762008950114250e-03
3.752835094928741455e-03
3.755762008950114250e-03
3.695744089782238007e-03
3.691352903842926025e-03
3.670858917757868767e-03
3.676713909953832626e-03
3.684032941237092018e-03
3.681106027215719223e-03
3.684032941237092018e-03
3.682568902149796486e-03
3.681106027215719223e-03
3.684032941237092018e-03
3.678177949041128159e-03
3.673786064609885216e-03
3.678177949041128159e-03
3.675250103697180748e-03
3.682568902149796486e-03
3.684032941237092018e-03
3.833347000181674957e-03
