4.001690074801445007e-03
3.973877057433128357e-03
3.944600000977516174e-03
3.941671922802925110e-03
3.940207883715629578e-03
3.938743844628334045e-03
3.969484940171241760e-03
3.968020901083946228e-03
3.982659894973039627e-03
3.979731816798448563e-03
3.984123934060335159e-03
3.991443198174238205e-03
3.995834849774837494e-03
4.001690074801445007e-03
3.998761996626853943e-03
4.001690074801445007e-03
3.947527147829532623e-03
3.880189964547753334e-03
3.840666031464934349e-03
3.826027037575840950e-03
3.824562998488545418e-03
3.856767900288105011e-03
3.938743844628334045e-03
3.995834849774837494e-03
4.016329068690538406e-03
4.017792176455259323e-03
4.017792176455259323e-03
4.016329068690538406e-03
4.019256215542554855e-03
4.022183828055858612e-03
4.025111906230449677e-03
4.013400990515947342e-03
4.030967131257057190e-03
4.026575945317745209e-03
4.020719788968563080e-03
4.025111906230449677e-03
4.026575945317745209e-03
4.023647867143154144e-03
4.020719788968563080e-03
4.016329068690538406e-03
4.004618152976036072e-03
4.019256215542554855e-03
4.020719788968563080e-03
4.020719788968563080e-03
4.022183828055858612e-03
4.020719788968563080e-03
4.016329068690538406e-03
3.982659894973039627e-03
3.947527147829532623e-03
3.875798080116510391e-03
3.845056984573602676e-03
3.865550970658659935e-03
3.994370810687541962e-03
4.026575945317745209e-03
4.028039053082466125e-03
4.029503092169761658e-03
4.036822821944952011e-03
4.017792176455259323e-03
4.026575945317745209e-03
4.029503092169761658e-03
4.026575945317745209e-03
4.033895209431648254e-03
4.033895209431648254e-03
4.038285929709672928e-03
4.039749968796968460e-03
4.028039053082466125e-03
4.013400990515947342e-03
4.022183828055858612e-03
4.017792176455259323e-03
4.020719788968563080e-03
4.017792176455259323e-03
4.014865029603242874e-03
4.019256215542554855e-03
4.022183828055858612e-03
4.023647867143154144e-03
4.014865029603242874e-03
4.020719788968563080e-03
4.019256215542554855e-03
4.020719788968563080e-03
3.969484940171241760e-03
3.903612028807401657e-03
3.859695978462696075e-03
3.900683950632810593e-03
4.006082192063331604e-03
4.029503092169761658e-03
4.029503092169761658e-03
4.030967131257057190e-03
4.033895209431648254e-03
4.030967131257057190e-03
4.030967131257057190e-03
4.035358782857656479e-03
4.038285929709672928e-03
4.029503092169761658e-03
4.033895209431648254e-03
4.036822821944952011e-03
4.032431170344352722e-03
3.992906771600246429e-03
