3.978267777711153030e-03
4.011936951428651810e-03
4.006082192063331604e-03
4.000226035714149475e-03
4.010472912341356277e-03
4.009008873254060745e-03
4.009008873254060745e-03
4.013400990515947342e-03
4.017792176455259323e-03
4.004618152976036072e-03
4.011936951428651810e-03
4.013400990515947342e-03
4.016329068690538406e-03
4.014865029603242874e-03
4.014865029603242874e-03
4.020719788968563080e-03
3.991443198174238205e-03
3.931425046175718307e-03
3.858231939375400543e-03
3.833347000181674957e-03
3.827491076663136482e-03
3.875798080116510391e-03
3.976804204285144806e-03
4.019256215542554855e-03
4.025111906230449677e-03
4.028039053082466125e-03
4.013400990515947342e-03
4.023647867143154144e-03
4.026575945317745209e-03
4.026575945317745209e-03
4.026575945317745209e-03
4.025111906230449677e-03
4.038285929709672928e-03
4.032431170344352722e-03
4.030967131257057190e-03
4.016329068690538406e-03
4.017792176455259323e-03
4.020719788968563080e-03
4.022183828055858612e-03
4.023647867143154144e-03
4.020719788968563080e-03
4.019256215542554855e-03
4.022183828055858612e-03
4.013400990515947342e-03
4.017792176455259323e-03
4.022183828055858612e-03
4.022183828055858612e-03
4.016329068690538406e-03
3.963630180805921555e-03
3.893364919349551201e-03
3.852376947179436684e-03
3.853840986266732216e-03
3.984123934060335159e-03
4.025111906230449677e-03
4.033895209431648254e-03
4.029503092169761658e-03
4.029503092169761658e-03
4.033895209431648254e-03
4.032431170344352722e-03
4.030967131257057190e-03
4.033895209431648254e-03
4.019256215542554855e-03
4.035358782857656479e-03
4.035358782857656479e-03
4.041214007884263992e-03
4.035358782857656479e-03
4.028039053082466125e-03
4.023647867143154144e-03
4.025111906230449677e-03
4.001690074801445007e-03
4.020719788968563080e-03
4.019256215542554855e-03
4.022183828055858612e-03
4.025111906230449677e-03
4.026575945317745209e-03
4.022183828055858612e-03
4.017792176455259323e-03
4.022183828055858612e-03
4.009008873254060745e-03
4.016329068690538406e-03
3.959238063544034958e-03
3.897756105288863182e-03
3.881654003635048866e-03
4.009008873254060745e-03
4.032431170344352722e-03
4.030967131257057190e-03
4.013400990515947342e-03
4.026575945317745209e-03
4.032431170344352722e-03
4.029503092169761658e-03
4.039749968796968460e-03
4.038285929709672928e-03
4.039749968796968460e-03
4.038285929709672928e-03
4.041214007884263992e-03
4.023647867143154144e-03
4.085130058228969574e-03
