3.723557107150554657e-03
3.736732061952352524e-03
3.745514899492263794e-03
3.748442977666854858e-03
3.751371055841445923e-03
3.757226048037409782e-03
3.757226048037409782e-03
3.760153893381357193e-03
3.760153893381357193e-03
3.755762008950114250e-03
3.757226048037409782e-03
3.757226048037409782e-03
3.758690087124705315e-03
3.754297969862818718e-03
3.755762008950114250e-03
3.758690087124705315e-03
3.682568902149796486e-03
3.685496980324387550e-03
3.682568902149796486e-03
3.682568902149796486e-03
3.681106027215719223e-03
3.684032941237092018e-03
3.682568902149796486e-03
3.678177949041128159e-03
3.681106027215719223e-03
3.684032941237092018e-03
3.681106027215719223e-03
3.681106027215719223e-03
3.684032941237092018e-03
3.678177949041128159e-03
3.685496980324387550e-03
3.710383083671331406e-03
3.716238075867295265e-03
3.727948991581797600e-03
3.745514899492263794e-03
3.752835094928741455e-03
3.744051093235611916e-03
3.754297969862818718e-03
3.757226048037409782e-03
3.761617932468652725e-03
3.757226048037409782e-03
3.754297969862818718e-03
3.752835094928741455e-03
3.755762008950114250e-03
3.761617932468652725e-03
3.752835094928741455e-03
3.755762008950114250e-03
3.717702114954590797e-03
3.691352903842926025e-03
3.685496980324387550e-03
3.681106027215719223e-03
3.679641988128423691e-03
3.686961019411683083e-03
3.689889097586274147e-03
3.684032941237092018e-03
3.678177949041128159e-03
3.681106027215719223e-03
3.684032941237092018e-03
3.685496980324387550e-03
3.684032941237092018e-03
3.678177949041128159e-03
3.676713909953832626e-03
3.659148002043366432e-03
3.719165921211242676e-03
3.723557107150554657e-03
3.732341108843684196e-03
3.745514899492263794e-03
3.748442977666854858e-03
3.748442977666854858e-03
3.755762008950114250e-03
3.752835094928741455e-03
3.742587985470890999e-03
3.751371055841445923e-03
3.748442977666854858e-03
3.758690087124705315e-03
3.758690087124705315e-03
3.760153893381357193e-03
3.757226048037409782e-03
3.757226048037409782e-03
3.700135974213480949e-03
3.676713909953832626e-03
3.681106027215719223e-03
3.676713909953832626e-03
3.676713909953832626e-03
3.685496980324387550e-03
3.684032941237092018e-03
3.682568902149796486e-03
3.682568902149796486e-03
3.682568902149796486e-03
3.666467033326625824e-03
3.676713909953832626e-03
3.675250103697180748e-03
3.678177949041128159e-03
3.678177949041128159e-03
3.678177949041128159e-03
3.676713909953832626e-03
