4.035358782857656479e-03
3.992906771600246429e-03
3.982659894973039627e-03
3.982659894973039627e-03
3.976804204285144806e-03
3.972413018345832825e-03
3.976804204285144806e-03
3.987051080912351608e-03
3.981195855885744095e-03
3.982659894973039627e-03
3.984123934060335159e-03
3.979731816798448563e-03
3.982659894973039627e-03
3.982659894973039627e-03
3.963630180805921555e-03
3.975341096520423889e-03
3.948991186916828156e-03
3.957774024456739426e-03
3.962166141718626022e-03
3.968020901083946228e-03
3.966556861996650696e-03
3.959238063544034958e-03
3.938743844628334045e-03
3.959238063544034958e-03
3.962166141718626022e-03
3.963630180805921555e-03
3.963630180805921555e-03
3.963630180805921555e-03
3.972413018345832825e-03
3.972413018345832825e-03
3.968020901083946228e-03
3.950455226004123688e-03
3.994370810687541962e-03
3.984123934060335159e-03
3.979731816798448563e-03
3.973877057433128357e-03
3.976804204285144806e-03
3.975341096520423889e-03
3.981195855885744095e-03
3.982659894973039627e-03
3.970948979258537292e-03
3.979731816798448563e-03
3.981195855885744095e-03
3.978267777711153030e-03
3.975341096520423889e-03
3.978267777711153030e-03
3.979731816798448563e-03
3.969484940171241760e-03
3.963630180805921555e-03
3.960702102631330490e-03
3.960702102631330490e-03
3.962166141718626022e-03
3.965094219893217087e-03
3.968020901083946228e-03
3.965094219893217087e-03
3.965094219893217087e-03
3.965094219893217087e-03
3.950455226004123688e-03
3.970948979258537292e-03
3.969484940171241760e-03
3.970948979258537292e-03
3.970948979258537292e-03
3.969484940171241760e-03
3.968020901083946228e-03
3.989979159086942673e-03
3.982659894973039627e-03
3.965094219893217087e-03
3.973877057433128357e-03
3.975341096520423889e-03
3.976804204285144806e-03
3.981195855885744095e-03
3.981195855885744095e-03
3.981195855885744095e-03
3.975341096520423889e-03
3.978267777711153030e-03
3.968020901083946228e-03
3.973877057433128357e-03
3.975341096520423889e-03
3.975341096520423889e-03
3.979731816798448563e-03
3.963630180805921555e-03
3.959238063544034958e-03
3.965094219893217087e-03
3.965094219893217087e-03
3.962166141718626022e-03
3.968020901083946228e-03
3.969484940171241760e-03
3.972413018345832825e-03
3.976804204285144806e-03
3.976804204285144806e-03
3.975341096520423889e-03
3.978267777711153030e-03
3.963630180805921555e-03
3.976804204285144806e-03
3.978267777711153030e-03
3.979731816798448563e-03
3.979731816798448563e-03
