4.013400990515947342e-03
4.010472912341356277e-03
4.010472912341356277e-03
4.000226035714149475e-03
4.006082192063331604e-03
4.011936951428651810e-03
4.006082192063331604e-03
4.017792176455259323e-03
4.017792176455259323e-03
4.013400990515947342e-03
4.022183828055858612e-03
4.022183828055858612e-03
4.017792176455259323e-03
4.019256215542554855e-03
4.022183828055858612e-03
4.020719788968563080e-03
3.941671922802925110e-03
3.877261886373162270e-03
3.836273914203047752e-03
3.826027037575840950e-03
3.849449101835489273e-03
3.975341096520423889e-03
4.022183828055858612e-03
4.025111906230449677e-03
4.025111906230449677e-03
4.026575945317745209e-03
4.026575945317745209e-03
4.029503092169761658e-03
4.028039053082466125e-03
4.019256215542554855e-03
4.023647867143154144e-03
4.022183828055858612e-03
4.030967131257057190e-03
4.032431170344352722e-03
4.030967131257057190e-03
4.029503092169761658e-03
4.022183828055858612e-03
4.006082192063331604e-03
4.017792176455259323e-03
4.019256215542554855e-03
4.017792176455259323e-03
4.016329068690538406e-03
4.020719788968563080e-03
4.029503092169761658e-03
4.026575945317745209e-03
4.022183828055858612e-03
4.006082192063331604e-03
3.970948979258537292e-03
3.899219911545515060e-03
3.853840986266732216e-03
3.847985062748193741e-03
3.965094219893217087e-03
4.025111906230449677e-03
4.023647867143154144e-03
4.032431170344352722e-03
4.025111906230449677e-03
4.032431170344352722e-03
4.033895209431648254e-03
4.030967131257057190e-03
4.029503092169761658e-03
4.030967131257057190e-03
4.029503092169761658e-03
4.032431170344352722e-03
4.038285929709672928e-03
4.032431170344352722e-03
4.023647867143154144e-03
4.022183828055858612e-03
4.020719788968563080e-03
4.022183828055858612e-03
4.022183828055858612e-03
4.022183828055858612e-03
4.025111906230449677e-03
4.004618152976036072e-03
4.019256215542554855e-03
4.020719788968563080e-03
4.025111906230449677e-03
4.022183828055858612e-03
4.020719788968563080e-03
4.020719788968563080e-03
3.966556861996650696e-03
3.900683950632810593e-03
3.864088095724582672e-03
3.998761996626853943e-03
4.029503092169761658e-03
4.032431170344352722e-03
4.032431170344352722e-03
4.035358782857656479e-03
4.036822821944952011e-03
4.032431170344352722e-03
4.022183828055858612e-03
4.030967131257057190e-03
4.032431170344352722e-03
4.035358782857656479e-03
4.042678046971559525e-03
4.038285929709672928e-03
4.209558013826608658e-03
