3.995834849774837494e-03
4.025111906230449677e-03
4.013400990515947342e-03
4.010472912341356277e-03
4.014865029603242874e-03
4.013400990515947342e-03
4.016329068690538406e-03
4.010472912341356277e-03
4.000226035714149475e-03
4.010472912341356277e-03
4.019256215542554855e-03
4.017792176455259323e-03
4.019256215542554855e-03
4.022183828055858612e-03
4.019256215542554855e-03
4.019256215542554855e-03
3.968020901083946228e-03
3.884582081809639931e-03
3.843594109639525414e-03
3.831882961094379425e-03
3.852376947179436684e-03
3.946064040064811707e-03
4.020719788968563080e-03
4.028039053082466125e-03
4.026575945317745209e-03
4.003154113888740540e-03
4.022183828055858612e-03
4.025111906230449677e-03
4.023647867143154144e-03
4.029503092169761658e-03
4.033895209431648254e-03
4.029503092169761658e-03
4.044142086058855057e-03
4.035358782857656479e-03
4.010472912341356277e-03
4.029503092169761658e-03
4.019256215542554855e-03
4.019256215542554855e-03
4.017792176455259323e-03
4.019256215542554855e-03
4.016329068690538406e-03
4.026575945317745209e-03
4.022183828055858612e-03
4.013400990515947342e-03
4.020719788968563080e-03
4.022183828055858612e-03
4.023647867143154144e-03
4.020719788968563080e-03
3.954846877604722977e-03
3.888973034918308258e-03
3.859695978462696075e-03
3.909466788172721863e-03
4.022183828055858612e-03
4.025111906230449677e-03
4.026575945317745209e-03
4.028039053082466125e-03
4.029503092169761658e-03
4.029503092169761658e-03
4.029503092169761658e-03
4.032431170344352722e-03
4.017792176455259323e-03
4.033895209431648254e-03
4.033895209431648254e-03
4.029503092169761658e-03
4.038285929709672928e-03
4.026575945317745209e-03
4.025111906230449677e-03
4.032431170344352722e-03
4.020719788968563080e-03
4.014865029603242874e-03
4.022183828055858612e-03
4.022183828055858612e-03
4.017792176455259323e-03
4.020719788968563080e-03
4.023647867143154144e-03
4.019256215542554855e-03
4.014865029603242874e-03
3.997297957539558411e-03
4.013400990515947342e-03
4.022183828055858612e-03
3.938743844628334045e-03
3.888973034918308258e-03
3.935817163437604904e-03
4.026575945317745209e-03
4.030967131257057190e-03
4.029503092169761658e-03
4.023647867143154144e-03
4.032431170344352722e-03
4.030967131257057190e-03
4.035358782857656479e-03
4.041214007884263992e-03
4.038285929709672928e-03
4.038285929709672928e-03
4.033895209431648254e-03
4.020719788968563080e-03
4.028039053082466125e-03
4.010472912341356277e-03
