4.048532806336879730e-03
4.017792176455259323e-03
4.003154113888740540e-03
4.010472912341356277e-03
4.004618152976036072e-03
4.009008873254060745e-03
4.011936951428651810e-03
4.017792176455259323e-03
4.016329068690538406e-03
4.017792176455259323e-03
4.003154113888740540e-03
4.016329068690538406e-03
4.013400990515947342e-03
4.016329068690538406e-03
4.023647867143154144e-03
4.025111906230449677e-03
3.969484940171241760e-03
3.899219911545515060e-03
3.850912908092141151e-03
3.818708006292581558e-03
3.836273914203047752e-03
3.924105782061815262e-03
4.013400990515947342e-03
4.023647867143154144e-03
4.023647867143154144e-03
4.028039053082466125e-03
4.023647867143154144e-03
4.019256215542554855e-03
4.020719788968563080e-03
4.029503092169761658e-03
4.030967131257057190e-03
4.030967131257057190e-03
4.038285929709672928e-03
4.032431170344352722e-03
4.028039053082466125e-03
4.026575945317745209e-03
3.998761996626853943e-03
4.014865029603242874e-03
4.020719788968563080e-03
4.020719788968563080e-03
4.022183828055858612e-03
4.020719788968563080e-03
4.019256215542554855e-03
4.023647867143154144e-03
4.017792176455259323e-03
4.011936951428651810e-03
4.022183828055858612e-03
4.022183828055858612e-03
3.960702102631330490e-03
3.897756105288863182e-03
3.845056984573602676e-03
3.893364919349551201e-03
4.017792176455259323e-03
4.013400990515947342e-03
4.033895209431648254e-03
4.029503092169761658e-03
4.030967131257057190e-03
4.038285929709672928e-03
4.029503092169761658e-03
4.038285929709672928e-03
4.035358782857656479e-03
4.038285929709672928e-03
4.020719788968563080e-03
4.033895209431648254e-03
4.042678046971559525e-03
4.029503092169761658e-03
4.022183828055858612e-03
4.032431170344352722e-03
4.028039053082466125e-03
4.025111906230449677e-03
4.025111906230449677e-03
4.014865029603242874e-03
4.017792176455259323e-03
4.019256215542554855e-03
4.014865029603242874e-03
4.019256215542554855e-03
4.028039053082466125e-03
4.022183828055858612e-03
4.016329068690538406e-03
3.975341096520423889e-03
3.941671922802925110e-03
3.887508995831012726e-03
3.928496968001127243e-03
4.028039053082466125e-03
4.029503092169761658e-03
4.036822821944952011e-03
4.033895209431648254e-03
4.033895209431648254e-03
4.025111906230449677e-03
4.029503092169761658e-03
4.036822821944952011e-03
4.035358782857656479e-03
4.039749968796968460e-03
4.039749968796968460e-03
4.038285929709672928e-03
4.035358782857656479e-03
3.995834849774837494e-03
