3.994370810687541962e-03
3.979731816798448563e-03
3.981195855885744095e-03
3.985587973147630692e-03
3.981195855885744095e-03
3.979731816798448563e-03
3.978267777711153030e-03
3.968020901083946228e-03
3.973877057433128357e-03
3.973877057433128357e-03
3.973877057433128357e-03
3.982659894973039627e-03
3.982659894973039627e-03
3.982659894973039627e-03
3.978267777711153030e-03
3.981195855885744095e-03
3.951918799430131912e-03
3.956309985369443893e-03
3.954846877604722977e-03
3.960702102631330490e-03
3.970948979258537292e-03
3.973877057433128357e-03
3.972413018345832825e-03
3.970948979258537292e-03
3.951918799430131912e-03
3.963630180805921555e-03
3.968020901083946228e-03
3.969484940171241760e-03
3.970948979258537292e-03
3.970948979258537292e-03
3.975341096520423889e-03
3.994370810687541962e-03
4.000226035714149475e-03
3.968020901083946228e-03
3.978267777711153030e-03
3.975341096520423889e-03
3.975341096520423889e-03
3.976804204285144806e-03
3.976804204285144806e-03
3.972413018345832825e-03
3.975341096520423889e-03
3.982659894973039627e-03
3.962166141718626022e-03
3.975341096520423889e-03
3.979731816798448563e-03
3.978267777711153030e-03
3.975341096520423889e-03
3.956309985369443893e-03
3.956309985369443893e-03
3.957774024456739426e-03
3.950455226004123688e-03
3.966556861996650696e-03
3.969484940171241760e-03
3.975341096520423889e-03
3.976804204285144806e-03
3.970948979258537292e-03
3.978267777711153030e-03
3.978267777711153030e-03
3.976804204285144806e-03
3.970948979258537292e-03
3.978267777711153030e-03
3.981195855885744095e-03
3.979731816798448563e-03
4.000226035714149475e-03
3.994370810687541962e-03
3.992906771600246429e-03
3.988515119999647141e-03
3.988515119999647141e-03
4.007544834166765213e-03
4.010472912341356277e-03
4.009008873254060745e-03
4.006082192063331604e-03
4.019256215542554855e-03
4.033895209431648254e-03
4.032431170344352722e-03
4.042678046971559525e-03
4.055853001773357391e-03
4.076347220689058304e-03
4.090984817594289780e-03
4.036822821944952011e-03
3.989979159086942673e-03
3.963630180805921555e-03
3.969484940171241760e-03
3.970948979258537292e-03
3.976804204285144806e-03
3.981195855885744095e-03
3.978267777711153030e-03
4.003154113888740540e-03
4.016329068690538406e-03
4.045606125146150589e-03
4.067563917487859726e-03
4.095376934856176376e-03
4.115871153771877289e-03
4.131972789764404297e-03
4.140756092965602875e-03
4.155395086854696274e-03
