3.631334984675049782e-03
3.725020913407206535e-03
3.748442977666854858e-03
3.751371055841445923e-03
3.755762008950114250e-03
3.755762008950114250e-03
3.754297969862818718e-03
3.758690087124705315e-03
3.757226048037409782e-03
3.738196101039648056e-03
3.758690087124705315e-03
3.761617932468652725e-03
3.757226048037409782e-03
3.760153893381357193e-03
3.757226048037409782e-03
3.757226048037409782e-03
3.701600013300776482e-03
3.692816011607646942e-03
3.672322025522589684e-03
3.682568902149796486e-03
3.682568902149796486e-03
3.686961019411683083e-03
3.681106027215719223e-03
3.682568902149796486e-03
3.682568902149796486e-03
3.682568902149796486e-03
3.689889097586274147e-03
3.676713909953832626e-03
3.681106027215719223e-03
3.684032941237092018e-03
3.681106027215719223e-03
3.679641988128423691e-03
3.703062888234853745e-03
3.720629960298538208e-03
3.733803983777761459e-03
3.745514899492263794e-03
3.741123946383595467e-03
3.752835094928741455e-03
3.751371055841445923e-03
3.754297969862818718e-03
3.752835094928741455e-03
3.757226048037409782e-03
3.755762008950114250e-03
3.758690087124705315e-03
3.757226048037409782e-03
3.742587985470890999e-03
3.752835094928741455e-03
3.754297969862818718e-03
3.692816011607646942e-03
3.698671935126185417e-03
3.686961019411683083e-03
3.686961019411683083e-03
3.681106027215719223e-03
3.682568902149796486e-03
3.675250103697180748e-03
3.681106027215719223e-03
3.678177949041128159e-03
3.678177949041128159e-03
3.682568902149796486e-03
3.685496980324387550e-03
3.681106027215719223e-03
3.681106027215719223e-03
3.682568902149796486e-03
3.670858917757868767e-03
3.705990966409444809e-03
3.716238075867295265e-03
3.733803983777761459e-03
3.748442977666854858e-03
3.752835094928741455e-03
3.755762008950114250e-03
3.745514899492263794e-03
3.754297969862818718e-03
3.746978938579559326e-03
3.752835094928741455e-03
3.754297969862818718e-03
3.754297969862818718e-03
3.754297969862818718e-03
3.757226048037409782e-03
3.754297969862818718e-03
3.754297969862818718e-03
3.694280050694942474e-03
3.684032941237092018e-03
3.679641988128423691e-03
3.679641988128423691e-03
3.682568902149796486e-03
3.679641988128423691e-03
3.678177949041128159e-03
3.676713909953832626e-03
3.679641988128423691e-03
3.679641988128423691e-03
3.676713909953832626e-03
3.676713909953832626e-03
3.676713909953832626e-03
3.678177949041128159e-03
3.676713909953832626e-03
3.675250103697180748e-03
3.741123946383595467e-03
