4.000226035714149475e-03
3.991443198174238205e-03
3.978267777711153030e-03
3.962166141718626022e-03
3.966556861996650696e-03
3.981195855885744095e-03
3.976804204285144806e-03
3.978267777711153030e-03
3.987051080912351608e-03
3.991443198174238205e-03
3.995834849774837494e-03
4.000226035714149475e-03
3.994370810687541962e-03
4.001690074801445007e-03
4.009008873254060745e-03
4.013400990515947342e-03
3.991443198174238205e-03
3.929961007088422775e-03
3.865550970658659935e-03
3.836273914203047752e-03
3.826027037575840950e-03
3.827491076663136482e-03
3.912394866347312927e-03
3.987051080912351608e-03
4.016329068690538406e-03
4.017792176455259323e-03
4.019256215542554855e-03
4.023647867143154144e-03
4.028039053082466125e-03
4.028039053082466125e-03
4.020719788968563080e-03
4.023647867143154144e-03
4.033895209431648254e-03
4.028039053082466125e-03
4.026575945317745209e-03
4.022183828055858612e-03
4.025111906230449677e-03
4.022183828055858612e-03
4.006082192063331604e-03
4.016329068690538406e-03
4.010472912341356277e-03
4.023647867143154144e-03
4.023647867143154144e-03
4.022183828055858612e-03
4.022183828055858612e-03
4.022183828055858612e-03
4.022183828055858612e-03
4.006082192063331604e-03
3.972413018345832825e-03
3.906539175659418106e-03
3.856767900288105011e-03
3.842130070552229881e-03
3.924105782061815262e-03
4.025111906230449677e-03
4.025111906230449677e-03
4.029503092169761658e-03
4.023647867143154144e-03
4.032431170344352722e-03
4.032431170344352722e-03
4.029503092169761658e-03
4.029503092169761658e-03
4.028039053082466125e-03
4.022183828055858612e-03
4.032431170344352722e-03
4.029503092169761658e-03
4.029503092169761658e-03
4.020719788968563080e-03
4.022183828055858612e-03
4.016329068690538406e-03
4.019256215542554855e-03
4.025111906230449677e-03
4.020719788968563080e-03
4.023647867143154144e-03
4.011936951428651810e-03
4.014865029603242874e-03
4.016329068690538406e-03
4.014865029603242874e-03
4.014865029603242874e-03
4.019256215542554855e-03
4.022183828055858612e-03
3.963630180805921555e-03
3.893364919349551201e-03
3.867015009745955467e-03
3.984123934060335159e-03
4.028039053082466125e-03
4.038285929709672928e-03
4.032431170344352722e-03
4.035358782857656479e-03
4.035358782857656479e-03
4.038285929709672928e-03
4.011936951428651810e-03
4.028039053082466125e-03
4.036822821944952011e-03
4.035358782857656479e-03
4.035358782857656479e-03
4.033895209431648254e-03
3.951918799430131912e-03
