4.070491064339876175e-03
3.995834849774837494e-03
3.979731816798448563e-03
3.966556861996650696e-03
3.968020901083946228e-03
3.972413018345832825e-03
3.994370810687541962e-03
3.991443198174238205e-03
3.997297957539558411e-03
3.997297957539558411e-03
4.009008873254060745e-03
4.004618152976036072e-03
4.006082192063331604e-03
4.009008873254060745e-03
3.997297957539558411e-03
4.009008873254060745e-03
3.972413018345832825e-03
3.903612028807401657e-03
3.852376947179436684e-03
3.828955115750432014e-03
3.827491076663136482e-03
3.847985062748193741e-03
3.924105782061815262e-03
4.007544834166765213e-03
4.016329068690538406e-03
4.022183828055858612e-03
4.020719788968563080e-03
4.025111906230449677e-03
4.025111906230449677e-03
4.020719788968563080e-03
4.025111906230449677e-03
4.007544834166765213e-03
4.033895209431648254e-03
4.029503092169761658e-03
4.025111906230449677e-03
4.019256215542554855e-03
4.023647867143154144e-03
4.025111906230449677e-03
4.022183828055858612e-03
4.022183828055858612e-03
4.006082192063331604e-03
4.016329068690538406e-03
4.017792176455259323e-03
4.014865029603242874e-03
4.017792176455259323e-03
4.016329068690538406e-03
4.016329068690538406e-03
4.019256215542554855e-03
3.947527147829532623e-03
3.896292066201567650e-03
3.850912908092141151e-03
3.845056984573602676e-03
3.962166141718626022e-03
4.022183828055858612e-03
4.026575945317745209e-03
4.026575945317745209e-03
4.029503092169761658e-03
4.011936951428651810e-03
4.028039053082466125e-03
4.030967131257057190e-03
4.030967131257057190e-03
4.032431170344352722e-03
4.029503092169761658e-03
4.028039053082466125e-03
4.038285929709672928e-03
4.010472912341356277e-03
4.026575945317745209e-03
4.026575945317745209e-03
4.020719788968563080e-03
4.017792176455259323e-03
4.022183828055858612e-03
4.016329068690538406e-03
4.017792176455259323e-03
4.019256215542554855e-03
4.003154113888740540e-03
4.016329068690538406e-03
4.017792176455259323e-03
4.020719788968563080e-03
4.022183828055858612e-03
4.019256215542554855e-03
3.959238063544034958e-03
3.893364919349551201e-03
3.874334972351789474e-03
3.998761996626853943e-03
4.030967131257057190e-03
4.033895209431648254e-03
4.033895209431648254e-03
4.033895209431648254e-03
4.033895209431648254e-03
4.038285929709672928e-03
4.036822821944952011e-03
4.017792176455259323e-03
4.026575945317745209e-03
4.033895209431648254e-03
4.032431170344352722e-03
4.038285929709672928e-03
3.995834849774837494e-03
