4.413033835589885712e-03
4.420353099703788757e-03
4.439382813870906830e-03
4.443774931132793427e-03
4.439382813870906830e-03
4.443774931132793427e-03
4.443774931132793427e-03
4.440846852958202362e-03
4.451094195246696472e-03
4.426207859069108963e-03
4.443774931132793427e-03
4.442310892045497894e-03
4.443774931132793427e-03
4.442310892045497894e-03
4.442310892045497894e-03
4.443774931132793427e-03
4.437918774783611298e-03
4.455485846847295761e-03
4.455485846847295761e-03
4.478907212615013123e-03
4.490618128329515457e-03
4.475980065762996674e-03
4.478907212615013123e-03
4.478907212615013123e-03
4.477443173527717590e-03
4.478907212615013123e-03
4.471587948501110077e-03
4.477443173527717590e-03
4.480370786041021347e-03
4.478907212615013123e-03
4.478907212615013123e-03
4.477443173527717590e-03
4.490618128329515457e-03
4.471587948501110077e-03
4.448166117072105408e-03
4.443774931132793427e-03
4.446702077984809875e-03
4.437918774783611298e-03
4.437918774783611298e-03
4.446702077984809875e-03
4.446702077984809875e-03
4.442310892045497894e-03
4.433528054505586624e-03
4.434992093592882156e-03
4.440846852958202362e-03
4.443774931132793427e-03
4.442310892045497894e-03
4.439382813870906830e-03
4.442310892045497894e-03
4.459877032786607742e-03
4.445238970220088959e-03
4.470123909413814545e-03
4.474516026675701141e-03
4.474516026675701141e-03
4.478907212615013123e-03
4.473051987588405609e-03
4.471587948501110077e-03
4.478907212615013123e-03
4.478907212615013123e-03
4.473051987588405609e-03
4.474516026675701141e-03
4.478907212615013123e-03
4.477443173527717590e-03
4.468659870326519012e-03
4.474516026675701141e-03
4.461341071873903275e-03
4.427671898156404495e-03
4.439382813870906830e-03
4.443774931132793427e-03
4.439382813870906830e-03
4.440846852958202362e-03
4.440846852958202362e-03
4.442310892045497894e-03
4.446702077984809875e-03
4.439382813870906830e-03
4.437918774783611298e-03
4.434992093592882156e-03
4.434992093592882156e-03
4.439382813870906830e-03
4.440846852958202362e-03
4.437918774783611298e-03
4.455485846847295761e-03
4.468659870326519012e-03
4.462805110961198807e-03
4.471587948501110077e-03
4.468659870326519012e-03
4.474516026675701141e-03
4.475980065762996674e-03
4.477443173527717590e-03
4.473051987588405609e-03
4.471587948501110077e-03
4.465733189135789871e-03
4.468659870326519012e-03
4.470123909413814545e-03
4.470123909413814545e-03
4.471587948501110077e-03
4.313490819185972214e-03
