4.219804890453815460e-03
4.252009093761444092e-03
4.275430925190448761e-03
4.301780834794044495e-03
4.319346975535154343e-03
4.329593852162361145e-03
4.335449077188968658e-03
4.338377155363559723e-03
4.333985038101673126e-03
4.332521930336952209e-03
4.335449077188968658e-03
4.329593852162361145e-03
4.333985038101673126e-03
4.336913116276264191e-03
4.338377155363559723e-03
4.341304767876863480e-03
4.355942830443382263e-03
4.279823042452335358e-03
4.278359003365039825e-03
4.260792862623929977e-03
4.268112126737833023e-03
4.276894964277744293e-03
4.273966886103153229e-03
4.276894964277744293e-03
4.275430925190448761e-03
4.276894964277744293e-03
4.273966886103153229e-03
4.259328823536634445e-03
4.268112126737833023e-03
4.268112126737833023e-03
4.272502847015857697e-03
4.275430925190448761e-03
4.313490819185972214e-03
4.320811014622449875e-03
4.328129813075065613e-03
4.326665773987770081e-03
4.320811014622449875e-03
4.331057891249656677e-03
4.331057891249656677e-03
4.332521930336952209e-03
4.335449077188968658e-03
4.338377155363559723e-03
4.336913116276264191e-03
4.338377155363559723e-03
4.336913116276264191e-03
4.326665773987770081e-03
4.331057891249656677e-03
4.332521930336952209e-03
4.300316795706748962e-03
4.276894964277744293e-03
4.272502847015857697e-03
4.273966886103153229e-03
4.269576165825128555e-03
4.271040204912424088e-03
4.265184048563241959e-03
4.266648087650537491e-03
4.266648087650537491e-03
4.266648087650537491e-03
4.263720009475946426e-03
4.266648087650537491e-03
4.268112126737833023e-03
4.269576165825128555e-03
4.260792862623929977e-03
4.266648087650537491e-03
4.301780834794044495e-03
4.304707981646060944e-03
4.326665773987770081e-03
4.325202200561761856e-03
4.335449077188968658e-03
4.335449077188968658e-03
4.312028177082538605e-03
4.329593852162361145e-03
4.331057891249656677e-03
4.328129813075065613e-03
4.333985038101673126e-03
4.326665773987770081e-03
4.329593852162361145e-03
4.326665773987770081e-03
4.328129813075065613e-03
4.314954858273267746e-03
4.287141840904951096e-03
4.271040204912424088e-03
4.262255970388650894e-03
4.263720009475946426e-03
4.259328823536634445e-03
4.259328823536634445e-03
4.262255970388650894e-03
4.259328823536634445e-03
4.259328823536634445e-03
4.263720009475946426e-03
4.260792862623929977e-03
4.253473132848739624e-03
4.256401211023330688e-03
4.253473132848739624e-03
4.256401211023330688e-03
4.254937171936035156e-03
4.162713885307312012e-03
