4.266648087650537491e-03
4.273966886103153229e-03
4.295925144106149673e-03
4.309100098907947540e-03
4.323738161474466324e-03
4.319346975535154343e-03
4.328129813075065613e-03
4.333985038101673126e-03
4.338377155363559723e-03
4.333985038101673126e-03
4.335449077188968658e-03
4.338377155363559723e-03
4.336913116276264191e-03
4.335449077188968658e-03
4.331057891249656677e-03
4.333985038101673126e-03
4.288605879992246628e-03
4.273966886103153229e-03
4.273966886103153229e-03
4.272502847015857697e-03
4.272502847015857697e-03
4.271040204912424088e-03
4.269576165825128555e-03
4.256401211023330688e-03
4.269576165825128555e-03
4.271040204912424088e-03
4.273966886103153229e-03
4.272502847015857697e-03
4.272502847015857697e-03
4.273966886103153229e-03
4.272502847015857697e-03
4.265184048563241959e-03
4.309100098907947540e-03
4.325202200561761856e-03
4.328129813075065613e-03
4.332521930336952209e-03
4.328129813075065613e-03
4.329593852162361145e-03
4.331057891249656677e-03
4.332521930336952209e-03
4.329593852162361145e-03
4.331057891249656677e-03
4.331057891249656677e-03
4.332521930336952209e-03
4.328129813075065613e-03
4.333985038101673126e-03
4.331057891249656677e-03
4.331057891249656677e-03
4.276894964277744293e-03
4.263720009475946426e-03
4.269576165825128555e-03
4.263720009475946426e-03
4.271040204912424088e-03
4.269576165825128555e-03
4.268112126737833023e-03
4.269576165825128555e-03
4.268112126737833023e-03
4.260792862623929977e-03
4.265184048563241959e-03
4.266648087650537491e-03
4.263720009475946426e-03
4.263720009475946426e-03
4.262255970388650894e-03
4.291533958166837692e-03
4.303243942558765411e-03
4.313490819185972214e-03
4.323738161474466324e-03
4.325202200561761856e-03
4.328129813075065613e-03
4.332521930336952209e-03
4.326665773987770081e-03
4.332521930336952209e-03
4.331057891249656677e-03
4.332521930336952209e-03
4.326665773987770081e-03
4.328129813075065613e-03
4.329593852162361145e-03
4.328129813075065613e-03
4.328129813075065613e-03
4.295925144106149673e-03
4.271040204912424088e-03
4.263720009475946426e-03
4.259328823536634445e-03
4.240299109369516373e-03
4.256401211023330688e-03
4.253473132848739624e-03
4.253473132848739624e-03
4.253473132848739624e-03
4.250545985996723175e-03
4.243225790560245514e-03
4.243225790560245514e-03
4.237371031194925308e-03
4.243225790560245514e-03
4.249081946909427643e-03
4.247617907822132111e-03
4.243225790560245514e-03
4.054388962686061859e-03
