4.174424801021814346e-03
4.266648087650537491e-03
4.288605879992246628e-03
4.287141840904951096e-03
4.313490819185972214e-03
4.326665773987770081e-03
4.333985038101673126e-03
4.333985038101673126e-03
4.333985038101673126e-03
4.332521930336952209e-03
4.339841194450855255e-03
4.339841194450855255e-03
4.331057891249656677e-03
4.335449077188968658e-03
4.338377155363559723e-03
4.335449077188968658e-03
4.303243942558765411e-03
4.278359003365039825e-03
4.272502847015857697e-03
4.279823042452335358e-03
4.276894964277744293e-03
4.272502847015857697e-03
4.271040204912424088e-03
4.271040204912424088e-03
4.272502847015857697e-03
4.273966886103153229e-03
4.271040204912424088e-03
4.271040204912424088e-03
4.272502847015857697e-03
4.259328823536634445e-03
4.269576165825128555e-03
4.273966886103153229e-03
4.309100098907947540e-03
4.313490819185972214e-03
4.322275053709745407e-03
4.325202200561761856e-03
4.329593852162361145e-03
4.326665773987770081e-03
4.329593852162361145e-03
4.332521930336952209e-03
4.331057891249656677e-03
4.332521930336952209e-03
4.335449077188968658e-03
4.335449077188968658e-03
4.332521930336952209e-03
4.332521930336952209e-03
4.307636059820652008e-03
4.329593852162361145e-03
4.295925144106149673e-03
4.273966886103153229e-03
4.271040204912424088e-03
4.271040204912424088e-03
4.268112126737833023e-03
4.265184048563241959e-03
4.266648087650537491e-03
4.257864784449338913e-03
4.268112126737833023e-03
4.268112126737833023e-03
4.268112126737833023e-03
4.268112126737833023e-03
4.263720009475946426e-03
4.266648087650537491e-03
4.265184048563241959e-03
4.252009093761444092e-03
4.300316795706748962e-03
4.309100098907947540e-03
4.322275053709745407e-03
4.331057891249656677e-03
4.331057891249656677e-03
4.329593852162361145e-03
4.332521930336952209e-03
4.329593852162361145e-03
4.317882936447858810e-03
4.328129813075065613e-03
4.331057891249656677e-03
4.331057891249656677e-03
4.331057891249656677e-03
4.331057891249656677e-03
4.331057891249656677e-03
4.331057891249656677e-03
4.281287081539630890e-03
4.265184048563241959e-03
4.263720009475946426e-03
4.257864784449338913e-03
4.257864784449338913e-03
4.259328823536634445e-03
4.259328823536634445e-03
4.253473132848739624e-03
4.250545985996723175e-03
4.234442953020334244e-03
4.253473132848739624e-03
4.249081946909427643e-03
4.247617907822132111e-03
4.247617907822132111e-03
4.244689829647541046e-03
4.243225790560245514e-03
4.096840973943471909e-03
