4.126118030399084091e-03
4.092448856681585312e-03
4.101232159882783890e-03
4.104159772396087646e-03
4.098305013030767441e-03
4.090984817594289780e-03
4.086594097316265106e-03
4.079273901879787445e-03
4.082201980054378510e-03
4.085130058228969574e-03
4.070491064339876175e-03
4.079273901879787445e-03
4.080737940967082977e-03
4.086594097316265106e-03
4.082201980054378510e-03
4.086594097316265106e-03
4.038285929709672928e-03
4.032431170344352722e-03
4.007544834166765213e-03
4.020719788968563080e-03
4.020719788968563080e-03
4.017792176455259323e-03
4.023647867143154144e-03
4.026575945317745209e-03
4.029503092169761658e-03
4.028039053082466125e-03
3.997297957539558411e-03
4.017792176455259323e-03
4.020719788968563080e-03
4.017792176455259323e-03
4.022183828055858612e-03
4.049996845424175262e-03
4.063171800225973129e-03
4.073419142514467239e-03
4.069027025252580643e-03
4.067563917487859726e-03
4.070491064339876175e-03
4.076347220689058304e-03
4.076347220689058304e-03
4.076347220689058304e-03
4.083666019141674042e-03
4.079273901879787445e-03
4.082201980054378510e-03
4.069027025252580643e-03
4.074883181601762772e-03
4.082201980054378510e-03
4.080737940967082977e-03
4.047070164233446121e-03
4.032431170344352722e-03
4.029503092169761658e-03
4.026575945317745209e-03
4.025111906230449677e-03
4.014865029603242874e-03
4.022183828055858612e-03
4.017792176455259323e-03
4.023647867143154144e-03
4.022183828055858612e-03
4.022183828055858612e-03
4.022183828055858612e-03
4.023647867143154144e-03
4.000226035714149475e-03
4.016329068690538406e-03
4.023647867143154144e-03
4.048532806336879730e-03
4.067563917487859726e-03
4.063171800225973129e-03
4.070491064339876175e-03
4.076347220689058304e-03
4.052924923598766327e-03
4.071955103427171707e-03
4.076347220689058304e-03
4.083666019141674042e-03
4.077810794115066528e-03
4.079273901879787445e-03
4.080737940967082977e-03
4.077810794115066528e-03
4.077810794115066528e-03
4.066099878400564194e-03
4.074883181601762772e-03
4.026575945317745209e-03
4.028039053082466125e-03
4.033895209431648254e-03
4.030967131257057190e-03
4.028039053082466125e-03
4.028039053082466125e-03
4.004618152976036072e-03
4.023647867143154144e-03
4.020719788968563080e-03
4.019256215542554855e-03
4.020719788968563080e-03
4.019256215542554855e-03
4.020719788968563080e-03
4.025111906230449677e-03
4.029503092169761658e-03
4.009008873254060745e-03
4.019256215542554855e-03
