4.252009093761444092e-03
4.260792862623929977e-03
4.290069919079542160e-03
4.304707981646060944e-03
4.314954858273267746e-03
4.328129813075065613e-03
4.328129813075065613e-03
4.333985038101673126e-03
4.320811014622449875e-03
4.329593852162361145e-03
4.336913116276264191e-03
4.339841194450855255e-03
4.336913116276264191e-03
4.335449077188968658e-03
4.333985038101673126e-03
4.336913116276264191e-03
4.295925144106149673e-03
4.266648087650537491e-03
4.273966886103153229e-03
4.272502847015857697e-03
4.271040204912424088e-03
4.271040204912424088e-03
4.269576165825128555e-03
4.271040204912424088e-03
4.273966886103153229e-03
4.271040204912424088e-03
4.265184048563241959e-03
4.269576165825128555e-03
4.271040204912424088e-03
4.276894964277744293e-03
4.272502847015857697e-03
4.269576165825128555e-03
4.298853222280740738e-03
4.317882936447858810e-03
4.314954858273267746e-03
4.323738161474466324e-03
4.331057891249656677e-03
4.331057891249656677e-03
4.329593852162361145e-03
4.325202200561761856e-03
4.335449077188968658e-03
4.335449077188968658e-03
4.331057891249656677e-03
4.328129813075065613e-03
4.332521930336952209e-03
4.331057891249656677e-03
4.328129813075065613e-03
4.329593852162361145e-03
4.287141840904951096e-03
4.268112126737833023e-03
4.269576165825128555e-03
4.241762217134237289e-03
4.260792862623929977e-03
4.265184048563241959e-03
4.265184048563241959e-03
4.260792862623929977e-03
4.263720009475946426e-03
4.263720009475946426e-03
4.263720009475946426e-03
4.259328823536634445e-03
4.260792862623929977e-03
4.260792862623929977e-03
4.257864784449338913e-03
4.259328823536634445e-03
4.294461105018854141e-03
4.310564137995243073e-03
4.317882936447858810e-03
4.326665773987770081e-03
4.317882936447858810e-03
4.326665773987770081e-03
4.331057891249656677e-03
4.328129813075065613e-03
4.331057891249656677e-03
4.329593852162361145e-03
4.325202200561761856e-03
4.325202200561761856e-03
4.329593852162361145e-03
4.314954858273267746e-03
4.329593852162361145e-03
4.325202200561761856e-03
4.278359003365039825e-03
4.263720009475946426e-03
4.259328823536634445e-03
4.252009093761444092e-03
4.249081946909427643e-03
4.243225790560245514e-03
4.247617907822132111e-03
4.250545985996723175e-03
4.238835070282220840e-03
4.237371031194925308e-03
4.231514874845743179e-03
4.227124154567718506e-03
4.225660115480422974e-03
4.222732037305831909e-03
4.211021121591329575e-03
4.232978913933038712e-03
4.051460884511470795e-03
