4.099768120795488358e-03
4.120261874049901962e-03
4.111479036509990692e-03
4.101232159882783890e-03
4.096840973943471909e-03
4.088058136403560638e-03
4.080737940967082977e-03
4.083666019141674042e-03
4.080737940967082977e-03
4.079273901879787445e-03
4.077810794115066528e-03
4.080737940967082977e-03
4.080737940967082977e-03
4.085130058228969574e-03
4.080737940967082977e-03
4.082201980054378510e-03
4.063171800225973129e-03
4.013400990515947342e-03
4.029503092169761658e-03
4.026575945317745209e-03
4.022183828055858612e-03
4.025111906230449677e-03
4.020719788968563080e-03
4.023647867143154144e-03
4.025111906230449677e-03
4.009008873254060745e-03
4.019256215542554855e-03
4.023647867143154144e-03
4.025111906230449677e-03
4.022183828055858612e-03
4.023647867143154144e-03
4.022183828055858612e-03
4.049996845424175262e-03
4.069027025252580643e-03
4.057317040860652924e-03
4.069027025252580643e-03
4.066099878400564194e-03
4.076347220689058304e-03
4.079273901879787445e-03
4.074883181601762772e-03
4.083666019141674042e-03
4.080737940967082977e-03
4.054388962686061859e-03
4.076347220689058304e-03
4.073419142514467239e-03
4.080737940967082977e-03
4.079273901879787445e-03
4.077810794115066528e-03
4.041214007884263992e-03
4.033895209431648254e-03
4.016329068690538406e-03
4.022183828055858612e-03
4.028039053082466125e-03
4.022183828055858612e-03
4.022183828055858612e-03
4.022183828055858612e-03
4.022183828055858612e-03
4.025111906230449677e-03
4.028039053082466125e-03
4.006082192063331604e-03
4.022183828055858612e-03
4.023647867143154144e-03
4.017792176455259323e-03
4.014865029603242874e-03
4.052924923598766327e-03
4.066099878400564194e-03
4.066099878400564194e-03
4.071955103427171707e-03
4.067563917487859726e-03
4.074883181601762772e-03
4.071955103427171707e-03
4.076347220689058304e-03
4.086594097316265106e-03
4.083666019141674042e-03
4.085130058228969574e-03
4.076347220689058304e-03
4.069027025252580643e-03
4.077810794115066528e-03
4.082201980054378510e-03
4.080737940967082977e-03
4.030967131257057190e-03
4.036822821944952011e-03
4.026575945317745209e-03
4.028039053082466125e-03
4.000226035714149475e-03
4.016329068690538406e-03
4.016329068690538406e-03
4.017792176455259323e-03
4.026575945317745209e-03
4.025111906230449677e-03
4.023647867143154144e-03
4.019256215542554855e-03
4.023647867143154144e-03
4.009008873254060745e-03
4.016329068690538406e-03
4.020719788968563080e-03
3.950455226004123688e-03
