4.112943075597286224e-03
4.104159772396087646e-03
4.108551889657974243e-03
4.105623811483383179e-03
4.096840973943471909e-03
4.089520778506994247e-03
4.085130058228969574e-03
4.079273901879787445e-03
4.090984817594289780e-03
4.088058136403560638e-03
4.069027025252580643e-03
4.076347220689058304e-03
4.082201980054378510e-03
4.079273901879787445e-03
4.082201980054378510e-03
4.082201980054378510e-03
4.051460884511470795e-03
4.035358782857656479e-03
4.029503092169761658e-03
4.020719788968563080e-03
4.025111906230449677e-03
4.029503092169761658e-03
4.025111906230449677e-03
4.019256215542554855e-03
4.020719788968563080e-03
4.022183828055858612e-03
4.023647867143154144e-03
4.013400990515947342e-03
4.023647867143154144e-03
4.020719788968563080e-03
4.019256215542554855e-03
4.022183828055858612e-03
4.047070164233446121e-03
4.063171800225973129e-03
4.067563917487859726e-03
4.044142086058855057e-03
4.066099878400564194e-03
4.074883181601762772e-03
4.080737940967082977e-03
4.076347220689058304e-03
4.082201980054378510e-03
4.079273901879787445e-03
4.077810794115066528e-03
4.080737940967082977e-03
4.074883181601762772e-03
4.077810794115066528e-03
4.080737940967082977e-03
4.079273901879787445e-03
4.033895209431648254e-03
4.036822821944952011e-03
4.032431170344352722e-03
4.030967131257057190e-03
4.001690074801445007e-03
4.020719788968563080e-03
4.023647867143154144e-03
4.022183828055858612e-03
4.020719788968563080e-03
4.017792176455259323e-03
4.023647867143154144e-03
4.019256215542554855e-03
4.010472912341356277e-03
4.017792176455259323e-03
4.022183828055858612e-03
4.022183828055858612e-03
4.049996845424175262e-03
4.060244187712669373e-03
4.060244187712669373e-03
4.066099878400564194e-03
4.070491064339876175e-03
4.066099878400564194e-03
4.076347220689058304e-03
4.077810794115066528e-03
4.082201980054378510e-03
4.077810794115066528e-03
4.077810794115066528e-03
4.074883181601762772e-03
4.079273901879787445e-03
4.088058136403560638e-03
4.073419142514467239e-03
4.076347220689058304e-03
4.030967131257057190e-03
4.032431170344352722e-03
4.033895209431648254e-03
4.029503092169761658e-03
4.023647867143154144e-03
4.019256215542554855e-03
4.003154113888740540e-03
4.014865029603242874e-03
4.019256215542554855e-03
4.029503092169761658e-03
4.022183828055858612e-03
4.019256215542554855e-03
4.023647867143154144e-03
4.022183828055858612e-03
4.023647867143154144e-03
4.013400990515947342e-03
3.953382838517427444e-03
