4.095376934856176376e-03
4.115871153771877289e-03
4.112943075597286224e-03
4.096840973943471909e-03
4.092448856681585312e-03
4.085130058228969574e-03
4.083666019141674042e-03
4.085130058228969574e-03
4.082201980054378510e-03
4.080737940967082977e-03
4.082201980054378510e-03
4.060244187712669373e-03
4.076347220689058304e-03
4.079273901879787445e-03
4.079273901879787445e-03
4.076347220689058304e-03
4.038285929709672928e-03
4.038285929709672928e-03
4.032431170344352722e-03
4.029503092169761658e-03
4.014865029603242874e-03
4.022183828055858612e-03
4.023647867143154144e-03
4.019256215542554855e-03
4.023647867143154144e-03
4.022183828055858612e-03
4.022183828055858612e-03
4.023647867143154144e-03
4.000226035714149475e-03
4.017792176455259323e-03
4.017792176455259323e-03
4.019256215542554855e-03
4.055853001773357391e-03
4.060244187712669373e-03
4.063171800225973129e-03
4.073419142514467239e-03
4.055853001773357391e-03
4.069027025252580643e-03
4.077810794115066528e-03
4.074883181601762772e-03
4.074883181601762772e-03
4.085130058228969574e-03
4.082201980054378510e-03
4.080737940967082977e-03
4.079273901879787445e-03
4.074883181601762772e-03
4.080737940967082977e-03
4.080737940967082977e-03
4.041214007884263992e-03
4.038285929709672928e-03
4.032431170344352722e-03
4.025111906230449677e-03
4.025111906230449677e-03
3.997297957539558411e-03
4.010472912341356277e-03
4.022183828055858612e-03
4.026575945317745209e-03
4.025111906230449677e-03
4.023647867143154144e-03
4.022183828055858612e-03
4.017792176455259323e-03
4.004618152976036072e-03
4.019256215542554855e-03
4.023647867143154144e-03
4.061708226799964905e-03
4.064635839313268661e-03
4.066099878400564194e-03
4.070491064339876175e-03
4.069027025252580643e-03
4.079273901879787445e-03
4.071955103427171707e-03
4.079273901879787445e-03
4.079273901879787445e-03
4.076347220689058304e-03
4.076347220689058304e-03
4.079273901879787445e-03
4.082201980054378510e-03
4.077810794115066528e-03
4.079273901879787445e-03
4.079273901879787445e-03
4.033895209431648254e-03
4.032431170344352722e-03
4.029503092169761658e-03
4.025111906230449677e-03
4.022183828055858612e-03
4.026575945317745209e-03
4.028039053082466125e-03
4.009008873254060745e-03
4.017792176455259323e-03
4.022183828055858612e-03
4.022183828055858612e-03
4.020719788968563080e-03
4.020719788968563080e-03
4.030967131257057190e-03
4.026575945317745209e-03
4.004618152976036072e-03
4.069027025252580643e-03
