4.038285929709672928e-03
4.121725913137197495e-03
4.110014997422695160e-03
4.102696198970079422e-03
4.095376934856176376e-03
4.088058136403560638e-03
4.080737940967082977e-03
4.079273901879787445e-03
4.064635839313268661e-03
4.079273901879787445e-03
4.080737940967082977e-03
4.080737940967082977e-03
4.077810794115066528e-03
4.082201980054378510e-03
4.079273901879787445e-03
4.083666019141674042e-03
4.051460884511470795e-03
4.026575945317745209e-03
4.030967131257057190e-03
4.020719788968563080e-03
4.023647867143154144e-03
4.020719788968563080e-03
4.022183828055858612e-03
4.023647867143154144e-03
4.033895209431648254e-03
4.011936951428651810e-03
4.020719788968563080e-03
4.029503092169761658e-03
4.028039053082466125e-03
4.019256215542554855e-03
4.013400990515947342e-03
4.017792176455259323e-03
4.051460884511470795e-03
4.041214007884263992e-03
4.061708226799964905e-03
4.064635839313268661e-03
4.070491064339876175e-03
4.071955103427171707e-03
4.080737940967082977e-03
4.077810794115066528e-03
4.079273901879787445e-03
4.080737940967082977e-03
4.061708226799964905e-03
4.077810794115066528e-03
4.080737940967082977e-03
4.080737940967082977e-03
4.082201980054378510e-03
4.079273901879787445e-03
4.032431170344352722e-03
4.036822821944952011e-03
4.019256215542554855e-03
4.022183828055858612e-03
4.023647867143154144e-03
4.022183828055858612e-03
4.020719788968563080e-03
4.019256215542554855e-03
4.023647867143154144e-03
4.029503092169761658e-03
4.023647867143154144e-03
4.013400990515947342e-03
4.017792176455259323e-03
4.022183828055858612e-03
4.022183828055858612e-03
4.022183828055858612e-03
4.055853001773357391e-03
4.069027025252580643e-03
4.064635839313268661e-03
4.051460884511470795e-03
4.071955103427171707e-03
4.076347220689058304e-03
4.077810794115066528e-03
4.074883181601762772e-03
4.074883181601762772e-03
4.077810794115066528e-03
4.080737940967082977e-03
4.082201980054378510e-03
4.071955103427171707e-03
4.076347220689058304e-03
4.079273901879787445e-03
4.076347220689058304e-03
4.033895209431648254e-03
4.042678046971559525e-03
4.032431170344352722e-03
4.029503092169761658e-03
4.003154113888740540e-03
4.017792176455259323e-03
4.022183828055858612e-03
4.019256215542554855e-03
4.025111906230449677e-03
4.026575945317745209e-03
4.025111906230449677e-03
4.022183828055858612e-03
4.020719788968563080e-03
4.013400990515947342e-03
4.022183828055858612e-03
4.017792176455259323e-03
4.029503092169761658e-03
