4.244689829647541046e-03
4.271040204912424088e-03
4.287141840904951096e-03
4.314954858273267746e-03
4.322275053709745407e-03
4.328129813075065613e-03
4.332521930336952209e-03
4.329593852162361145e-03
4.333985038101673126e-03
4.333985038101673126e-03
4.332521930336952209e-03
4.329593852162361145e-03
4.333985038101673126e-03
4.336913116276264191e-03
4.336913116276264191e-03
4.335449077188968658e-03
4.285677801817655563e-03
4.273966886103153229e-03
4.275430925190448761e-03
4.273966886103153229e-03
4.271040204912424088e-03
4.273966886103153229e-03
4.275430925190448761e-03
4.275430925190448761e-03
4.275430925190448761e-03
4.273966886103153229e-03
4.272502847015857697e-03
4.271040204912424088e-03
4.252009093761444092e-03
4.269576165825128555e-03
4.273966886103153229e-03
4.271040204912424088e-03
4.313490819185972214e-03
4.317882936447858810e-03
4.325202200561761856e-03
4.329593852162361145e-03
4.329593852162361145e-03
4.328129813075065613e-03
4.333985038101673126e-03
4.335449077188968658e-03
4.333985038101673126e-03
4.333985038101673126e-03
4.335449077188968658e-03
4.331057891249656677e-03
4.329593852162361145e-03
4.328129813075065613e-03
4.331057891249656677e-03
4.333985038101673126e-03
4.278359003365039825e-03
4.271040204912424088e-03
4.271040204912424088e-03
4.269576165825128555e-03
4.269576165825128555e-03
4.268112126737833023e-03
4.262255970388650894e-03
4.269576165825128555e-03
4.268112126737833023e-03
4.272502847015857697e-03
4.268112126737833023e-03
4.266648087650537491e-03
4.269576165825128555e-03
4.268112126737833023e-03
4.268112126737833023e-03
4.292997065931558609e-03
4.313490819185972214e-03
4.317882936447858810e-03
4.325202200561761856e-03
4.328129813075065613e-03
4.328129813075065613e-03
4.329593852162361145e-03
4.329593852162361145e-03
4.320811014622449875e-03
4.329593852162361145e-03
4.329593852162361145e-03
4.331057891249656677e-03
4.329593852162361145e-03
4.335449077188968658e-03
4.331057891249656677e-03
4.329593852162361145e-03
4.288605879992246628e-03
4.263720009475946426e-03
4.266648087650537491e-03
4.263720009475946426e-03
4.262255970388650894e-03
4.260792862623929977e-03
4.259328823536634445e-03
4.262255970388650894e-03
4.259328823536634445e-03
4.250545985996723175e-03
4.260792862623929977e-03
4.262255970388650894e-03
4.263720009475946426e-03
4.259328823536634445e-03
4.259328823536634445e-03
4.256401211023330688e-03
4.254937171936035156e-03
4.044142086058855057e-03
