4.108551889657974243e-03
4.111479036509990692e-03
4.107087850570678711e-03
4.099768120795488358e-03
4.092448856681585312e-03
4.085130058228969574e-03
4.085130058228969574e-03
4.085130058228969574e-03
4.082201980054378510e-03
4.074883181601762772e-03
4.079273901879787445e-03
4.085130058228969574e-03
4.085130058228969574e-03
4.067563917487859726e-03
4.073419142514467239e-03
4.077810794115066528e-03
4.036822821944952011e-03
4.035358782857656479e-03
4.032431170344352722e-03
4.030967131257057190e-03
4.026575945317745209e-03
4.006082192063331604e-03
4.022183828055858612e-03
4.022183828055858612e-03
4.023647867143154144e-03
4.025111906230449677e-03
4.022183828055858612e-03
4.023647867143154144e-03
4.023647867143154144e-03
4.020719788968563080e-03
4.017792176455259323e-03
4.025111906230449677e-03
4.061708226799964905e-03
4.064635839313268661e-03
4.069027025252580643e-03
4.069027025252580643e-03
4.070491064339876175e-03
4.070491064339876175e-03
4.055853001773357391e-03
4.080737940967082977e-03
4.079273901879787445e-03
4.082201980054378510e-03
4.079273901879787445e-03
4.080737940967082977e-03
4.077810794115066528e-03
4.074883181601762772e-03
4.080737940967082977e-03
4.069027025252580643e-03
4.032431170344352722e-03
4.035358782857656479e-03
4.028039053082466125e-03
4.025111906230449677e-03
4.022183828055858612e-03
4.025111906230449677e-03
4.026575945317745209e-03
4.013400990515947342e-03
4.025111906230449677e-03
4.020719788968563080e-03
4.019256215542554855e-03
4.022183828055858612e-03
4.023647867143154144e-03
4.025111906230449677e-03
4.028039053082466125e-03
4.022183828055858612e-03
4.049996845424175262e-03
4.064635839313268661e-03
4.063171800225973129e-03
4.073419142514467239e-03
4.077810794115066528e-03
4.076347220689058304e-03
4.082201980054378510e-03
4.076347220689058304e-03
4.070491064339876175e-03
4.076347220689058304e-03
4.080737940967082977e-03
4.082201980054378510e-03
4.077810794115066528e-03
4.085130058228969574e-03
4.082201980054378510e-03
4.079273901879787445e-03
4.019256215542554855e-03
4.028039053082466125e-03
4.030967131257057190e-03
4.026575945317745209e-03
4.028039053082466125e-03
4.025111906230449677e-03
4.023647867143154144e-03
4.020719788968563080e-03
4.016329068690538406e-03
4.017792176455259323e-03
4.023647867143154144e-03
4.028039053082466125e-03
4.020719788968563080e-03
4.020719788968563080e-03
4.022183828055858612e-03
4.017792176455259323e-03
4.096840973943471909e-03
