4.130509216338396072e-03
4.118799231946468353e-03
4.083666019141674042e-03
4.104159772396087646e-03
4.093912895768880844e-03
4.089520778506994247e-03
4.088058136403560638e-03
4.080737940967082977e-03
4.079273901879787445e-03
4.076347220689058304e-03
4.079273901879787445e-03
4.057317040860652924e-03
4.079273901879787445e-03
4.082201980054378510e-03
4.082201980054378510e-03
4.082201980054378510e-03
4.029503092169761658e-03
4.030967131257057190e-03
4.029503092169761658e-03
3.997297957539558411e-03
4.019256215542554855e-03
4.020719788968563080e-03
4.023647867143154144e-03
4.025111906230449677e-03
4.023647867143154144e-03
4.023647867143154144e-03
4.020719788968563080e-03
4.022183828055858612e-03
4.011936951428651810e-03
4.016329068690538406e-03
4.022183828055858612e-03
4.020719788968563080e-03
4.057317040860652924e-03
4.064635839313268661e-03
4.070491064339876175e-03
4.074883181601762772e-03
4.058780148625373840e-03
4.073419142514467239e-03
4.074883181601762772e-03
4.071955103427171707e-03
4.080737940967082977e-03
4.085130058228969574e-03
4.080737940967082977e-03
4.082201980054378510e-03
4.074883181601762772e-03
4.074883181601762772e-03
4.080737940967082977e-03
4.108551889657974243e-03
4.030967131257057190e-03
4.032431170344352722e-03
4.026575945317745209e-03
4.029503092169761658e-03
4.026575945317745209e-03
4.014865029603242874e-03
4.020719788968563080e-03
4.019256215542554855e-03
4.022183828055858612e-03
4.019256215542554855e-03
4.020719788968563080e-03
4.026575945317745209e-03
4.029503092169761658e-03
4.007544834166765213e-03
4.017792176455259323e-03
4.039749968796968460e-03
4.064635839313268661e-03
4.066099878400564194e-03
4.067563917487859726e-03
4.069027025252580643e-03
4.071955103427171707e-03
4.074883181601762772e-03
4.077810794115066528e-03
4.079273901879787445e-03
4.077810794115066528e-03
4.079273901879787445e-03
4.080737940967082977e-03
4.077810794115066528e-03
4.076347220689058304e-03
4.077810794115066528e-03
4.049996845424175262e-03
4.038285929709672928e-03
4.033895209431648254e-03
4.029503092169761658e-03
4.026575945317745209e-03
4.025111906230449677e-03
4.023647867143154144e-03
4.017792176455259323e-03
4.004618152976036072e-03
4.017792176455259323e-03
4.016329068690538406e-03
4.029503092169761658e-03
4.023647867143154144e-03
4.026575945317745209e-03
4.023647867143154144e-03
4.019256215542554855e-03
4.020719788968563080e-03
4.010472912341356277e-03
4.077810794115066528e-03
