4.181744065135717392e-03
4.266648087650537491e-03
4.291533958166837692e-03
4.300316795706748962e-03
4.319346975535154343e-03
4.326665773987770081e-03
4.331057891249656677e-03
4.335449077188968658e-03
4.333985038101673126e-03
4.329593852162361145e-03
4.331057891249656677e-03
4.333985038101673126e-03
4.329593852162361145e-03
4.342768806964159012e-03
4.338377155363559723e-03
4.332521930336952209e-03
4.295925144106149673e-03
4.259328823536634445e-03
4.268112126737833023e-03
4.272502847015857697e-03
4.276894964277744293e-03
4.272502847015857697e-03
4.272502847015857697e-03
4.272502847015857697e-03
4.272502847015857697e-03
4.271040204912424088e-03
4.273966886103153229e-03
4.271040204912424088e-03
4.269576165825128555e-03
4.269576165825128555e-03
4.269576165825128555e-03
4.268112126737833023e-03
4.307636059820652008e-03
4.316418897360563278e-03
4.310564137995243073e-03
4.323738161474466324e-03
4.326665773987770081e-03
4.332521930336952209e-03
4.333985038101673126e-03
4.333985038101673126e-03
4.332521930336952209e-03
4.331057891249656677e-03
4.333985038101673126e-03
4.323738161474466324e-03
4.328129813075065613e-03
4.328129813075065613e-03
4.326665773987770081e-03
4.335449077188968658e-03
4.282750189304351807e-03
4.273966886103153229e-03
4.271040204912424088e-03
4.266648087650537491e-03
4.268112126737833023e-03
4.263720009475946426e-03
4.271040204912424088e-03
4.262255970388650894e-03
4.268112126737833023e-03
4.272502847015857697e-03
4.265184048563241959e-03
4.268112126737833023e-03
4.252009093761444092e-03
4.266648087650537491e-03
4.269576165825128555e-03
4.271040204912424088e-03
4.304707981646060944e-03
4.309100098907947540e-03
4.319346975535154343e-03
4.320811014622449875e-03
4.309100098907947540e-03
4.328129813075065613e-03
4.328129813075065613e-03
4.336913116276264191e-03
4.328129813075065613e-03
4.328129813075065613e-03
4.331057891249656677e-03
4.332521930336952209e-03
4.329593852162361145e-03
4.319346975535154343e-03
4.329593852162361145e-03
4.326665773987770081e-03
4.275430925190448761e-03
4.268112126737833023e-03
4.262255970388650894e-03
4.256401211023330688e-03
4.252009093761444092e-03
4.252009093761444092e-03
4.254937171936035156e-03
4.254937171936035156e-03
4.256401211023330688e-03
4.252009093761444092e-03
4.247617907822132111e-03
4.244689829647541046e-03
4.246153868734836578e-03
4.241762217134237289e-03
4.244689829647541046e-03
4.249081946909427643e-03
4.104159772396087646e-03
