4.099768120795488358e-03
4.124653991311788559e-03
4.112943075597286224e-03
4.099768120795488358e-03
4.092448856681585312e-03
4.088058136403560638e-03
4.088058136403560638e-03
4.092448856681585312e-03
4.069027025252580643e-03
4.079273901879787445e-03
4.080737940967082977e-03
4.073419142514467239e-03
4.082201980054378510e-03
4.077810794115066528e-03
4.085130058228969574e-03
4.079273901879787445e-03
4.047070164233446121e-03
4.025111906230449677e-03
4.025111906230449677e-03
4.028039053082466125e-03
4.022183828055858612e-03
4.022183828055858612e-03
4.020719788968563080e-03
4.028039053082466125e-03
4.023647867143154144e-03
4.016329068690538406e-03
4.022183828055858612e-03
4.023647867143154144e-03
4.020719788968563080e-03
4.022183828055858612e-03
4.017792176455259323e-03
4.020719788968563080e-03
4.042678046971559525e-03
4.067563917487859726e-03
4.060244187712669373e-03
4.070491064339876175e-03
4.073419142514467239e-03
4.070491064339876175e-03
4.079273901879787445e-03
4.079273901879787445e-03
4.076347220689058304e-03
4.079273901879787445e-03
4.064635839313268661e-03
4.076347220689058304e-03
4.080737940967082977e-03
4.079273901879787445e-03
4.076347220689058304e-03
4.077810794115066528e-03
4.028039053082466125e-03
4.035358782857656479e-03
4.036822821944952011e-03
4.026575945317745209e-03
4.028039053082466125e-03
4.023647867143154144e-03
4.016329068690538406e-03
4.022183828055858612e-03
4.017792176455259323e-03
4.020719788968563080e-03
4.019256215542554855e-03
4.010472912341356277e-03
4.023647867143154144e-03
4.022183828055858612e-03
4.022183828055858612e-03
4.023647867143154144e-03
4.048532806336879730e-03
4.063171800225973129e-03
4.061708226799964905e-03
4.048532806336879730e-03
4.063171800225973129e-03
4.076347220689058304e-03
4.076347220689058304e-03
4.077810794115066528e-03
4.080737940967082977e-03
4.079273901879787445e-03
4.077810794115066528e-03
4.077810794115066528e-03
4.066099878400564194e-03
4.073419142514467239e-03
4.080737940967082977e-03
4.086594097316265106e-03
4.028039053082466125e-03
4.035358782857656479e-03
4.032431170344352722e-03
4.023647867143154144e-03
4.001690074801445007e-03
4.020719788968563080e-03
4.016329068690538406e-03
4.028039053082466125e-03
4.023647867143154144e-03
4.022183828055858612e-03
4.022183828055858612e-03
4.020719788968563080e-03
4.022183828055858612e-03
4.016329068690538406e-03
4.022183828055858612e-03
4.019256215542554855e-03
4.045606125146150589e-03
