4.120261874049901962e-03
4.099768120795488358e-03
4.098305013030767441e-03
4.093912895768880844e-03
4.095376934856176376e-03
4.088058136403560638e-03
4.089520778506994247e-03
4.082201980054378510e-03
4.082201980054378510e-03
4.073419142514467239e-03
4.080737940967082977e-03
4.077810794115066528e-03
4.077810794115066528e-03
4.077810794115066528e-03
4.082201980054378510e-03
4.085130058228969574e-03
4.033895209431648254e-03
4.035358782857656479e-03
4.017792176455259323e-03
4.026575945317745209e-03
4.019256215542554855e-03
4.020719788968563080e-03
4.019256215542554855e-03
4.017792176455259323e-03
4.022183828055858612e-03
4.022183828055858612e-03
4.025111906230449677e-03
4.017792176455259323e-03
4.022183828055858612e-03
4.022183828055858612e-03
4.017792176455259323e-03
4.033895209431648254e-03
4.063171800225973129e-03
4.063171800225973129e-03
4.070491064339876175e-03
4.063171800225973129e-03
4.074883181601762772e-03
4.073419142514467239e-03
4.076347220689058304e-03
4.077810794115066528e-03
4.076347220689058304e-03
4.080737940967082977e-03
4.082201980054378510e-03
4.061708226799964905e-03
4.077810794115066528e-03
4.080737940967082977e-03
4.082201980054378510e-03
4.033895209431648254e-03
4.035358782857656479e-03
4.030967131257057190e-03
4.023647867143154144e-03
4.030967131257057190e-03
4.017792176455259323e-03
4.022183828055858612e-03
4.028039053082466125e-03
4.022183828055858612e-03
4.022183828055858612e-03
4.019256215542554855e-03
4.022183828055858612e-03
4.023647867143154144e-03
4.004618152976036072e-03
4.016329068690538406e-03
4.014865029603242874e-03
4.048532806336879730e-03
4.063171800225973129e-03
4.066099878400564194e-03
4.070491064339876175e-03
4.074883181601762772e-03
4.071955103427171707e-03
4.070491064339876175e-03
4.074883181601762772e-03
4.076347220689058304e-03
4.083666019141674042e-03
4.085130058228969574e-03
4.085130058228969574e-03
4.083666019141674042e-03
4.076347220689058304e-03
4.069027025252580643e-03
4.079273901879787445e-03
4.028039053082466125e-03
4.029503092169761658e-03
4.023647867143154144e-03
4.033895209431648254e-03
4.029503092169761658e-03
4.025111906230449677e-03
4.025111906230449677e-03
4.013400990515947342e-03
4.017792176455259323e-03
4.022183828055858612e-03
4.022183828055858612e-03
4.020719788968563080e-03
4.019256215542554855e-03
4.020719788968563080e-03
4.022183828055858612e-03
4.020719788968563080e-03
4.148075822740793228e-03
