4.511111881583929062e-03
4.514039959758520126e-03
4.516968037933111191e-03
4.514039959758520126e-03
4.514039959758520126e-03
4.496473819017410278e-03
4.506721161305904388e-03
4.514039959758520126e-03
4.512575920671224594e-03
4.515503998845815659e-03
4.518431145697832108e-03
4.518431145697832108e-03
4.515503998845815659e-03
4.516968037933111191e-03
4.493546206504106522e-03
4.509647842496633530e-03
4.509647842496633530e-03
4.511111881583929062e-03
4.525750875473022461e-03
4.543317016214132309e-03
4.549171775579452515e-03
4.560883156955242157e-03
4.533070139586925507e-03
4.544781055301427841e-03
4.550635814666748047e-03
4.552099853754043579e-03
4.550635814666748047e-03
4.549171775579452515e-03
4.547709133476018906e-03
4.550635814666748047e-03
4.533070139586925507e-03
4.549171775579452515e-03
4.538924898952245712e-03
4.519895184785127640e-03
4.525750875473022461e-03
4.518431145697832108e-03
4.516968037933111191e-03
4.511111881583929062e-03
4.515503998845815659e-03
4.511111881583929062e-03
4.514039959758520126e-03
4.512575920671224594e-03
4.509647842496633530e-03
4.512575920671224594e-03
4.511111881583929062e-03
4.511111881583929062e-03
4.511111881583929062e-03
4.528678022325038910e-03
4.500865004956722260e-03
4.514039959758520126e-03
4.533070139586925507e-03
4.541852977126836777e-03
4.549171775579452515e-03
4.547709133476018906e-03
4.547709133476018906e-03
4.541852977126836777e-03
4.541852977126836777e-03
4.546245094388723373e-03
4.552099853754043579e-03
4.556491971015930176e-03
4.546245094388723373e-03
4.552099853754043579e-03
4.555027931928634644e-03
4.559419117867946625e-03
4.527214914560317993e-03
4.525750875473022461e-03
4.521359223872423172e-03
4.518431145697832108e-03
4.522822797298431396e-03
4.516968037933111191e-03
4.511111881583929062e-03
4.514039959758520126e-03
4.503793083131313324e-03
4.505257122218608856e-03
4.506721161305904388e-03
4.505257122218608856e-03
4.511111881583929062e-03
4.515503998845815659e-03
4.514039959758520126e-03
4.503793083131313324e-03
4.477443173527717590e-03
4.514039959758520126e-03
4.534534178674221039e-03
4.535998217761516571e-03
4.541852977126836777e-03
4.544781055301427841e-03
4.546245094388723373e-03
4.544781055301427841e-03
4.527214914560317993e-03
4.546245094388723373e-03
4.547709133476018906e-03
4.549171775579452515e-03
4.544781055301427841e-03
4.544781055301427841e-03
4.544781055301427841e-03
4.549171775579452515e-03
4.314954858273267746e-03
