4.162713885307312012e-03
4.117335192859172821e-03
4.088058136403560638e-03
4.101232159882783890e-03
4.099768120795488358e-03
4.088058136403560638e-03
4.088058136403560638e-03
4.086594097316265106e-03
4.079273901879787445e-03
4.082201980054378510e-03
4.079273901879787445e-03
4.070491064339876175e-03
4.076347220689058304e-03
4.085130058228969574e-03
4.082201980054378510e-03
4.083666019141674042e-03
4.030967131257057190e-03
4.036822821944952011e-03
4.028039053082466125e-03
4.004618152976036072e-03
4.020719788968563080e-03
4.022183828055858612e-03
4.028039053082466125e-03
4.029503092169761658e-03
4.023647867143154144e-03
4.023647867143154144e-03
4.023647867143154144e-03
4.020719788968563080e-03
4.016329068690538406e-03
4.022183828055858612e-03
4.019256215542554855e-03
4.020719788968563080e-03
4.054388962686061859e-03
4.069027025252580643e-03
4.067563917487859726e-03
4.071955103427171707e-03
4.067563917487859726e-03
4.074883181601762772e-03
4.077810794115066528e-03
4.074883181601762772e-03
4.077810794115066528e-03
4.077810794115066528e-03
4.083666019141674042e-03
4.080737940967082977e-03
4.057317040860652924e-03
4.079273901879787445e-03
4.080737940967082977e-03
4.077810794115066528e-03
4.035358782857656479e-03
4.030967131257057190e-03
4.030967131257057190e-03
4.029503092169761658e-03
4.029503092169761658e-03
4.013400990515947342e-03
4.023647867143154144e-03
4.023647867143154144e-03
4.022183828055858612e-03
4.025111906230449677e-03
4.022183828055858612e-03
4.019256215542554855e-03
4.028039053082466125e-03
4.010472912341356277e-03
4.023647867143154144e-03
4.023647867143154144e-03
4.064635839313268661e-03
4.064635839313268661e-03
4.064635839313268661e-03
4.070491064339876175e-03
4.069027025252580643e-03
4.074883181601762772e-03
4.076347220689058304e-03
4.083666019141674042e-03
4.080737940967082977e-03
4.082201980054378510e-03
4.080737940967082977e-03
4.082201980054378510e-03
4.083666019141674042e-03
4.083666019141674042e-03
4.055853001773357391e-03
4.076347220689058304e-03
4.029503092169761658e-03
4.036822821944952011e-03
4.028039053082466125e-03
4.026575945317745209e-03
4.025111906230449677e-03
4.023647867143154144e-03
4.022183828055858612e-03
4.016329068690538406e-03
4.022183828055858612e-03
4.017792176455259323e-03
4.020719788968563080e-03
4.026575945317745209e-03
4.023647867143154144e-03
4.022183828055858612e-03
4.022183828055858612e-03
4.007544834166765213e-03
4.064635839313268661e-03
