4.244689829647541046e-03
4.263720009475946426e-03
4.285677801817655563e-03
4.309100098907947540e-03
4.320811014622449875e-03
4.329593852162361145e-03
4.325202200561761856e-03
4.335449077188968658e-03
4.333985038101673126e-03
4.338377155363559723e-03
4.335449077188968658e-03
4.335449077188968658e-03
4.333985038101673126e-03
4.333985038101673126e-03
4.338377155363559723e-03
4.333985038101673126e-03
4.291533958166837692e-03
4.281287081539630890e-03
4.275430925190448761e-03
4.273966886103153229e-03
4.272502847015857697e-03
4.275430925190448761e-03
4.279823042452335358e-03
4.257864784449338913e-03
4.273966886103153229e-03
4.272502847015857697e-03
4.272502847015857697e-03
4.275430925190448761e-03
4.271040204912424088e-03
4.273966886103153229e-03
4.278359003365039825e-03
4.278359003365039825e-03
4.303243942558765411e-03
4.319346975535154343e-03
4.328129813075065613e-03
4.329593852162361145e-03
4.331057891249656677e-03
4.328129813075065613e-03
4.333985038101673126e-03
4.332521930336952209e-03
4.319346975535154343e-03
4.331057891249656677e-03
4.329593852162361145e-03
4.338377155363559723e-03
4.335449077188968658e-03
4.333985038101673126e-03
4.335449077188968658e-03
4.333985038101673126e-03
4.284214228391647339e-03
4.265184048563241959e-03
4.268112126737833023e-03
4.263720009475946426e-03
4.272502847015857697e-03
4.272502847015857697e-03
4.268112126737833023e-03
4.268112126737833023e-03
4.265184048563241959e-03
4.268112126737833023e-03
4.263720009475946426e-03
4.265184048563241959e-03
4.265184048563241959e-03
4.266648087650537491e-03
4.263720009475946426e-03
4.269576165825128555e-03
4.304707981646060944e-03
4.316418897360563278e-03
4.313490819185972214e-03
4.328129813075065613e-03
4.326665773987770081e-03
4.329593852162361145e-03
4.331057891249656677e-03
4.329593852162361145e-03
4.326665773987770081e-03
4.338377155363559723e-03
4.331057891249656677e-03
4.326665773987770081e-03
4.329593852162361145e-03
4.331057891249656677e-03
4.329593852162361145e-03
4.329593852162361145e-03
4.273966886103153229e-03
4.262255970388650894e-03
4.269576165825128555e-03
4.256401211023330688e-03
4.260792862623929977e-03
4.259328823536634445e-03
4.253473132848739624e-03
4.252009093761444092e-03
4.253473132848739624e-03
4.260792862623929977e-03
4.254937171936035156e-03
4.253473132848739624e-03
4.243225790560245514e-03
4.257864784449338913e-03
4.257864784449338913e-03
4.252009093761444092e-03
4.069027025252580643e-03
