4.130509216338396072e-03
4.115871153771877289e-03
4.107087850570678711e-03
4.098305013030767441e-03
4.093912895768880844e-03
4.089520778506994247e-03
4.071955103427171707e-03
4.080737940967082977e-03
4.077810794115066528e-03
4.080737940967082977e-03
4.080737940967082977e-03
4.082201980054378510e-03
4.085130058228969574e-03
4.085130058228969574e-03
4.080737940967082977e-03
4.070491064339876175e-03
4.028039053082466125e-03
4.033895209431648254e-03
4.028039053082466125e-03
4.023647867143154144e-03
4.028039053082466125e-03
4.023647867143154144e-03
4.028039053082466125e-03
4.016329068690538406e-03
4.019256215542554855e-03
4.016329068690538406e-03
4.025111906230449677e-03
4.022183828055858612e-03
4.019256215542554855e-03
4.020719788968563080e-03
4.020719788968563080e-03
3.995834849774837494e-03
4.061708226799964905e-03
4.064635839313268661e-03
4.066099878400564194e-03
4.070491064339876175e-03
4.074883181601762772e-03
4.074883181601762772e-03
4.074883181601762772e-03
4.057317040860652924e-03
4.074883181601762772e-03
4.083666019141674042e-03
4.082201980054378510e-03
4.086594097316265106e-03
4.082201980054378510e-03
4.083666019141674042e-03
4.086594097316265106e-03
4.066099878400564194e-03
4.020719788968563080e-03
4.028039053082466125e-03
4.025111906230449677e-03
4.029503092169761658e-03
4.028039053082466125e-03
4.023647867143154144e-03
4.022183828055858612e-03
4.025111906230449677e-03
4.000226035714149475e-03
4.016329068690538406e-03
4.019256215542554855e-03
4.022183828055858612e-03
4.026575945317745209e-03
4.023647867143154144e-03
4.026575945317745209e-03
4.036822821944952011e-03
4.064635839313268661e-03
4.054388962686061859e-03
4.067563917487859726e-03
4.071955103427171707e-03
4.076347220689058304e-03
4.080737940967082977e-03
4.082201980054378510e-03
4.080737940967082977e-03
4.085130058228969574e-03
4.061708226799964905e-03
4.076347220689058304e-03
4.077810794115066528e-03
4.076347220689058304e-03
4.071955103427171707e-03
4.083666019141674042e-03
4.041214007884263992e-03
4.033895209431648254e-03
4.033895209431648254e-03
4.017792176455259323e-03
4.022183828055858612e-03
4.020719788968563080e-03
4.017792176455259323e-03
4.026575945317745209e-03
4.028039053082466125e-03
4.022183828055858612e-03
4.023647867143154144e-03
4.009008873254060745e-03
4.022183828055858612e-03
4.019256215542554855e-03
4.023647867143154144e-03
4.022183828055858612e-03
4.022183828055858612e-03
4.085130058228969574e-03
