4.260792862623929977e-03
4.279823042452335358e-03
4.292997065931558609e-03
4.316418897360563278e-03
4.326665773987770081e-03
4.328129813075065613e-03
4.335449077188968658e-03
4.335449077188968658e-03
4.336913116276264191e-03
4.333985038101673126e-03
4.325202200561761856e-03
4.329593852162361145e-03
4.336913116276264191e-03
4.335449077188968658e-03
4.341304767876863480e-03
4.339841194450855255e-03
4.287141840904951096e-03
4.279823042452335358e-03
4.278359003365039825e-03
4.263720009475946426e-03
4.272502847015857697e-03
4.272502847015857697e-03
4.273966886103153229e-03
4.278359003365039825e-03
4.284214228391647339e-03
4.276894964277744293e-03
4.276894964277744293e-03
4.271040204912424088e-03
4.268112126737833023e-03
4.272502847015857697e-03
4.272502847015857697e-03
4.329593852162361145e-03
4.314954858273267746e-03
4.325202200561761856e-03
4.331057891249656677e-03
4.335449077188968658e-03
4.323738161474466324e-03
4.333985038101673126e-03
4.336913116276264191e-03
4.333985038101673126e-03
4.331057891249656677e-03
4.333985038101673126e-03
4.342768806964159012e-03
4.336913116276264191e-03
4.336913116276264191e-03
4.326665773987770081e-03
4.332521930336952209e-03
4.303243942558765411e-03
4.278359003365039825e-03
4.272502847015857697e-03
4.269576165825128555e-03
4.268112126737833023e-03
4.268112126737833023e-03
4.262255970388650894e-03
4.272502847015857697e-03
4.273966886103153229e-03
4.268112126737833023e-03
4.269576165825128555e-03
4.271040204912424088e-03
4.268112126737833023e-03
4.269576165825128555e-03
4.268112126737833023e-03
4.262255970388650894e-03
4.303243942558765411e-03
4.312028177082538605e-03
4.322275053709745407e-03
4.326665773987770081e-03
4.331057891249656677e-03
4.333985038101673126e-03
4.333985038101673126e-03
4.319346975535154343e-03
4.329593852162361145e-03
4.326665773987770081e-03
4.332521930336952209e-03
4.331057891249656677e-03
4.332521930336952209e-03
4.332521930336952209e-03
4.332521930336952209e-03
4.333985038101673126e-03
4.276894964277744293e-03
4.266648087650537491e-03
4.262255970388650894e-03
4.263720009475946426e-03
4.265184048563241959e-03
4.266648087650537491e-03
4.262255970388650894e-03
4.262255970388650894e-03
4.262255970388650894e-03
4.263720009475946426e-03
4.262255970388650894e-03
4.260792862623929977e-03
4.260792862623929977e-03
4.263720009475946426e-03
4.265184048563241959e-03
4.260792862623929977e-03
4.259328823536634445e-03
