4.247617907822132111e-03
4.269576165825128555e-03
4.297389183193445206e-03
4.314954858273267746e-03
4.322275053709745407e-03
4.329593852162361145e-03
4.332521930336952209e-03
4.338377155363559723e-03
4.335449077188968658e-03
4.325202200561761856e-03
4.333985038101673126e-03
4.335449077188968658e-03
4.335449077188968658e-03
4.336913116276264191e-03
4.335449077188968658e-03
4.335449077188968658e-03
4.287141840904951096e-03
4.275430925190448761e-03
4.265184048563241959e-03
4.275430925190448761e-03
4.279823042452335358e-03
4.273966886103153229e-03
4.272502847015857697e-03
4.272502847015857697e-03
4.276894964277744293e-03
4.272502847015857697e-03
4.257864784449338913e-03
4.271040204912424088e-03
4.273966886103153229e-03
4.276894964277744293e-03
4.273966886103153229e-03
4.273966886103153229e-03
4.314954858273267746e-03
4.325202200561761856e-03
4.326665773987770081e-03
4.322275053709745407e-03
4.333985038101673126e-03
4.331057891249656677e-03
4.332521930336952209e-03
4.339841194450855255e-03
4.333985038101673126e-03
4.333985038101673126e-03
4.332521930336952209e-03
4.320811014622449875e-03
4.332521930336952209e-03
4.328129813075065613e-03
4.329593852162361145e-03
4.328129813075065613e-03
4.276894964277744293e-03
4.276894964277744293e-03
4.269576165825128555e-03
4.269576165825128555e-03
4.259328823536634445e-03
4.269576165825128555e-03
4.265184048563241959e-03
4.268112126737833023e-03
4.265184048563241959e-03
4.266648087650537491e-03
4.273966886103153229e-03
4.266648087650537491e-03
4.265184048563241959e-03
4.271040204912424088e-03
4.269576165825128555e-03
4.273966886103153229e-03
4.307636059820652008e-03
4.319346975535154343e-03
4.323738161474466324e-03
4.326665773987770081e-03
4.323738161474466324e-03
4.314954858273267746e-03
4.331057891249656677e-03
4.331057891249656677e-03
4.332521930336952209e-03
4.335449077188968658e-03
4.332521930336952209e-03
4.331057891249656677e-03
4.332521930336952209e-03
4.329593852162361145e-03
4.320811014622449875e-03
4.279823042452335358e-03
4.268112126737833023e-03
4.262255970388650894e-03
4.262255970388650894e-03
4.260792862623929977e-03
4.257864784449338913e-03
4.256401211023330688e-03
4.241762217134237289e-03
4.265184048563241959e-03
4.262255970388650894e-03
4.263720009475946426e-03
4.254937171936035156e-03
4.257864784449338913e-03
4.252009093761444092e-03
4.247617907822132111e-03
4.252009093761444092e-03
4.253473132848739624e-03
4.048532806336879730e-03
