4.410106223076581955e-03
4.434992093592882156e-03
4.439382813870906830e-03
4.440846852958202362e-03
4.442310892045497894e-03
4.443774931132793427e-03
4.442310892045497894e-03
4.445238970220088959e-03
4.445238970220088959e-03
4.448166117072105408e-03
4.430599976330995560e-03
4.443774931132793427e-03
4.446702077984809875e-03
4.446702077984809875e-03
4.445238970220088959e-03
4.440846852958202362e-03
4.437918774783611298e-03
4.456948954612016678e-03
4.468659870326519012e-03
4.473051987588405609e-03
4.477443173527717590e-03
4.477443173527717590e-03
4.478907212615013123e-03
4.477443173527717590e-03
4.478907212615013123e-03
4.481834825128316879e-03
4.467195831239223480e-03
4.475980065762996674e-03
4.478907212615013123e-03
4.478907212615013123e-03
4.475980065762996674e-03
4.481834825128316879e-03
4.486226942390203476e-03
4.473051987588405609e-03
4.451094195246696472e-03
4.446702077984809875e-03
4.445238970220088959e-03
4.442310892045497894e-03
4.443774931132793427e-03
4.443774931132793427e-03
4.439382813870906830e-03
4.440846852958202362e-03
4.421817138791084290e-03
4.436455201357603073e-03
4.440846852958202362e-03
4.439382813870906830e-03
4.440846852958202362e-03
4.443774931132793427e-03
4.429135937243700027e-03
4.456948954612016678e-03
4.464269150048494339e-03
4.470123909413814545e-03
4.474516026675701141e-03
4.477443173527717590e-03
4.478907212615013123e-03
4.480370786041021347e-03
4.477443173527717590e-03
4.481834825128316879e-03
4.475980065762996674e-03
4.470123909413814545e-03
4.474516026675701141e-03
4.470123909413814545e-03
4.474516026675701141e-03
4.474516026675701141e-03
4.492082167416810989e-03
4.473051987588405609e-03
4.459877032786607742e-03
4.443774931132793427e-03
4.442310892045497894e-03
4.440846852958202362e-03
4.439382813870906830e-03
4.437918774783611298e-03
4.439382813870906830e-03
4.437918774783611298e-03
4.445238970220088959e-03
4.432064015418291092e-03
4.439382813870906830e-03
4.443774931132793427e-03
4.437918774783611298e-03
4.439382813870906830e-03
4.433528054505586624e-03
4.452557768672704697e-03
4.465733189135789871e-03
4.455485846847295761e-03
4.467195831239223480e-03
4.473051987588405609e-03
4.478907212615013123e-03
4.477443173527717590e-03
4.475980065762996674e-03
4.475980065762996674e-03
4.473051987588405609e-03
4.456948954612016678e-03
4.467195831239223480e-03
4.470123909413814545e-03
4.473051987588405609e-03
4.475980065762996674e-03
4.285677801817655563e-03
