3.694280050694942474e-03
3.722093999385833740e-03
3.719165921211242676e-03
3.723557107150554657e-03
3.726484952494502068e-03
3.725020913407206535e-03
3.725020913407206535e-03
3.720629960298538208e-03
3.725020913407206535e-03
3.713309997692704201e-03
3.720629960298538208e-03
3.719165921211242676e-03
3.720629960298538208e-03
3.719165921211242676e-03
3.720629960298538208e-03
3.727948991581797600e-03
3.727948991581797600e-03
3.698671935126185417e-03
3.689889097586274147e-03
3.691352903842926025e-03
3.698671935126185417e-03
3.698671935126185417e-03
3.701600013300776482e-03
3.695744089782238007e-03
3.698671935126185417e-03
3.698671935126185417e-03
3.697207896038889885e-03
3.695744089782238007e-03
3.697207896038889885e-03
3.697207896038889885e-03
3.698671935126185417e-03
3.697207896038889885e-03
3.719165921211242676e-03
3.723557107150554657e-03
3.716238075867295265e-03
3.722093999385833740e-03
3.716238075867295265e-03
3.720629960298538208e-03
3.720629960298538208e-03
3.725020913407206535e-03
3.722093999385833740e-03
3.726484952494502068e-03
3.727948991581797600e-03
3.722093999385833740e-03
3.716238075867295265e-03
3.714774036779999733e-03
3.726484952494502068e-03
3.719165921211242676e-03
3.698671935126185417e-03
3.697207896038889885e-03
3.703062888234853745e-03
3.700135974213480949e-03
3.703062888234853745e-03
3.686961019411683083e-03
3.697207896038889885e-03
3.691352903842926025e-03
3.698671935126185417e-03
3.700135974213480949e-03
3.703062888234853745e-03
3.703062888234853745e-03
3.701600013300776482e-03
3.703062888234853745e-03
3.691352903842926025e-03
3.703062888234853745e-03
3.722093999385833740e-03
3.719165921211242676e-03
3.723557107150554657e-03
3.720629960298538208e-03
3.723557107150554657e-03
3.723557107150554657e-03
3.722093999385833740e-03
3.710383083671331406e-03
3.729413030669093132e-03
3.726484952494502068e-03
3.727948991581797600e-03
3.726484952494502068e-03
3.729413030669093132e-03
3.735268022865056992e-03
3.738196101039648056e-03
3.736732061952352524e-03
3.701600013300776482e-03
3.695744089782238007e-03
3.703062888234853745e-03
3.705990966409444809e-03
3.705990966409444809e-03
3.720629960298538208e-03
3.736732061952352524e-03
3.758690087124705315e-03
3.758690087124705315e-03
3.789430949836969376e-03
3.793821902945637703e-03
3.793821902945637703e-03
3.799678059294819832e-03
3.811388975009322166e-03
3.805533051490783691e-03
3.808460896834731102e-03
3.975341096520423889e-03
