3.811388975009322166e-03
3.820172045379877090e-03
3.826027037575840950e-03
3.823099890723824501e-03
3.827491076663136482e-03
3.815779928117990494e-03
3.827491076663136482e-03
3.833347000181674957e-03
3.830418922007083893e-03
3.828955115750432014e-03
3.830418922007083893e-03
3.831882961094379425e-03
3.828955115750432014e-03
3.830418922007083893e-03
3.818708006292581558e-03
3.824562998488545418e-03
3.799678059294819832e-03
3.798214020207524300e-03
3.801142098382115364e-03
3.801142098382115364e-03
3.801142098382115364e-03
3.795285942032933235e-03
3.798214020207524300e-03
3.782111918553709984e-03
3.790894988924264908e-03
3.795285942032933235e-03
3.799678059294819832e-03
3.804069012403488159e-03
3.801142098382115364e-03
3.799678059294819832e-03
3.799678059294819832e-03
3.821636084467172623e-03
3.811388975009322166e-03
3.823099890723824501e-03
3.826027037575840950e-03
3.824562998488545418e-03
3.830418922007083893e-03
3.834810107946395874e-03
3.831882961094379425e-03
3.833347000181674957e-03
3.830418922007083893e-03
3.812853014096617699e-03
3.827491076663136482e-03
3.824562998488545418e-03
3.826027037575840950e-03
3.827491076663136482e-03
3.828955115750432014e-03
3.812853014096617699e-03
3.804069012403488159e-03
3.802605904638767242e-03
3.786503104493021965e-03
3.798214020207524300e-03
3.798214020207524300e-03
3.796749981120228767e-03
3.795285942032933235e-03
3.801142098382115364e-03
3.802605904638767242e-03
3.801142098382115364e-03
3.801142098382115364e-03
3.782111918553709984e-03
3.796749981120228767e-03
3.795285942032933235e-03
3.799678059294819832e-03
3.826027037575840950e-03
3.818708006292581558e-03
3.823099890723824501e-03
3.824562998488545418e-03
3.827491076663136482e-03
3.811388975009322166e-03
3.826027037575840950e-03
3.828955115750432014e-03
3.831882961094379425e-03
3.828955115750432014e-03
3.830418922007083893e-03
3.826027037575840950e-03
3.827491076663136482e-03
3.826027037575840950e-03
3.808460896834731102e-03
3.833347000181674957e-03
3.806997090578079224e-03
3.799678059294819832e-03
3.799678059294819832e-03
3.798214020207524300e-03
3.799678059294819832e-03
3.798214020207524300e-03
3.799678059294819832e-03
3.779184073209762573e-03
3.795285942032933235e-03
3.799678059294819832e-03
3.799678059294819832e-03
3.804069012403488159e-03
3.798214020207524300e-03
3.804069012403488159e-03
3.793821902945637703e-03
3.796749981120228767e-03
3.779184073209762573e-03
