3.711846889927983284e-03
3.722093999385833740e-03
3.717702114954590797e-03
3.713309997692704201e-03
3.725020913407206535e-03
3.725020913407206535e-03
3.722093999385833740e-03
3.722093999385833740e-03
3.723557107150554657e-03
3.705990966409444809e-03
3.719165921211242676e-03
3.722093999385833740e-03
3.725020913407206535e-03
3.723557107150554657e-03
3.722093999385833740e-03
3.722093999385833740e-03
3.694280050694942474e-03
3.694280050694942474e-03
3.686961019411683083e-03
3.697207896038889885e-03
3.701600013300776482e-03
3.701600013300776482e-03
3.700135974213480949e-03
3.700135974213480949e-03
3.694280050694942474e-03
3.698671935126185417e-03
3.676713909953832626e-03
3.697207896038889885e-03
3.700135974213480949e-03
3.698671935126185417e-03
3.705990966409444809e-03
3.695744089782238007e-03
3.717702114954590797e-03
3.716238075867295265e-03
3.727948991581797600e-03
3.708919044584035873e-03
3.719165921211242676e-03
3.722093999385833740e-03
3.717702114954590797e-03
3.716238075867295265e-03
3.717702114954590797e-03
3.716238075867295265e-03
3.725020913407206535e-03
3.720629960298538208e-03
3.705990966409444809e-03
3.717702114954590797e-03
3.722093999385833740e-03
3.716238075867295265e-03
3.695744089782238007e-03
3.694280050694942474e-03
3.701600013300776482e-03
3.697207896038889885e-03
3.701600013300776482e-03
3.686961019411683083e-03
3.695744089782238007e-03
3.695744089782238007e-03
3.697207896038889885e-03
3.700135974213480949e-03
3.701600013300776482e-03
3.705990966409444809e-03
3.704526927322149277e-03
3.700135974213480949e-03
3.689889097586274147e-03
3.717702114954590797e-03
3.719165921211242676e-03
3.714774036779999733e-03
3.720629960298538208e-03
3.723557107150554657e-03
3.719165921211242676e-03
3.719165921211242676e-03
3.707455005496740341e-03
3.716238075867295265e-03
3.717702114954590797e-03
3.720629960298538208e-03
3.722093999385833740e-03
3.717702114954590797e-03
3.723557107150554657e-03
3.723557107150554657e-03
3.722093999385833740e-03
3.698671935126185417e-03
3.701600013300776482e-03
3.700135974213480949e-03
3.700135974213480949e-03
3.701600013300776482e-03
3.710383083671331406e-03
3.710383083671331406e-03
3.717702114954590797e-03
3.725020913407206535e-03
3.736732061952352524e-03
3.749907016754150391e-03
3.748442977666854858e-03
3.752835094928741455e-03
3.757226048037409782e-03
3.767472924664616585e-03
3.771865041926503181e-03
3.780648112297058105e-03
3.858231939375400543e-03
