3.767472924664616585e-03
3.725020913407206535e-03
3.720629960298538208e-03
3.720629960298538208e-03
3.708919044584035873e-03
3.719165921211242676e-03
3.720629960298538208e-03
3.720629960298538208e-03
3.719165921211242676e-03
3.723557107150554657e-03
3.729413030669093132e-03
3.723557107150554657e-03
3.707455005496740341e-03
3.719165921211242676e-03
3.722093999385833740e-03
3.717702114954590797e-03
3.689889097586274147e-03
3.694280050694942474e-03
3.697207896038889885e-03
3.698671935126185417e-03
3.703062888234853745e-03
3.679641988128423691e-03
3.694280050694942474e-03
3.701600013300776482e-03
3.701600013300776482e-03
3.701600013300776482e-03
3.701600013300776482e-03
3.703062888234853745e-03
3.697207896038889885e-03
3.697207896038889885e-03
3.685496980324387550e-03
3.694280050694942474e-03
3.717702114954590797e-03
3.723557107150554657e-03
3.720629960298538208e-03
3.720629960298538208e-03
3.722093999385833740e-03
3.726484952494502068e-03
3.725020913407206535e-03
3.713309997692704201e-03
3.716238075867295265e-03
3.717702114954590797e-03
3.717702114954590797e-03
3.722093999385833740e-03
3.726484952494502068e-03
3.723557107150554657e-03
3.719165921211242676e-03
3.719165921211242676e-03
3.686961019411683083e-03
3.698671935126185417e-03
3.700135974213480949e-03
3.695744089782238007e-03
3.698671935126185417e-03
3.695744089782238007e-03
3.703062888234853745e-03
3.701600013300776482e-03
3.679641988128423691e-03
3.695744089782238007e-03
3.703062888234853745e-03
3.703062888234853745e-03
3.698671935126185417e-03
3.701600013300776482e-03
3.697207896038889885e-03
3.695744089782238007e-03
3.722093999385833740e-03
3.705990966409444809e-03
3.720629960298538208e-03
3.719165921211242676e-03
3.717702114954590797e-03
3.723557107150554657e-03
3.726484952494502068e-03
3.719165921211242676e-03
3.722093999385833740e-03
3.720629960298538208e-03
3.708919044584035873e-03
3.725020913407206535e-03
3.725020913407206535e-03
3.725020913407206535e-03
3.726484952494502068e-03
3.725020913407206535e-03
3.703062888234853745e-03
3.698671935126185417e-03
3.700135974213480949e-03
3.691352903842926025e-03
3.704526927322149277e-03
3.716238075867295265e-03
3.722093999385833740e-03
3.729413030669093132e-03
3.736732061952352524e-03
3.746978938579559326e-03
3.760153893381357193e-03
3.755762008950114250e-03
3.773329081013798714e-03
3.783575026318430901e-03
3.782111918553709984e-03
3.785039065405726433e-03
3.809924935922026634e-03
