3.862624056637287140e-03
3.862624056637287140e-03
3.872870933264493942e-03
3.874334972351789474e-03
3.874334972351789474e-03
3.874334972351789474e-03
3.880189964547753334e-03
3.881654003635048866e-03
3.880189964547753334e-03
3.877261886373162270e-03
3.871406894177198410e-03
3.880189964547753334e-03
3.872870933264493942e-03
3.877261886373162270e-03
3.875798080116510391e-03
3.872870933264493942e-03
3.855304094031453133e-03
3.853840986266732216e-03
3.856767900288105011e-03
3.842130070552229881e-03
3.855304094031453133e-03
3.853840986266732216e-03
3.850912908092141151e-03
3.855304094031453133e-03
3.853840986266732216e-03
3.853840986266732216e-03
3.852376947179436684e-03
3.856767900288105011e-03
3.847985062748193741e-03
3.859695978462696075e-03
3.859695978462696075e-03
3.853840986266732216e-03
3.878725925460457802e-03
3.888973034918308258e-03
3.875798080116510391e-03
3.881654003635048866e-03
3.880189964547753334e-03
3.874334972351789474e-03
3.874334972351789474e-03
3.871406894177198410e-03
3.877261886373162270e-03
3.872870933264493942e-03
3.872870933264493942e-03
3.869943087920546532e-03
3.877261886373162270e-03
3.874334972351789474e-03
3.869943087920546532e-03
3.875798080116510391e-03
3.853840986266732216e-03
3.850912908092141151e-03
3.850912908092141151e-03
3.850912908092141151e-03
3.850912908092141151e-03
3.852376947179436684e-03
3.839201992377638817e-03
3.852376947179436684e-03
3.853840986266732216e-03
3.856767900288105011e-03
3.853840986266732216e-03
3.853840986266732216e-03
3.855304094031453133e-03
3.853840986266732216e-03
3.850912908092141151e-03
3.839201992377638817e-03
3.874334972351789474e-03
3.883118042722344398e-03
3.878725925460457802e-03
3.875798080116510391e-03
3.875798080116510391e-03
3.877261886373162270e-03
3.872870933264493942e-03
3.871406894177198410e-03
3.855304094031453133e-03
3.878725925460457802e-03
3.880189964547753334e-03
3.874334972351789474e-03
3.878725925460457802e-03
3.875798080116510391e-03
3.874334972351789474e-03
3.872870933264493942e-03
3.850912908092141151e-03
3.821636084467172623e-03
3.849449101835489273e-03
3.852376947179436684e-03
3.853840986266732216e-03
3.853840986266732216e-03
3.855304094031453133e-03
3.852376947179436684e-03
3.850912908092141151e-03
3.849449101835489273e-03
3.845056984573602676e-03
3.849449101835489273e-03
3.846521023660898209e-03
3.859695978462696075e-03
3.852376947179436684e-03
3.852376947179436684e-03
3.828955115750432014e-03
