3.666467033326625824e-03
3.726484952494502068e-03
3.735268022865056992e-03
3.725020913407206535e-03
3.708919044584035873e-03
3.720629960298538208e-03
3.719165921211242676e-03
3.726484952494502068e-03
3.729413030669093132e-03
3.723557107150554657e-03
3.723557107150554657e-03
3.719165921211242676e-03
3.722093999385833740e-03
3.704526927322149277e-03
3.722093999385833740e-03
3.722093999385833740e-03
3.701600013300776482e-03
3.700135974213480949e-03
3.701600013300776482e-03
3.705990966409444809e-03
3.704526927322149277e-03
3.701600013300776482e-03
3.689889097586274147e-03
3.697207896038889885e-03
3.703062888234853745e-03
3.700135974213480949e-03
3.701600013300776482e-03
3.692816011607646942e-03
3.695744089782238007e-03
3.705990966409444809e-03
3.705990966409444809e-03
3.692816011607646942e-03
3.727948991581797600e-03
3.722093999385833740e-03
3.727948991581797600e-03
3.723557107150554657e-03
3.723557107150554657e-03
3.720629960298538208e-03
3.722093999385833740e-03
3.726484952494502068e-03
3.719165921211242676e-03
3.722093999385833740e-03
3.722093999385833740e-03
3.717702114954590797e-03
3.723557107150554657e-03
3.726484952494502068e-03
3.720629960298538208e-03
3.722093999385833740e-03
3.701600013300776482e-03
3.695744089782238007e-03
3.701600013300776482e-03
3.698671935126185417e-03
3.692816011607646942e-03
3.695744089782238007e-03
3.695744089782238007e-03
3.701600013300776482e-03
3.703062888234853745e-03
3.685496980324387550e-03
3.695744089782238007e-03
3.698671935126185417e-03
3.698671935126185417e-03
3.700135974213480949e-03
3.700135974213480949e-03
3.698671935126185417e-03
3.722093999385833740e-03
3.732341108843684196e-03
3.710383083671331406e-03
3.717702114954590797e-03
3.720629960298538208e-03
3.720629960298538208e-03
3.722093999385833740e-03
3.714774036779999733e-03
3.723557107150554657e-03
3.725020913407206535e-03
3.725020913407206535e-03
3.703062888234853745e-03
3.711846889927983284e-03
3.720629960298538208e-03
3.722093999385833740e-03
3.723557107150554657e-03
3.701600013300776482e-03
3.694280050694942474e-03
3.698671935126185417e-03
3.701600013300776482e-03
3.691352903842926025e-03
3.697207896038889885e-03
3.695744089782238007e-03
3.695744089782238007e-03
3.701600013300776482e-03
3.704526927322149277e-03
3.698671935126185417e-03
3.698671935126185417e-03
3.698671935126185417e-03
3.697207896038889885e-03
3.703062888234853745e-03
3.698671935126185417e-03
3.653292078524827957e-03
