3.861160017549991608e-03
3.877261886373162270e-03
3.877261886373162270e-03
3.875798080116510391e-03
3.881654003635048866e-03
3.877261886373162270e-03
3.867015009745955467e-03
3.880189964547753334e-03
3.881654003635048866e-03
3.877261886373162270e-03
3.877261886373162270e-03
3.878725925460457802e-03
3.877261886373162270e-03
3.875798080116510391e-03
3.874334972351789474e-03
3.865550970658659935e-03
3.853840986266732216e-03
3.849449101835489273e-03
3.861160017549991608e-03
3.858231939375400543e-03
3.856767900288105011e-03
3.862624056637287140e-03
3.859695978462696075e-03
3.843594109639525414e-03
3.856767900288105011e-03
3.853840986266732216e-03
3.853840986266732216e-03
3.859695978462696075e-03
3.864088095724582672e-03
3.864088095724582672e-03
3.864088095724582672e-03
3.862624056637287140e-03
3.869943087920546532e-03
3.883118042722344398e-03
3.877261886373162270e-03
3.874334972351789474e-03
3.878725925460457802e-03
3.875798080116510391e-03
3.877261886373162270e-03
3.880189964547753334e-03
3.880189964547753334e-03
3.874334972351789474e-03
3.871406894177198410e-03
3.869943087920546532e-03
3.874334972351789474e-03
3.875798080116510391e-03
3.877261886373162270e-03
3.883118042722344398e-03
3.861160017549991608e-03
3.852376947179436684e-03
3.845056984573602676e-03
3.852376947179436684e-03
3.853840986266732216e-03
3.853840986266732216e-03
3.853840986266732216e-03
3.847985062748193741e-03
3.862624056637287140e-03
3.856767900288105011e-03
3.856767900288105011e-03
3.850912908092141151e-03
3.849449101835489273e-03
3.858231939375400543e-03
3.852376947179436684e-03
3.853840986266732216e-03
3.878725925460457802e-03
3.881654003635048866e-03
3.874334972351789474e-03
3.878725925460457802e-03
3.871406894177198410e-03
3.874334972351789474e-03
3.874334972351789474e-03
3.875798080116510391e-03
3.875798080116510391e-03
3.877261886373162270e-03
3.875798080116510391e-03
3.869943087920546532e-03
3.877261886373162270e-03
3.868479048833250999e-03
3.875798080116510391e-03
3.872870933264493942e-03
3.847985062748193741e-03
3.847985062748193741e-03
3.849449101835489273e-03
3.850912908092141151e-03
3.850912908092141151e-03
3.827491076663136482e-03
3.850912908092141151e-03
3.853840986266732216e-03
3.853840986266732216e-03
3.852376947179436684e-03
3.855304094031453133e-03
3.850912908092141151e-03
3.855304094031453133e-03
3.855304094031453133e-03
3.833347000181674957e-03
3.847985062748193741e-03
3.840666031464934349e-03
