3.818708006292581558e-03
3.823099890723824501e-03
3.827491076663136482e-03
3.801142098382115364e-03
3.820172045379877090e-03
3.828955115750432014e-03
3.831882961094379425e-03
3.833347000181674957e-03
3.831882961094379425e-03
3.831882961094379425e-03
3.830418922007083893e-03
3.828955115750432014e-03
3.811388975009322166e-03
3.826027037575840950e-03
3.833347000181674957e-03
3.823099890723824501e-03
3.804069012403488159e-03
3.799678059294819832e-03
3.793821902945637703e-03
3.798214020207524300e-03
3.799678059294819832e-03
3.796749981120228767e-03
3.787966910749673843e-03
3.799678059294819832e-03
3.799678059294819832e-03
3.802605904638767242e-03
3.806997090578079224e-03
3.801142098382115364e-03
3.799678059294819832e-03
3.799678059294819832e-03
3.785039065405726433e-03
3.824562998488545418e-03
3.824562998488545418e-03
3.827491076663136482e-03
3.828955115750432014e-03
3.828955115750432014e-03
3.830418922007083893e-03
3.831882961094379425e-03
3.837737953290343285e-03
3.824562998488545418e-03
3.824562998488545418e-03
3.828955115750432014e-03
3.827491076663136482e-03
3.827491076663136482e-03
3.828955115750432014e-03
3.830418922007083893e-03
3.831882961094379425e-03
3.817243967205286026e-03
3.799678059294819832e-03
3.795285942032933235e-03
3.796749981120228767e-03
3.802605904638767242e-03
3.801142098382115364e-03
3.799678059294819832e-03
3.801142098382115364e-03
3.798214020207524300e-03
3.795285942032933235e-03
3.793821902945637703e-03
3.792359028011560440e-03
3.801142098382115364e-03
3.802605904638767242e-03
3.796749981120228767e-03
3.799678059294819832e-03
3.830418922007083893e-03
3.821636084467172623e-03
3.827491076663136482e-03
3.814315889030694962e-03
3.833347000181674957e-03
3.828955115750432014e-03
3.830418922007083893e-03
3.827491076663136482e-03
3.830418922007083893e-03
3.833347000181674957e-03
3.828955115750432014e-03
3.836273914203047752e-03
3.833347000181674957e-03
3.818708006292581558e-03
3.824562998488545418e-03
3.828955115750432014e-03
3.809924935922026634e-03
3.805533051490783691e-03
3.801142098382115364e-03
3.805533051490783691e-03
3.796749981120228767e-03
3.796749981120228767e-03
3.793821902945637703e-03
3.799678059294819832e-03
3.798214020207524300e-03
3.795285942032933235e-03
3.798214020207524300e-03
3.795285942032933235e-03
3.802605904638767242e-03
3.801142098382115364e-03
3.801142098382115364e-03
3.789430949836969376e-03
3.793821902945637703e-03
