3.703062888234853745e-03
3.722093999385833740e-03
3.714774036779999733e-03
3.713309997692704201e-03
3.722093999385833740e-03
3.720629960298538208e-03
3.719165921211242676e-03
3.716238075867295265e-03
3.719165921211242676e-03
3.719165921211242676e-03
3.722093999385833740e-03
3.717702114954590797e-03
3.705990966409444809e-03
3.719165921211242676e-03
3.719165921211242676e-03
3.717702114954590797e-03
3.689889097586274147e-03
3.694280050694942474e-03
3.697207896038889885e-03
3.698671935126185417e-03
3.701600013300776482e-03
3.686961019411683083e-03
3.698671935126185417e-03
3.695744089782238007e-03
3.697207896038889885e-03
3.697207896038889885e-03
3.694280050694942474e-03
3.698671935126185417e-03
3.700135974213480949e-03
3.700135974213480949e-03
3.692816011607646942e-03
3.694280050694942474e-03
3.710383083671331406e-03
3.719165921211242676e-03
3.717702114954590797e-03
3.720629960298538208e-03
3.722093999385833740e-03
3.723557107150554657e-03
3.711846889927983284e-03
3.717702114954590797e-03
3.717702114954590797e-03
3.714774036779999733e-03
3.717702114954590797e-03
3.717702114954590797e-03
3.719165921211242676e-03
3.723557107150554657e-03
3.722093999385833740e-03
3.713309997692704201e-03
3.686961019411683083e-03
3.695744089782238007e-03
3.694280050694942474e-03
3.701600013300776482e-03
3.701600013300776482e-03
3.700135974213480949e-03
3.695744089782238007e-03
3.701600013300776482e-03
3.695744089782238007e-03
3.689889097586274147e-03
3.700135974213480949e-03
3.703062888234853745e-03
3.701600013300776482e-03
3.701600013300776482e-03
3.697207896038889885e-03
3.697207896038889885e-03
3.716238075867295265e-03
3.707455005496740341e-03
3.719165921211242676e-03
3.723557107150554657e-03
3.722093999385833740e-03
3.720629960298538208e-03
3.719165921211242676e-03
3.719165921211242676e-03
3.717702114954590797e-03
3.723557107150554657e-03
3.726484952494502068e-03
3.726484952494502068e-03
3.722093999385833740e-03
3.722093999385833740e-03
3.725020913407206535e-03
3.726484952494502068e-03
3.700135974213480949e-03
3.701600013300776482e-03
3.704526927322149277e-03
3.695744089782238007e-03
3.703062888234853745e-03
3.714774036779999733e-03
3.723557107150554657e-03
3.735268022865056992e-03
3.746978938579559326e-03
3.761617932468652725e-03
3.758690087124705315e-03
3.764545079320669174e-03
3.780648112297058105e-03
3.786503104493021965e-03
3.792359028011560440e-03
3.795285942032933235e-03
3.785039065405726433e-03
