3.881654003635048866e-03
3.916786052286624908e-03
3.941671922802925110e-03
3.959238063544034958e-03
3.966556861996650696e-03
3.973877057433128357e-03
3.973877057433128357e-03
3.976804204285144806e-03
3.976804204285144806e-03
3.979731816798448563e-03
3.985587973147630692e-03
3.981195855885744095e-03
3.984123934060335159e-03
3.985587973147630692e-03
3.985587973147630692e-03
3.984123934060335159e-03
3.887508995831012726e-03
3.878725925460457802e-03
3.877261886373162270e-03
3.872870933264493942e-03
3.874334972351789474e-03
3.875798080116510391e-03
3.878725925460457802e-03
3.875798080116510391e-03
3.859695978462696075e-03
3.871406894177198410e-03
3.871406894177198410e-03
3.871406894177198410e-03
3.869943087920546532e-03
3.874334972351789474e-03
3.871406894177198410e-03
3.918250091373920441e-03
3.935817163437604904e-03
3.944600000977516174e-03
3.966556861996650696e-03
3.969484940171241760e-03
3.976804204285144806e-03
3.976804204285144806e-03
3.979731816798448563e-03
3.981195855885744095e-03
3.985587973147630692e-03
3.987051080912351608e-03
3.978267777711153030e-03
3.984123934060335159e-03
3.982659894973039627e-03
3.987051080912351608e-03
3.985587973147630692e-03
3.927032928913831711e-03
3.886044956743717194e-03
3.881654003635048866e-03
3.875798080116510391e-03
3.869943087920546532e-03
3.877261886373162270e-03
3.880189964547753334e-03
3.875798080116510391e-03
3.872870933264493942e-03
3.875798080116510391e-03
3.869943087920546532e-03
3.872870933264493942e-03
3.850912908092141151e-03
3.874334972351789474e-03
3.874334972351789474e-03
3.875798080116510391e-03
3.916786052286624908e-03
3.935817163437604904e-03
3.954846877604722977e-03
3.969484940171241760e-03
3.970948979258537292e-03
3.965094219893217087e-03
3.973877057433128357e-03
3.979731816798448563e-03
3.985587973147630692e-03
3.985587973147630692e-03
3.982659894973039627e-03
3.982659894973039627e-03
3.984123934060335159e-03
3.984123934060335159e-03
3.982659894973039627e-03
3.973877057433128357e-03
3.905076067894697189e-03
3.890437074005603790e-03
3.883118042722344398e-03
3.881654003635048866e-03
3.875798080116510391e-03
3.877261886373162270e-03
3.877261886373162270e-03
3.868479048833250999e-03
3.869943087920546532e-03
3.868479048833250999e-03
3.874334972351789474e-03
3.874334972351789474e-03
3.872870933264493942e-03
3.872870933264493942e-03
3.869943087920546532e-03
3.849449101835489273e-03
3.869943087920546532e-03
