3.871406894177198410e-03
3.905076067894697189e-03
3.934353124350309372e-03
3.953382838517427444e-03
3.962166141718626022e-03
3.969484940171241760e-03
3.973877057433128357e-03
3.975341096520423889e-03
3.984123934060335159e-03
3.987051080912351608e-03
3.987051080912351608e-03
3.987051080912351608e-03
3.984123934060335159e-03
3.981195855885744095e-03
3.984123934060335159e-03
3.982659894973039627e-03
3.902147989720106125e-03
3.891901113092899323e-03
3.887508995831012726e-03
3.881654003635048866e-03
3.884582081809639931e-03
3.858231939375400543e-03
3.875798080116510391e-03
3.875798080116510391e-03
3.875798080116510391e-03
3.874334972351789474e-03
3.872870933264493942e-03
3.871406894177198410e-03
3.874334972351789474e-03
3.877261886373162270e-03
3.861160017549991608e-03
3.872870933264493942e-03
3.921178169548511505e-03
3.947527147829532623e-03
3.962166141718626022e-03
3.968020901083946228e-03
3.973877057433128357e-03
3.979731816798448563e-03
3.982659894973039627e-03
3.972413018345832825e-03
3.988515119999647141e-03
3.985587973147630692e-03
3.987051080912351608e-03
3.987051080912351608e-03
3.985587973147630692e-03
3.985587973147630692e-03
3.987051080912351608e-03
3.985587973147630692e-03
3.884582081809639931e-03
3.878725925460457802e-03
3.878725925460457802e-03
3.878725925460457802e-03
3.878725925460457802e-03
3.875798080116510391e-03
3.875798080116510391e-03
3.874334972351789474e-03
3.869943087920546532e-03
3.869943087920546532e-03
3.871406894177198410e-03
3.871406894177198410e-03
3.874334972351789474e-03
3.874334972351789474e-03
3.872870933264493942e-03
3.874334972351789474e-03
3.928496968001127243e-03
3.932889085263013840e-03
3.959238063544034958e-03
3.966556861996650696e-03
3.972413018345832825e-03
3.982659894973039627e-03
3.985587973147630692e-03
3.984123934060335159e-03
3.985587973147630692e-03
3.984123934060335159e-03
3.969484940171241760e-03
3.979731816798448563e-03
3.982659894973039627e-03
3.979731816798448563e-03
3.989979159086942673e-03
3.968020901083946228e-03
3.896292066201567650e-03
3.886044956743717194e-03
3.880189964547753334e-03
3.868479048833250999e-03
3.872870933264493942e-03
3.872870933264493942e-03
3.874334972351789474e-03
3.877261886373162270e-03
3.877261886373162270e-03
3.877261886373162270e-03
3.874334972351789474e-03
3.847985062748193741e-03
3.871406894177198410e-03
3.871406894177198410e-03
3.869943087920546532e-03
3.871406894177198410e-03
3.789430949836969376e-03
