3.988515119999647141e-03
3.968020901083946228e-03
3.973877057433128357e-03
3.975341096520423889e-03
3.975341096520423889e-03
3.975341096520423889e-03
3.976804204285144806e-03
3.982659894973039627e-03
3.987051080912351608e-03
3.991443198174238205e-03
3.994370810687541962e-03
3.991443198174238205e-03
3.991443198174238205e-03
3.984123934060335159e-03
3.973877057433128357e-03
3.985587973147630692e-03
3.934353124350309372e-03
3.921178169548511505e-03
3.929961007088422775e-03
3.932889085263013840e-03
3.928496968001127243e-03
3.931425046175718307e-03
3.931425046175718307e-03
3.919714130461215973e-03
3.927032928913831711e-03
3.924105782061815262e-03
3.924105782061815262e-03
3.924105782061815262e-03
3.924105782061815262e-03
3.922642208635807037e-03
3.928496968001127243e-03
3.918250091373920441e-03
3.957774024456739426e-03
3.957774024456739426e-03
3.963630180805921555e-03
3.968020901083946228e-03
3.972413018345832825e-03
3.978267777711153030e-03
3.979731816798448563e-03
3.960702102631330490e-03
3.975341096520423889e-03
3.988515119999647141e-03
3.987051080912351608e-03
3.985587973147630692e-03
3.987051080912351608e-03
3.985587973147630692e-03
3.982659894973039627e-03
3.987051080912351608e-03
3.906539175659418106e-03
3.924105782061815262e-03
3.935817163437604904e-03
3.935817163437604904e-03
3.931425046175718307e-03
3.932889085263013840e-03
3.927032928913831711e-03
3.927032928913831711e-03
3.922642208635807037e-03
3.922642208635807037e-03
3.924105782061815262e-03
3.919714130461215973e-03
3.922642208635807037e-03
3.927032928913831711e-03
3.927032928913831711e-03
3.927032928913831711e-03
3.954846877604722977e-03
3.947527147829532623e-03
3.962166141718626022e-03
3.968020901083946228e-03
3.972413018345832825e-03
3.978267777711153030e-03
3.982659894973039627e-03
3.989979159086942673e-03
3.984123934060335159e-03
3.985587973147630692e-03
3.979731816798448563e-03
3.985587973147630692e-03
3.984123934060335159e-03
3.985587973147630692e-03
3.989979159086942673e-03
3.988515119999647141e-03
3.925569821149110794e-03
3.937279805541038513e-03
3.913858905434608459e-03
3.928496968001127243e-03
3.929961007088422775e-03
3.927032928913831711e-03
3.922642208635807037e-03
3.921178169548511505e-03
3.919714130461215973e-03
3.924105782061815262e-03
3.929961007088422775e-03
3.918250091373920441e-03
3.924105782061815262e-03
3.924105782061815262e-03
3.921178169548511505e-03
3.919714130461215973e-03
3.944600000977516174e-03
