3.708919044584035873e-03
3.880189964547753334e-03
3.916786052286624908e-03
3.946064040064811707e-03
3.956309985369443893e-03
3.972413018345832825e-03
3.982659894973039627e-03
3.982659894973039627e-03
3.981195855885744095e-03
3.985587973147630692e-03
3.970948979258537292e-03
3.982659894973039627e-03
3.984123934060335159e-03
3.984123934060335159e-03
3.992906771600246429e-03
3.992906771600246429e-03
3.927032928913831711e-03
3.891901113092899323e-03
3.887508995831012726e-03
3.868479048833250999e-03
3.874334972351789474e-03
3.875798080116510391e-03
3.875798080116510391e-03
3.874334972351789474e-03
3.874334972351789474e-03
3.877261886373162270e-03
3.877261886373162270e-03
3.874334972351789474e-03
3.868479048833250999e-03
3.874334972351789474e-03
3.871406894177198410e-03
3.874334972351789474e-03
3.903612028807401657e-03
3.934353124350309372e-03
3.956309985369443893e-03
3.965094219893217087e-03
3.970948979258537292e-03
3.975341096520423889e-03
3.982659894973039627e-03
3.979731816798448563e-03
3.979731816798448563e-03
3.982659894973039627e-03
3.981195855885744095e-03
3.984123934060335159e-03
3.982659894973039627e-03
3.984123934060335159e-03
3.981195855885744095e-03
3.981195855885744095e-03
3.909466788172721863e-03
3.883118042722344398e-03
3.883118042722344398e-03
3.880189964547753334e-03
3.877261886373162270e-03
3.875798080116510391e-03
3.858231939375400543e-03
3.869943087920546532e-03
3.871406894177198410e-03
3.875798080116510391e-03
3.874334972351789474e-03
3.877261886373162270e-03
3.875798080116510391e-03
3.872870933264493942e-03
3.880189964547753334e-03
3.861160017549991608e-03
3.915322944521903992e-03
3.938743844628334045e-03
3.954846877604722977e-03
3.969484940171241760e-03
3.979731816798448563e-03
3.984123934060335159e-03
3.982659894973039627e-03
3.984123934060335159e-03
3.973877057433128357e-03
3.982659894973039627e-03
3.982659894973039627e-03
3.982659894973039627e-03
3.982659894973039627e-03
3.984123934060335159e-03
3.984123934060335159e-03
3.985587973147630692e-03
3.897756105288863182e-03
3.881654003635048866e-03
3.878725925460457802e-03
3.872870933264493942e-03
3.877261886373162270e-03
3.874334972351789474e-03
3.875798080116510391e-03
3.874334972351789474e-03
3.875798080116510391e-03
3.864088095724582672e-03
3.869943087920546532e-03
3.872870933264493942e-03
3.868479048833250999e-03
3.869943087920546532e-03
3.872870933264493942e-03
3.871406894177198410e-03
3.902147989720106125e-03
