3.890437074005603790e-03
3.915322944521903992e-03
3.938743844628334045e-03
3.956309985369443893e-03
3.947527147829532623e-03
3.976804204285144806e-03
3.982659894973039627e-03
3.982659894973039627e-03
3.979731816798448563e-03
3.985587973147630692e-03
3.979731816798448563e-03
3.981195855885744095e-03
3.982659894973039627e-03
3.981195855885744095e-03
3.991443198174238205e-03
3.985587973147630692e-03
3.894828958436846733e-03
3.884582081809639931e-03
3.881654003635048866e-03
3.877261886373162270e-03
3.872870933264493942e-03
3.874334972351789474e-03
3.869943087920546532e-03
3.871406894177198410e-03
3.875798080116510391e-03
3.877261886373162270e-03
3.872870933264493942e-03
3.875798080116510391e-03
3.874334972351789474e-03
3.877261886373162270e-03
3.858231939375400543e-03
3.884582081809639931e-03
3.935817163437604904e-03
3.951918799430131912e-03
3.963630180805921555e-03
3.972413018345832825e-03
3.975341096520423889e-03
3.976804204285144806e-03
3.982659894973039627e-03
3.973877057433128357e-03
3.984123934060335159e-03
3.984123934060335159e-03
3.982659894973039627e-03
3.984123934060335159e-03
3.984123934060335159e-03
3.985587973147630692e-03
3.981195855885744095e-03
3.905076067894697189e-03
3.877261886373162270e-03
3.883118042722344398e-03
3.878725925460457802e-03
3.877261886373162270e-03
3.877261886373162270e-03
3.872870933264493942e-03
3.877261886373162270e-03
3.874334972351789474e-03
3.874334972351789474e-03
3.865550970658659935e-03
3.869943087920546532e-03
3.871406894177198410e-03
3.871406894177198410e-03
3.874334972351789474e-03
3.874334972351789474e-03
3.900683950632810593e-03
3.937279805541038513e-03
3.944600000977516174e-03
3.957774024456739426e-03
3.972413018345832825e-03
3.973877057433128357e-03
3.979731816798448563e-03
3.982659894973039627e-03
3.985587973147630692e-03
3.982659894973039627e-03
3.982659894973039627e-03
3.966556861996650696e-03
3.982659894973039627e-03
3.978267777711153030e-03
3.982659894973039627e-03
3.987051080912351608e-03
3.905076067894697189e-03
3.888973034918308258e-03
3.883118042722344398e-03
3.877261886373162270e-03
3.867015009745955467e-03
3.874334972351789474e-03
3.875798080116510391e-03
3.869943087920546532e-03
3.868479048833250999e-03
3.874334972351789474e-03
3.871406894177198410e-03
3.875798080116510391e-03
3.874334972351789474e-03
3.869943087920546532e-03
3.874334972351789474e-03
3.868479048833250999e-03
3.954846877604722977e-03
