3.700135974213480949e-03
3.893364919349551201e-03
3.919714130461215973e-03
3.943135961890220642e-03
3.962166141718626022e-03
3.973877057433128357e-03
3.976804204285144806e-03
3.981195855885744095e-03
3.970948979258537292e-03
3.978267777711153030e-03
3.982659894973039627e-03
3.981195855885744095e-03
3.979731816798448563e-03
3.987051080912351608e-03
3.989979159086942673e-03
3.988515119999647141e-03
3.927032928913831711e-03
3.878725925460457802e-03
3.880189964547753334e-03
3.875798080116510391e-03
3.875798080116510391e-03
3.875798080116510391e-03
3.880189964547753334e-03
3.878725925460457802e-03
3.878725925460457802e-03
3.880189964547753334e-03
3.864088095724582672e-03
3.871406894177198410e-03
3.871406894177198410e-03
3.872870933264493942e-03
3.869943087920546532e-03
3.872870933264493942e-03
3.912394866347312927e-03
3.940207883715629578e-03
3.940207883715629578e-03
3.966556861996650696e-03
3.972413018345832825e-03
3.976804204285144806e-03
3.981195855885744095e-03
3.979731816798448563e-03
3.979731816798448563e-03
3.984123934060335159e-03
3.987051080912351608e-03
3.973877057433128357e-03
3.979731816798448563e-03
3.987051080912351608e-03
3.981195855885744095e-03
3.985587973147630692e-03
3.905076067894697189e-03
3.886044956743717194e-03
3.886044956743717194e-03
3.880189964547753334e-03
3.864088095724582672e-03
3.875798080116510391e-03
3.874334972351789474e-03
3.872870933264493942e-03
3.872870933264493942e-03
3.869943087920546532e-03
3.869943087920546532e-03
3.874334972351789474e-03
3.871406894177198410e-03
3.867015009745955467e-03
3.875798080116510391e-03
3.871406894177198410e-03
3.915322944521903992e-03
3.938743844628334045e-03
3.954846877604722977e-03
3.968020901083946228e-03
3.975341096520423889e-03
3.981195855885744095e-03
3.970948979258537292e-03
3.982659894973039627e-03
3.981195855885744095e-03
3.979731816798448563e-03
3.984123934060335159e-03
3.979731816798448563e-03
3.979731816798448563e-03
3.979731816798448563e-03
3.988515119999647141e-03
3.979731816798448563e-03
3.897756105288863182e-03
3.884582081809639931e-03
3.878725925460457802e-03
3.877261886373162270e-03
3.875798080116510391e-03
3.872870933264493942e-03
3.874334972351789474e-03
3.855304094031453133e-03
3.874334972351789474e-03
3.871406894177198410e-03
3.875798080116510391e-03
3.871406894177198410e-03
3.869943087920546532e-03
3.868479048833250999e-03
3.869943087920546532e-03
3.868479048833250999e-03
3.875798080116510391e-03
