3.915322944521903992e-03
3.900683950632810593e-03
3.925569821149110794e-03
3.935817163437604904e-03
3.960702102631330490e-03
3.975341096520423889e-03
3.981195855885744095e-03
3.979731816798448563e-03
3.984123934060335159e-03
3.981195855885744095e-03
3.979731816798448563e-03
3.981195855885744095e-03
3.968020901083946228e-03
3.981195855885744095e-03
3.985587973147630692e-03
3.987051080912351608e-03
3.905076067894697189e-03
3.890437074005603790e-03
3.881654003635048866e-03
3.878725925460457802e-03
3.877261886373162270e-03
3.862624056637287140e-03
3.874334972351789474e-03
3.880189964547753334e-03
3.881654003635048866e-03
3.877261886373162270e-03
3.874334972351789474e-03
3.872870933264493942e-03
3.874334972351789474e-03
3.872870933264493942e-03
3.864088095724582672e-03
3.871406894177198410e-03
3.912394866347312927e-03
3.946064040064811707e-03
3.962166141718626022e-03
3.969484940171241760e-03
3.973877057433128357e-03
3.978267777711153030e-03
3.965094219893217087e-03
3.975341096520423889e-03
3.981195855885744095e-03
3.988515119999647141e-03
3.988515119999647141e-03
3.987051080912351608e-03
3.987051080912351608e-03
3.985587973147630692e-03
3.985587973147630692e-03
3.973877057433128357e-03
3.896292066201567650e-03
3.881654003635048866e-03
3.878725925460457802e-03
3.886044956743717194e-03
3.881654003635048866e-03
3.875798080116510391e-03
3.877261886373162270e-03
3.877261886373162270e-03
3.865550970658659935e-03
3.877261886373162270e-03
3.872870933264493942e-03
3.871406894177198410e-03
3.872870933264493942e-03
3.868479048833250999e-03
3.874334972351789474e-03
3.877261886373162270e-03
3.928496968001127243e-03
3.941671922802925110e-03
3.959238063544034958e-03
3.969484940171241760e-03
3.972413018345832825e-03
3.975341096520423889e-03
3.978267777711153030e-03
3.982659894973039627e-03
3.982659894973039627e-03
3.985587973147630692e-03
3.981195855885744095e-03
3.984123934060335159e-03
3.987051080912351608e-03
3.984123934060335159e-03
3.981195855885744095e-03
3.981195855885744095e-03
3.894828958436846733e-03
3.890437074005603790e-03
3.865550970658659935e-03
3.877261886373162270e-03
3.875798080116510391e-03
3.871406894177198410e-03
3.875798080116510391e-03
3.878725925460457802e-03
3.874334972351789474e-03
3.871406894177198410e-03
3.872870933264493942e-03
3.869943087920546532e-03
3.872870933264493942e-03
3.872870933264493942e-03
3.874334972351789474e-03
3.869943087920546532e-03
3.782111918553709984e-03
