3.887508995831012726e-03
3.915322944521903992e-03
3.940207883715629578e-03
3.962166141718626022e-03
3.969484940171241760e-03
3.960702102631330490e-03
3.976804204285144806e-03
3.982659894973039627e-03
3.979731816798448563e-03
3.975341096520423889e-03
3.985587973147630692e-03
3.992906771600246429e-03
3.987051080912351608e-03
3.978267777711153030e-03
3.973877057433128357e-03
3.947527147829532623e-03
3.888973034918308258e-03
3.886044956743717194e-03
3.875798080116510391e-03
3.880189964547753334e-03
3.875798080116510391e-03
3.877261886373162270e-03
3.872870933264493942e-03
3.859695978462696075e-03
3.871406894177198410e-03
3.880189964547753334e-03
3.874334972351789474e-03
3.872870933264493942e-03
3.868479048833250999e-03
3.869943087920546532e-03
3.872870933264493942e-03
3.891901113092899323e-03
3.932889085263013840e-03
3.953382838517427444e-03
3.963630180805921555e-03
3.973877057433128357e-03
3.975341096520423889e-03
3.976804204285144806e-03
3.982659894973039627e-03
3.987051080912351608e-03
3.968020901083946228e-03
3.982659894973039627e-03
3.982659894973039627e-03
3.985587973147630692e-03
3.981195855885744095e-03
3.987051080912351608e-03
3.988515119999647141e-03
3.909466788172721863e-03
3.891901113092899323e-03
3.868479048833250999e-03
3.877261886373162270e-03
3.875798080116510391e-03
3.874334972351789474e-03
3.878725925460457802e-03
3.880189964547753334e-03
3.872870933264493942e-03
3.872870933264493942e-03
3.874334972351789474e-03
3.856767900288105011e-03
3.869943087920546532e-03
3.869943087920546532e-03
3.874334972351789474e-03
3.872870933264493942e-03
3.905076067894697189e-03
3.937279805541038513e-03
3.954846877604722977e-03
3.968020901083946228e-03
3.965094219893217087e-03
3.984123934060335159e-03
3.981195855885744095e-03
3.985587973147630692e-03
3.985587973147630692e-03
3.982659894973039627e-03
3.981195855885744095e-03
3.982659894973039627e-03
3.988515119999647141e-03
3.985587973147630692e-03
3.982659894973039627e-03
3.984123934060335159e-03
3.900683950632810593e-03
3.883118042722344398e-03
3.877261886373162270e-03
3.877261886373162270e-03
3.877261886373162270e-03
3.865550970658659935e-03
3.875798080116510391e-03
3.874334972351789474e-03
3.875798080116510391e-03
3.868479048833250999e-03
3.868479048833250999e-03
3.871406894177198410e-03
3.874334972351789474e-03
3.871406894177198410e-03
3.859695978462696075e-03
3.865550970658659935e-03
3.984123934060335159e-03
