3.872870933264493942e-03
3.897756105288863182e-03
3.928496968001127243e-03
3.948991186916828156e-03
3.966556861996650696e-03
3.970948979258537292e-03
3.975341096520423889e-03
3.979731816798448563e-03
3.988515119999647141e-03
3.982659894973039627e-03
3.981195855885744095e-03
3.984123934060335159e-03
3.987051080912351608e-03
3.984123934060335159e-03
3.985587973147630692e-03
3.984123934060335159e-03
3.909466788172721863e-03
3.890437074005603790e-03
3.868479048833250999e-03
3.875798080116510391e-03
3.875798080116510391e-03
3.872870933264493942e-03
3.874334972351789474e-03
3.877261886373162270e-03
3.874334972351789474e-03
3.877261886373162270e-03
3.877261886373162270e-03
3.862624056637287140e-03
3.867015009745955467e-03
3.869943087920546532e-03
3.868479048833250999e-03
3.872870933264493942e-03
3.912394866347312927e-03
3.944600000977516174e-03
3.959238063544034958e-03
3.966556861996650696e-03
3.969484940171241760e-03
3.979731816798448563e-03
3.981195855885744095e-03
3.981195855885744095e-03
3.981195855885744095e-03
3.976804204285144806e-03
3.981195855885744095e-03
3.982659894973039627e-03
3.982659894973039627e-03
3.982659894973039627e-03
3.985587973147630692e-03
3.985587973147630692e-03
3.894828958436846733e-03
3.887508995831012726e-03
3.883118042722344398e-03
3.878725925460457802e-03
3.872870933264493942e-03
3.859695978462696075e-03
3.875798080116510391e-03
3.874334972351789474e-03
3.871406894177198410e-03
3.877261886373162270e-03
3.874334972351789474e-03
3.869943087920546532e-03
3.867015009745955467e-03
3.872870933264493942e-03
3.861160017549991608e-03
3.869943087920546532e-03
3.928496968001127243e-03
3.947527147829532623e-03
3.959238063544034958e-03
3.968020901083946228e-03
3.973877057433128357e-03
3.975341096520423889e-03
3.978267777711153030e-03
3.973877057433128357e-03
3.984123934060335159e-03
3.984123934060335159e-03
3.982659894973039627e-03
3.984123934060335159e-03
3.985587973147630692e-03
3.981195855885744095e-03
3.981195855885744095e-03
3.981195855885744095e-03
3.886044956743717194e-03
3.886044956743717194e-03
3.881654003635048866e-03
3.878725925460457802e-03
3.874334972351789474e-03
3.874334972351789474e-03
3.874334972351789474e-03
3.869943087920546532e-03
3.850912908092141151e-03
3.869943087920546532e-03
3.867015009745955467e-03
3.872870933264493942e-03
3.875798080116510391e-03
3.875798080116510391e-03
3.874334972351789474e-03
3.871406894177198410e-03
3.814315889030694962e-03
