3.944600000977516174e-03
3.965094219893217087e-03
3.965094219893217087e-03
3.972413018345832825e-03
3.975341096520423889e-03
3.982659894973039627e-03
3.982659894973039627e-03
3.982659894973039627e-03
3.984123934060335159e-03
3.982659894973039627e-03
3.985587973147630692e-03
3.989979159086942673e-03
3.987051080912351608e-03
3.979731816798448563e-03
3.988515119999647141e-03
3.970948979258537292e-03
3.919714130461215973e-03
3.919714130461215973e-03
3.922642208635807037e-03
3.932889085263013840e-03
3.929961007088422775e-03
3.929961007088422775e-03
3.927032928913831711e-03
3.902147989720106125e-03
3.924105782061815262e-03
3.927032928913831711e-03
3.925569821149110794e-03
3.928496968001127243e-03
3.922642208635807037e-03
3.925569821149110794e-03
3.928496968001127243e-03
3.928496968001127243e-03
3.947527147829532623e-03
3.956309985369443893e-03
3.969484940171241760e-03
3.975341096520423889e-03
3.972413018345832825e-03
3.982659894973039627e-03
3.982659894973039627e-03
3.984123934060335159e-03
3.972413018345832825e-03
3.984123934060335159e-03
3.987051080912351608e-03
3.984123934060335159e-03
3.985587973147630692e-03
3.989979159086942673e-03
3.989979159086942673e-03
3.991443198174238205e-03
3.924105782061815262e-03
3.909466788172721863e-03
3.932889085263013840e-03
3.924105782061815262e-03
3.931425046175718307e-03
3.931425046175718307e-03
3.928496968001127243e-03
3.924105782061815262e-03
3.922642208635807037e-03
3.928496968001127243e-03
3.924105782061815262e-03
3.924105782061815262e-03
3.924105782061815262e-03
3.925569821149110794e-03
3.918250091373920441e-03
3.924105782061815262e-03
3.956309985369443893e-03
3.960702102631330490e-03
3.950455226004123688e-03
3.965094219893217087e-03
3.969484940171241760e-03
3.975341096520423889e-03
3.982659894973039627e-03
3.984123934060335159e-03
3.985587973147630692e-03
3.984123934060335159e-03
3.982659894973039627e-03
3.988515119999647141e-03
3.987051080912351608e-03
3.988515119999647141e-03
3.987051080912351608e-03
3.981195855885744095e-03
3.919714130461215973e-03
3.932889085263013840e-03
3.937279805541038513e-03
3.915322944521903992e-03
3.924105782061815262e-03
3.922642208635807037e-03
3.925569821149110794e-03
3.924105782061815262e-03
3.928496968001127243e-03
3.925569821149110794e-03
3.925569821149110794e-03
3.908003214746713638e-03
3.922642208635807037e-03
3.927032928913831711e-03
3.927032928913831711e-03
3.922642208635807037e-03
3.946064040064811707e-03
