3.927032928913831711e-03
3.960702102631330490e-03
3.951918799430131912e-03
3.969484940171241760e-03
3.972413018345832825e-03
3.978267777711153030e-03
3.982659894973039627e-03
3.991443198174238205e-03
3.991443198174238205e-03
3.991443198174238205e-03
3.982659894973039627e-03
3.978267777711153030e-03
3.981195855885744095e-03
3.985587973147630692e-03
3.987051080912351608e-03
3.987051080912351608e-03
3.943135961890220642e-03
3.925569821149110794e-03
3.928496968001127243e-03
3.929961007088422775e-03
3.931425046175718307e-03
3.931425046175718307e-03
3.928496968001127243e-03
3.927032928913831711e-03
3.921178169548511505e-03
3.924105782061815262e-03
3.922642208635807037e-03
3.928496968001127243e-03
3.924105782061815262e-03
3.925569821149110794e-03
3.922642208635807037e-03
3.927032928913831711e-03
3.943135961890220642e-03
3.954846877604722977e-03
3.959238063544034958e-03
3.969484940171241760e-03
3.962166141718626022e-03
3.975341096520423889e-03
3.979731816798448563e-03
3.984123934060335159e-03
3.987051080912351608e-03
3.984123934060335159e-03
3.985587973147630692e-03
3.984123934060335159e-03
3.985587973147630692e-03
3.975341096520423889e-03
3.981195855885744095e-03
3.982659894973039627e-03
3.925569821149110794e-03
3.922642208635807037e-03
3.938743844628334045e-03
3.935817163437604904e-03
3.929961007088422775e-03
3.902147989720106125e-03
3.922642208635807037e-03
3.924105782061815262e-03
3.925569821149110794e-03
3.929961007088422775e-03
3.929961007088422775e-03
3.927032928913831711e-03
3.922642208635807037e-03
3.909466788172721863e-03
3.919714130461215973e-03
3.922642208635807037e-03
3.947527147829532623e-03
3.959238063544034958e-03
3.966556861996650696e-03
3.973877057433128357e-03
3.972413018345832825e-03
3.978267777711153030e-03
3.969484940171241760e-03
3.981195855885744095e-03
3.982659894973039627e-03
3.981195855885744095e-03
3.987051080912351608e-03
3.994370810687541962e-03
3.989979159086942673e-03
3.984123934060335159e-03
3.987051080912351608e-03
3.979731816798448563e-03
3.919714130461215973e-03
3.932889085263013840e-03
3.937279805541038513e-03
3.928496968001127243e-03
3.929961007088422775e-03
3.929961007088422775e-03
3.929961007088422775e-03
3.909466788172721863e-03
3.927032928913831711e-03
3.925569821149110794e-03
3.919714130461215973e-03
3.928496968001127243e-03
3.921178169548511505e-03
3.919714130461215973e-03
3.925569821149110794e-03
3.919714130461215973e-03
3.872870933264493942e-03
