3.804069012403488159e-03
3.890437074005603790e-03
3.913858905434608459e-03
3.944600000977516174e-03
3.963630180805921555e-03
3.970948979258537292e-03
3.975341096520423889e-03
3.979731816798448563e-03
3.979731816798448563e-03
3.968020901083946228e-03
3.984123934060335159e-03
3.985587973147630692e-03
3.984123934060335159e-03
3.982659894973039627e-03
3.984123934060335159e-03
3.989979159086942673e-03
3.919714130461215973e-03
3.888973034918308258e-03
3.869943087920546532e-03
3.883118042722344398e-03
3.883118042722344398e-03
3.884582081809639931e-03
3.881654003635048866e-03
3.878725925460457802e-03
3.878725925460457802e-03
3.875798080116510391e-03
3.871406894177198410e-03
3.867015009745955467e-03
3.872870933264493942e-03
3.871406894177198410e-03
3.872870933264493942e-03
3.872870933264493942e-03
3.922642208635807037e-03
3.943135961890220642e-03
3.959238063544034958e-03
3.972413018345832825e-03
3.968020901083946228e-03
3.979731816798448563e-03
3.982659894973039627e-03
3.988515119999647141e-03
3.984123934060335159e-03
3.984123934060335159e-03
3.985587973147630692e-03
3.984123934060335159e-03
3.991443198174238205e-03
3.985587973147630692e-03
3.987051080912351608e-03
3.985587973147630692e-03
3.900683950632810593e-03
3.883118042722344398e-03
3.883118042722344398e-03
3.884582081809639931e-03
3.881654003635048866e-03
3.864088095724582672e-03
3.872870933264493942e-03
3.877261886373162270e-03
3.883118042722344398e-03
3.877261886373162270e-03
3.874334972351789474e-03
3.875798080116510391e-03
3.874334972351789474e-03
3.871406894177198410e-03
3.867015009745955467e-03
3.874334972351789474e-03
3.922642208635807037e-03
3.947527147829532623e-03
3.956309985369443893e-03
3.975341096520423889e-03
3.981195855885744095e-03
3.982659894973039627e-03
3.982659894973039627e-03
3.968020901083946228e-03
3.979731816798448563e-03
3.988515119999647141e-03
3.984123934060335159e-03
3.988515119999647141e-03
3.985587973147630692e-03
3.982659894973039627e-03
3.988515119999647141e-03
3.988515119999647141e-03
3.891901113092899323e-03
3.886044956743717194e-03
3.875798080116510391e-03
3.874334972351789474e-03
3.880189964547753334e-03
3.881654003635048866e-03
3.877261886373162270e-03
3.878725925460457802e-03
3.865550970658659935e-03
3.871406894177198410e-03
3.877261886373162270e-03
3.874334972351789474e-03
3.875798080116510391e-03
3.869943087920546532e-03
3.874334972351789474e-03
3.881654003635048866e-03
3.811388975009322166e-03
