3.864088095724582672e-03
3.896292066201567650e-03
3.922642208635807037e-03
3.944600000977516174e-03
3.954846877604722977e-03
3.966556861996650696e-03
3.973877057433128357e-03
3.978267777711153030e-03
3.981195855885744095e-03
3.987051080912351608e-03
3.978267777711153030e-03
3.984123934060335159e-03
3.991443198174238205e-03
3.970948979258537292e-03
3.975341096520423889e-03
3.981195855885744095e-03
3.919714130461215973e-03
3.886044956743717194e-03
3.881654003635048866e-03
3.884582081809639931e-03
3.881654003635048866e-03
3.878725925460457802e-03
3.867015009745955467e-03
3.871406894177198410e-03
3.871406894177198410e-03
3.878725925460457802e-03
3.871406894177198410e-03
3.877261886373162270e-03
3.875798080116510391e-03
3.872870933264493942e-03
3.875798080116510391e-03
3.868479048833250999e-03
3.908003214746713638e-03
3.938743844628334045e-03
3.962166141718626022e-03
3.966556861996650696e-03
3.975341096520423889e-03
3.975341096520423889e-03
3.979731816798448563e-03
3.969484940171241760e-03
3.981195855885744095e-03
3.982659894973039627e-03
3.981195855885744095e-03
3.978267777711153030e-03
3.987051080912351608e-03
3.989979159086942673e-03
3.982659894973039627e-03
3.982659894973039627e-03
3.877261886373162270e-03
3.880189964547753334e-03
3.888973034918308258e-03
3.884582081809639931e-03
3.878725925460457802e-03
3.874334972351789474e-03
3.871406894177198410e-03
3.877261886373162270e-03
3.875798080116510391e-03
3.868479048833250999e-03
3.871406894177198410e-03
3.872870933264493942e-03
3.871406894177198410e-03
3.877261886373162270e-03
3.877261886373162270e-03
3.871406894177198410e-03
3.919714130461215973e-03
3.931425046175718307e-03
3.954846877604722977e-03
3.970948979258537292e-03
3.976804204285144806e-03
3.978267777711153030e-03
3.979731816798448563e-03
3.979731816798448563e-03
3.979731816798448563e-03
3.984123934060335159e-03
3.979731816798448563e-03
3.981195855885744095e-03
3.978267777711153030e-03
3.979731816798448563e-03
3.982659894973039627e-03
3.982659894973039627e-03
3.893364919349551201e-03
3.883118042722344398e-03
3.877261886373162270e-03
3.861160017549991608e-03
3.877261886373162270e-03
3.878725925460457802e-03
3.875798080116510391e-03
3.872870933264493942e-03
3.875798080116510391e-03
3.877261886373162270e-03
3.875798080116510391e-03
3.872870933264493942e-03
3.856767900288105011e-03
3.868479048833250999e-03
3.871406894177198410e-03
3.872870933264493942e-03
3.847985062748193741e-03
