3.883118042722344398e-03
3.912394866347312927e-03
3.938743844628334045e-03
3.947527147829532623e-03
3.965094219893217087e-03
3.969484940171241760e-03
3.976804204285144806e-03
3.981195855885744095e-03
3.979731816798448563e-03
3.981195855885744095e-03
3.985587973147630692e-03
3.985587973147630692e-03
3.975341096520423889e-03
3.985587973147630692e-03
3.982659894973039627e-03
3.985587973147630692e-03
3.897756105288863182e-03
3.883118042722344398e-03
3.878725925460457802e-03
3.878725925460457802e-03
3.865550970658659935e-03
3.871406894177198410e-03
3.878725925460457802e-03
3.875798080116510391e-03
3.871406894177198410e-03
3.872870933264493942e-03
3.874334972351789474e-03
3.871406894177198410e-03
3.872870933264493942e-03
3.858231939375400543e-03
3.869943087920546532e-03
3.871406894177198410e-03
3.932889085263013840e-03
3.951918799430131912e-03
3.965094219893217087e-03
3.970948979258537292e-03
3.979731816798448563e-03
3.976804204285144806e-03
3.970948979258537292e-03
3.979731816798448563e-03
3.984123934060335159e-03
3.984123934060335159e-03
3.985587973147630692e-03
3.985587973147630692e-03
3.985587973147630692e-03
3.985587973147630692e-03
3.984123934060335159e-03
3.921178169548511505e-03
3.887508995831012726e-03
3.886044956743717194e-03
3.886044956743717194e-03
3.880189964547753334e-03
3.875798080116510391e-03
3.874334972351789474e-03
3.872870933264493942e-03
3.875798080116510391e-03
3.868479048833250999e-03
3.868479048833250999e-03
3.868479048833250999e-03
3.872870933264493942e-03
3.874334972351789474e-03
3.872870933264493942e-03
3.874334972351789474e-03
3.906539175659418106e-03
3.919714130461215973e-03
3.951918799430131912e-03
3.962166141718626022e-03
3.969484940171241760e-03
3.982659894973039627e-03
3.984123934060335159e-03
3.984123934060335159e-03
3.982659894973039627e-03
3.984123934060335159e-03
3.970948979258537292e-03
3.979731816798448563e-03
3.982659894973039627e-03
3.978267777711153030e-03
3.981195855885744095e-03
3.984123934060335159e-03
3.915322944521903992e-03
3.893364919349551201e-03
3.883118042722344398e-03
3.872870933264493942e-03
3.871406894177198410e-03
3.875798080116510391e-03
3.872870933264493942e-03
3.871406894177198410e-03
3.872870933264493942e-03
3.872870933264493942e-03
3.878725925460457802e-03
3.867015009745955467e-03
3.872870933264493942e-03
3.871406894177198410e-03
3.871406894177198410e-03
3.871406894177198410e-03
3.869943087920546532e-03
3.752835094928741455e-03
