3.869943087920546532e-03
3.910930827260017395e-03
3.935817163437604904e-03
3.957774024456739426e-03
3.968020901083946228e-03
3.976804204285144806e-03
3.979731816798448563e-03
3.982659894973039627e-03
3.985587973147630692e-03
3.972413018345832825e-03
3.981195855885744095e-03
3.982659894973039627e-03
3.979731816798448563e-03
3.978267777711153030e-03
3.987051080912351608e-03
3.987051080912351608e-03
3.894828958436846733e-03
3.886044956743717194e-03
3.878725925460457802e-03
3.877261886373162270e-03
3.875798080116510391e-03
3.875798080116510391e-03
3.874334972351789474e-03
3.874334972351789474e-03
3.880189964547753334e-03
3.877261886373162270e-03
3.855304094031453133e-03
3.872870933264493942e-03
3.872870933264493942e-03
3.871406894177198410e-03
3.874334972351789474e-03
3.913858905434608459e-03
3.932889085263013840e-03
3.950455226004123688e-03
3.963630180805921555e-03
3.960702102631330490e-03
3.975341096520423889e-03
3.981195855885744095e-03
3.982659894973039627e-03
3.984123934060335159e-03
3.982659894973039627e-03
3.982659894973039627e-03
3.982659894973039627e-03
3.981195855885744095e-03
3.973877057433128357e-03
3.978267777711153030e-03
3.984123934060335159e-03
3.929961007088422775e-03
3.890437074005603790e-03
3.886044956743717194e-03
3.877261886373162270e-03
3.875798080116510391e-03
3.871406894177198410e-03
3.861160017549991608e-03
3.881654003635048866e-03
3.874334972351789474e-03
3.875798080116510391e-03
3.874334972351789474e-03
3.877261886373162270e-03
3.871406894177198410e-03
3.874334972351789474e-03
3.872870933264493942e-03
3.868479048833250999e-03
3.913858905434608459e-03
3.937279805541038513e-03
3.954846877604722977e-03
3.972413018345832825e-03
3.978267777711153030e-03
3.979731816798448563e-03
3.978267777711153030e-03
3.968020901083946228e-03
3.976804204285144806e-03
3.981195855885744095e-03
3.982659894973039627e-03
3.985587973147630692e-03
3.985587973147630692e-03
3.987051080912351608e-03
3.985587973147630692e-03
3.984123934060335159e-03
3.893364919349551201e-03
3.884582081809639931e-03
3.875798080116510391e-03
3.872870933264493942e-03
3.872870933264493942e-03
3.872870933264493942e-03
3.875798080116510391e-03
3.875798080116510391e-03
3.878725925460457802e-03
3.865550970658659935e-03
3.869943087920546532e-03
3.871406894177198410e-03
3.868479048833250999e-03
3.871406894177198410e-03
3.867015009745955467e-03
3.872870933264493942e-03
3.871406894177198410e-03
