3.874334972351789474e-03
3.893364919349551201e-03
3.934353124350309372e-03
3.956309985369443893e-03
3.968020901083946228e-03
3.973877057433128357e-03
3.978267777711153030e-03
3.981195855885744095e-03
3.981195855885744095e-03
3.982659894973039627e-03
3.970948979258537292e-03
3.981195855885744095e-03
3.981195855885744095e-03
3.985587973147630692e-03
3.988515119999647141e-03
3.987051080912351608e-03
3.900683950632810593e-03
3.887508995831012726e-03
3.880189964547753334e-03
3.865550970658659935e-03
3.875798080116510391e-03
3.874334972351789474e-03
3.871406894177198410e-03
3.874334972351789474e-03
3.874334972351789474e-03
3.877261886373162270e-03
3.874334972351789474e-03
3.877261886373162270e-03
3.868479048833250999e-03
3.872870933264493942e-03
3.869943087920546532e-03
3.871406894177198410e-03
3.919714130461215973e-03
3.944600000977516174e-03
3.965094219893217087e-03
3.975341096520423889e-03
3.960702102631330490e-03
3.979731816798448563e-03
3.982659894973039627e-03
3.982659894973039627e-03
3.981195855885744095e-03
3.982659894973039627e-03
3.984123934060335159e-03
3.982659894973039627e-03
3.989979159086942673e-03
3.973877057433128357e-03
3.979731816798448563e-03
3.981195855885744095e-03
3.893364919349551201e-03
3.883118042722344398e-03
3.878725925460457802e-03
3.874334972351789474e-03
3.874334972351789474e-03
3.869943087920546532e-03
3.859695978462696075e-03
3.872870933264493942e-03
3.875798080116510391e-03
3.874334972351789474e-03
3.878725925460457802e-03
3.872870933264493942e-03
3.871406894177198410e-03
3.875798080116510391e-03
3.871406894177198410e-03
3.888973034918308258e-03
3.929961007088422775e-03
3.946064040064811707e-03
3.962166141718626022e-03
3.972413018345832825e-03
3.978267777711153030e-03
3.978267777711153030e-03
3.978267777711153030e-03
3.979731816798448563e-03
3.973877057433128357e-03
3.981195855885744095e-03
3.981195855885744095e-03
3.985587973147630692e-03
3.984123934060335159e-03
3.985587973147630692e-03
3.982659894973039627e-03
3.915322944521903992e-03
3.874334972351789474e-03
3.877261886373162270e-03
3.872870933264493942e-03
3.875798080116510391e-03
3.874334972351789474e-03
3.874334972351789474e-03
3.877261886373162270e-03
3.875798080116510391e-03
3.875798080116510391e-03
3.864088095724582672e-03
3.869943087920546532e-03
3.869943087920546532e-03
3.877261886373162270e-03
3.874334972351789474e-03
3.875798080116510391e-03
3.871406894177198410e-03
3.764545079320669174e-03
