4.181744065135717392e-03
4.149539861828088760e-03
4.134900867938995361e-03
4.152467008680105209e-03
4.152467008680105209e-03
4.158323165029287338e-03
4.156859125941991806e-03
4.158323165029287338e-03
4.156859125941991806e-03
4.156859125941991806e-03
4.151002969592809677e-03
4.134900867938995361e-03
4.158323165029287338e-03
4.161249846220016479e-03
4.156859125941991806e-03
4.155395086854696274e-03
4.133436828851699829e-03
4.133436828851699829e-03
4.129046108573675156e-03
4.136364907026290894e-03
4.124653991311788559e-03
4.127582069486379623e-03
4.133436828851699829e-03
4.136364907026290894e-03
4.134900867938995361e-03
4.127582069486379623e-03
4.134900867938995361e-03
4.134900867938995361e-03
4.118799231946468353e-03
4.129046108573675156e-03
4.129046108573675156e-03
4.136364907026290894e-03
4.162713885307312012e-03
4.159787204116582870e-03
4.156859125941991806e-03
4.158323165029287338e-03
4.158323165029287338e-03
4.145148210227489471e-03
4.156859125941991806e-03
4.153931047767400742e-03
4.155395086854696274e-03
4.162713885307312012e-03
4.158323165029287338e-03
4.158323165029287338e-03
4.159787204116582870e-03
4.151002969592809677e-03
4.152467008680105209e-03
4.151002969592809677e-03
4.130509216338396072e-03
4.131972789764404297e-03
4.142220132052898407e-03
4.137828946113586426e-03
4.133436828851699829e-03
4.139292985200881958e-03
4.120261874049901962e-03
4.134900867938995361e-03
4.130509216338396072e-03
4.130509216338396072e-03
4.130509216338396072e-03
4.134900867938995361e-03
4.146611783653497696e-03
4.133436828851699829e-03
4.136364907026290894e-03
4.127582069486379623e-03
4.158323165029287338e-03
4.155395086854696274e-03
4.153931047767400742e-03
4.155395086854696274e-03
4.149539861828088760e-03
4.162713885307312012e-03
4.158323165029287338e-03
4.145148210227489471e-03
4.155395086854696274e-03
4.152467008680105209e-03
4.156859125941991806e-03
4.152467008680105209e-03
4.151002969592809677e-03
4.151002969592809677e-03
4.151002969592809677e-03
4.155395086854696274e-03
4.117335192859172821e-03
4.133436828851699829e-03
4.133436828851699829e-03
4.133436828851699829e-03
4.133436828851699829e-03
4.131972789764404297e-03
4.134900867938995361e-03
4.130509216338396072e-03
4.130509216338396072e-03
4.117335192859172821e-03
4.123189952224493027e-03
4.129046108573675156e-03
4.136364907026290894e-03
4.133436828851699829e-03
4.133436828851699829e-03
4.136364907026290894e-03
4.117335192859172821e-03
