3.877261886373162270e-03
3.908003214746713638e-03
3.928496968001127243e-03
3.948991186916828156e-03
3.969484940171241760e-03
3.975341096520423889e-03
3.972413018345832825e-03
3.982659894973039627e-03
3.982659894973039627e-03
3.981195855885744095e-03
3.987051080912351608e-03
3.982659894973039627e-03
3.982659894973039627e-03
3.984123934060335159e-03
3.982659894973039627e-03
3.979731816798448563e-03
3.900683950632810593e-03
3.886044956743717194e-03
3.884582081809639931e-03
3.881654003635048866e-03
3.875798080116510391e-03
3.874334972351789474e-03
3.875798080116510391e-03
3.858231939375400543e-03
3.872870933264493942e-03
3.880189964547753334e-03
3.875798080116510391e-03
3.872870933264493942e-03
3.874334972351789474e-03
3.874334972351789474e-03
3.872870933264493942e-03
3.874334972351789474e-03
3.913858905434608459e-03
3.948991186916828156e-03
3.963630180805921555e-03
3.976804204285144806e-03
3.978267777711153030e-03
3.978267777711153030e-03
3.982659894973039627e-03
3.982659894973039627e-03
3.978267777711153030e-03
3.972413018345832825e-03
3.982659894973039627e-03
3.981195855885744095e-03
3.978267777711153030e-03
3.988515119999647141e-03
3.987051080912351608e-03
3.985587973147630692e-03
3.891901113092899323e-03
3.886044956743717194e-03
3.875798080116510391e-03
3.875798080116510391e-03
3.877261886373162270e-03
3.871406894177198410e-03
3.874334972351789474e-03
3.878725925460457802e-03
3.877261886373162270e-03
3.875798080116510391e-03
3.864088095724582672e-03
3.871406894177198410e-03
3.871406894177198410e-03
3.869943087920546532e-03
3.872870933264493942e-03
3.908003214746713638e-03
3.932889085263013840e-03
3.954846877604722977e-03
3.968020901083946228e-03
3.963630180805921555e-03
3.976804204285144806e-03
3.978267777711153030e-03
3.981195855885744095e-03
3.981195855885744095e-03
3.981195855885744095e-03
3.979731816798448563e-03
3.981195855885744095e-03
3.991443198174238205e-03
3.973877057433128357e-03
3.982659894973039627e-03
3.982659894973039627e-03
3.925569821149110794e-03
3.886044956743717194e-03
3.880189964547753334e-03
3.874334972351789474e-03
3.872870933264493942e-03
3.878725925460457802e-03
3.869943087920546532e-03
3.872870933264493942e-03
3.872870933264493942e-03
3.874334972351789474e-03
3.871406894177198410e-03
3.872870933264493942e-03
3.869943087920546532e-03
3.872870933264493942e-03
3.858231939375400543e-03
3.875798080116510391e-03
3.877261886373162270e-03
3.773329081013798714e-03
