4.139292985200881958e-03
4.155395086854696274e-03
4.152467008680105209e-03
4.152467008680105209e-03
4.155395086854696274e-03
4.155395086854696274e-03
4.155395086854696274e-03
4.137828946113586426e-03
4.148075822740793228e-03
4.151002969592809677e-03
4.152467008680105209e-03
4.162713885307312012e-03
4.156859125941991806e-03
4.156859125941991806e-03
4.155395086854696274e-03
4.158323165029287338e-03
4.120261874049901962e-03
4.131972789764404297e-03
4.131972789764404297e-03
4.129046108573675156e-03
4.130509216338396072e-03
4.130509216338396072e-03
4.137828946113586426e-03
4.136364907026290894e-03
4.131972789764404297e-03
4.129046108573675156e-03
4.131972789764404297e-03
4.130509216338396072e-03
4.133436828851699829e-03
4.129046108573675156e-03
4.126118030399084091e-03
4.136364907026290894e-03
4.164177924394607544e-03
4.137828946113586426e-03
4.153931047767400742e-03
4.158323165029287338e-03
4.155395086854696274e-03
4.153931047767400742e-03
4.153931047767400742e-03
4.156859125941991806e-03
4.153931047767400742e-03
4.159787204116582870e-03
4.145148210227489471e-03
4.156859125941991806e-03
4.153931047767400742e-03
4.155395086854696274e-03
4.153931047767400742e-03
4.149539861828088760e-03
4.129046108573675156e-03
4.126118030399084091e-03
4.139292985200881958e-03
4.120261874049901962e-03
4.133436828851699829e-03
4.130509216338396072e-03
4.133436828851699829e-03
4.133436828851699829e-03
4.134900867938995361e-03
4.131972789764404297e-03
4.129046108573675156e-03
4.110014997422695160e-03
4.127582069486379623e-03
4.133436828851699829e-03
4.133436828851699829e-03
4.129046108573675156e-03
4.158323165029287338e-03
4.155395086854696274e-03
4.155395086854696274e-03
4.152467008680105209e-03
4.153931047767400742e-03
4.162713885307312012e-03
4.159787204116582870e-03
4.156859125941991806e-03
4.156859125941991806e-03
4.158323165029287338e-03
4.155395086854696274e-03
4.153931047767400742e-03
4.145148210227489471e-03
4.146611783653497696e-03
4.162713885307312012e-03
4.165641963481903076e-03
4.130509216338396072e-03
4.131972789764404297e-03
4.131972789764404297e-03
4.131972789764404297e-03
4.131972789764404297e-03
4.111479036509990692e-03
4.126118030399084091e-03
4.126118030399084091e-03
4.126118030399084091e-03
4.133436828851699829e-03
4.130509216338396072e-03
4.131972789764404297e-03
4.129046108573675156e-03
4.131972789764404297e-03
4.124653991311788559e-03
4.129046108573675156e-03
4.101232159882783890e-03
