3.888973034918308258e-03
3.916786052286624908e-03
3.944600000977516174e-03
3.956309985369443893e-03
3.969484940171241760e-03
3.975341096520423889e-03
3.979731816798448563e-03
3.978267777711153030e-03
3.966556861996650696e-03
3.984123934060335159e-03
3.985587973147630692e-03
3.981195855885744095e-03
3.987051080912351608e-03
3.981195855885744095e-03
3.984123934060335159e-03
3.984123934060335159e-03
3.890437074005603790e-03
3.868479048833250999e-03
3.881654003635048866e-03
3.877261886373162270e-03
3.877261886373162270e-03
3.877261886373162270e-03
3.874334972351789474e-03
3.872870933264493942e-03
3.875798080116510391e-03
3.869943087920546532e-03
3.868479048833250999e-03
3.868479048833250999e-03
3.872870933264493942e-03
3.872870933264493942e-03
3.872870933264493942e-03
3.893364919349551201e-03
3.934353124350309372e-03
3.951918799430131912e-03
3.950455226004123688e-03
3.965094219893217087e-03
3.970948979258537292e-03
3.989979159086942673e-03
3.985587973147630692e-03
3.985587973147630692e-03
3.987051080912351608e-03
3.985587973147630692e-03
3.982659894973039627e-03
3.969484940171241760e-03
3.982659894973039627e-03
3.981195855885744095e-03
3.982659894973039627e-03
3.908003214746713638e-03
3.891901113092899323e-03
3.880189964547753334e-03
3.881654003635048866e-03
3.878725925460457802e-03
3.868479048833250999e-03
3.872870933264493942e-03
3.874334972351789474e-03
3.872870933264493942e-03
3.872870933264493942e-03
3.872870933264493942e-03
3.869943087920546532e-03
3.871406894177198410e-03
3.872870933264493942e-03
3.864088095724582672e-03
3.872870933264493942e-03
3.903612028807401657e-03
3.934353124350309372e-03
3.950455226004123688e-03
3.963630180805921555e-03
3.970948979258537292e-03
3.976804204285144806e-03
3.972413018345832825e-03
3.978267777711153030e-03
3.981195855885744095e-03
3.982659894973039627e-03
3.985587973147630692e-03
3.981195855885744095e-03
3.979731816798448563e-03
3.982659894973039627e-03
3.992906771600246429e-03
3.969484940171241760e-03
3.899219911545515060e-03
3.884582081809639931e-03
3.878725925460457802e-03
3.877261886373162270e-03
3.874334972351789474e-03
3.875798080116510391e-03
3.871406894177198410e-03
3.880189964547753334e-03
3.868479048833250999e-03
3.871406894177198410e-03
3.871406894177198410e-03
3.875798080116510391e-03
3.869943087920546532e-03
3.869943087920546532e-03
3.869943087920546532e-03
3.871406894177198410e-03
4.011936951428651810e-03
