3.886044956743717194e-03
3.916786052286624908e-03
3.916786052286624908e-03
3.951918799430131912e-03
3.965094219893217087e-03
3.972413018345832825e-03
3.981195855885744095e-03
3.982659894973039627e-03
3.981195855885744095e-03
3.991443198174238205e-03
3.991443198174238205e-03
3.975341096520423889e-03
3.985587973147630692e-03
3.985587973147630692e-03
3.982659894973039627e-03
3.982659894973039627e-03
3.905076067894697189e-03
3.887508995831012726e-03
3.883118042722344398e-03
3.880189964547753334e-03
3.868479048833250999e-03
3.872870933264493942e-03
3.875798080116510391e-03
3.880189964547753334e-03
3.877261886373162270e-03
3.874334972351789474e-03
3.874334972351789474e-03
3.872870933264493942e-03
3.877261886373162270e-03
3.868479048833250999e-03
3.874334972351789474e-03
3.871406894177198410e-03
3.928496968001127243e-03
3.951918799430131912e-03
3.960702102631330490e-03
3.969484940171241760e-03
3.978267777711153030e-03
3.979731816798448563e-03
3.976804204285144806e-03
3.981195855885744095e-03
3.979731816798448563e-03
3.987051080912351608e-03
3.989979159086942673e-03
3.982659894973039627e-03
3.985587973147630692e-03
3.982659894973039627e-03
3.966556861996650696e-03
3.921178169548511505e-03
3.888973034918308258e-03
3.883118042722344398e-03
3.877261886373162270e-03
3.875798080116510391e-03
3.875798080116510391e-03
3.874334972351789474e-03
3.875798080116510391e-03
3.859695978462696075e-03
3.874334972351789474e-03
3.872870933264493942e-03
3.871406894177198410e-03
3.872870933264493942e-03
3.878725925460457802e-03
3.878725925460457802e-03
3.875798080116510391e-03
3.906539175659418106e-03
3.927032928913831711e-03
3.953382838517427444e-03
3.962166141718626022e-03
3.973877057433128357e-03
3.981195855885744095e-03
3.979731816798448563e-03
3.981195855885744095e-03
3.981195855885744095e-03
3.981195855885744095e-03
3.981195855885744095e-03
3.984123934060335159e-03
3.982659894973039627e-03
3.979731816798448563e-03
3.981195855885744095e-03
3.982659894973039627e-03
3.916786052286624908e-03
3.888973034918308258e-03
3.869943087920546532e-03
3.875798080116510391e-03
3.872870933264493942e-03
3.872870933264493942e-03
3.871406894177198410e-03
3.874334972351789474e-03
3.875798080116510391e-03
3.874334972351789474e-03
3.874334972351789474e-03
3.864088095724582672e-03
3.869943087920546532e-03
3.875798080116510391e-03
3.874334972351789474e-03
3.874334972351789474e-03
3.868479048833250999e-03
3.751371055841445923e-03
