4.007544834166765213e-03
4.011936951428651810e-03
4.013400990515947342e-03
4.009008873254060745e-03
4.010472912341356277e-03
4.014865029603242874e-03
4.004618152976036072e-03
4.011936951428651810e-03
4.011936951428651810e-03
4.010472912341356277e-03
4.011936951428651810e-03
4.019256215542554855e-03
4.017792176455259323e-03
4.016329068690538406e-03
4.011936951428651810e-03
4.010472912341356277e-03
3.991443198174238205e-03
3.991443198174238205e-03
3.992906771600246429e-03
3.994370810687541962e-03
3.991443198174238205e-03
3.994370810687541962e-03
3.997297957539558411e-03
3.987051080912351608e-03
3.994370810687541962e-03
3.992906771600246429e-03
3.991443198174238205e-03
3.992906771600246429e-03
3.994370810687541962e-03
3.992906771600246429e-03
3.992906771600246429e-03
3.988515119999647141e-03
4.017792176455259323e-03
4.016329068690538406e-03
4.014865029603242874e-03
4.013400990515947342e-03
4.013400990515947342e-03
4.013400990515947342e-03
4.011936951428651810e-03
4.010472912341356277e-03
4.010472912341356277e-03
4.019256215542554855e-03
4.010472912341356277e-03
4.013400990515947342e-03
4.013400990515947342e-03
4.014865029603242874e-03
4.011936951428651810e-03
4.016329068690538406e-03
3.982659894973039627e-03
3.991443198174238205e-03
3.994370810687541962e-03
3.995834849774837494e-03
3.997297957539558411e-03
3.994370810687541962e-03
3.995834849774837494e-03
3.997297957539558411e-03
3.994370810687541962e-03
3.988515119999647141e-03
3.991443198174238205e-03
3.998761996626853943e-03
3.995834849774837494e-03
3.997297957539558411e-03
3.995834849774837494e-03
3.997297957539558411e-03
4.017792176455259323e-03
4.006082192063331604e-03
4.011936951428651810e-03
4.011936951428651810e-03
4.011936951428651810e-03
4.017792176455259323e-03
4.013400990515947342e-03
4.017792176455259323e-03
4.017792176455259323e-03
4.013400990515947342e-03
3.998761996626853943e-03
4.010472912341356277e-03
4.011936951428651810e-03
4.011936951428651810e-03
4.022183828055858612e-03
4.013400990515947342e-03
3.992906771600246429e-03
3.994370810687541962e-03
3.979731816798448563e-03
3.991443198174238205e-03
3.992906771600246429e-03
3.994370810687541962e-03
3.989979159086942673e-03
3.997297957539558411e-03
3.997297957539558411e-03
4.001690074801445007e-03
3.979731816798448563e-03
3.991443198174238205e-03
3.991443198174238205e-03
3.991443198174238205e-03
3.994370810687541962e-03
3.992906771600246429e-03
3.982659894973039627e-03
