3.887508995831012726e-03
3.903612028807401657e-03
3.932889085263013840e-03
3.956309985369443893e-03
3.966556861996650696e-03
3.968020901083946228e-03
3.975341096520423889e-03
3.979731816798448563e-03
3.981195855885744095e-03
3.981195855885744095e-03
3.979731816798448563e-03
3.984123934060335159e-03
3.988515119999647141e-03
3.987051080912351608e-03
3.984123934060335159e-03
3.981195855885744095e-03
3.897756105288863182e-03
3.886044956743717194e-03
3.881654003635048866e-03
3.878725925460457802e-03
3.883118042722344398e-03
3.881654003635048866e-03
3.880189964547753334e-03
3.858231939375400543e-03
3.871406894177198410e-03
3.869943087920546532e-03
3.872870933264493942e-03
3.871406894177198410e-03
3.871406894177198410e-03
3.871406894177198410e-03
3.880189964547753334e-03
3.877261886373162270e-03
3.916786052286624908e-03
3.944600000977516174e-03
3.962166141718626022e-03
3.972413018345832825e-03
3.976804204285144806e-03
3.976804204285144806e-03
3.978267777711153030e-03
3.982659894973039627e-03
3.989979159086942673e-03
3.981195855885744095e-03
3.984123934060335159e-03
3.985587973147630692e-03
3.984123934060335159e-03
3.982659894973039627e-03
3.985587973147630692e-03
3.981195855885744095e-03
3.891901113092899323e-03
3.875798080116510391e-03
3.875798080116510391e-03
3.877261886373162270e-03
3.880189964547753334e-03
3.881654003635048866e-03
3.875798080116510391e-03
3.869943087920546532e-03
3.869943087920546532e-03
3.868479048833250999e-03
3.862624056637287140e-03
3.872870933264493942e-03
3.871406894177198410e-03
3.878725925460457802e-03
3.877261886373162270e-03
3.915322944521903992e-03
3.927032928913831711e-03
3.951918799430131912e-03
3.963630180805921555e-03
3.951918799430131912e-03
3.975341096520423889e-03
3.978267777711153030e-03
3.985587973147630692e-03
3.981195855885744095e-03
3.981195855885744095e-03
3.981195855885744095e-03
3.984123934060335159e-03
3.987051080912351608e-03
3.975341096520423889e-03
3.984123934060335159e-03
3.989979159086942673e-03
3.928496968001127243e-03
3.887508995831012726e-03
3.883118042722344398e-03
3.883118042722344398e-03
3.877261886373162270e-03
3.877261886373162270e-03
3.871406894177198410e-03
3.871406894177198410e-03
3.872870933264493942e-03
3.874334972351789474e-03
3.878725925460457802e-03
3.871406894177198410e-03
3.872870933264493942e-03
3.871406894177198410e-03
3.871406894177198410e-03
3.867015009745955467e-03
3.871406894177198410e-03
3.771865041926503181e-03
