3.849449101835489273e-03
3.853840986266732216e-03
3.849449101835489273e-03
3.847985062748193741e-03
3.853840986266732216e-03
3.852376947179436684e-03
3.850912908092141151e-03
3.833347000181674957e-03
3.849449101835489273e-03
3.850912908092141151e-03
3.849449101835489273e-03
3.849449101835489273e-03
3.850912908092141151e-03
3.858231939375400543e-03
3.853840986266732216e-03
3.852376947179436684e-03
3.811388975009322166e-03
3.826027037575840950e-03
3.826027037575840950e-03
3.826027037575840950e-03
3.827491076663136482e-03
3.823099890723824501e-03
3.821636084467172623e-03
3.831882961094379425e-03
3.834810107946395874e-03
3.826027037575840950e-03
3.830418922007083893e-03
3.826027037575840950e-03
3.830418922007083893e-03
3.826027037575840950e-03
3.824562998488545418e-03
3.826027037575840950e-03
3.855304094031453133e-03
3.846521023660898209e-03
3.853840986266732216e-03
3.853840986266732216e-03
3.853840986266732216e-03
3.846521023660898209e-03
3.847985062748193741e-03
3.849449101835489273e-03
3.847985062748193741e-03
3.847985062748193741e-03
3.843594109639525414e-03
3.850912908092141151e-03
3.850912908092141151e-03
3.849449101835489273e-03
3.853840986266732216e-03
3.834810107946395874e-03
3.830418922007083893e-03
3.830418922007083893e-03
3.814315889030694962e-03
3.824562998488545418e-03
3.834810107946395874e-03
3.834810107946395874e-03
3.836273914203047752e-03
3.836273914203047752e-03
3.836273914203047752e-03
3.834810107946395874e-03
3.830418922007083893e-03
3.815779928117990494e-03
3.830418922007083893e-03
3.836273914203047752e-03
3.836273914203047752e-03
3.858231939375400543e-03
3.858231939375400543e-03
3.858231939375400543e-03
3.855304094031453133e-03
3.864088095724582672e-03
3.864088095724582672e-03
3.864088095724582672e-03
3.868479048833250999e-03
3.869943087920546532e-03
3.877261886373162270e-03
3.880189964547753334e-03
3.883118042722344398e-03
3.891901113092899323e-03
3.883118042722344398e-03
3.916786052286624908e-03
3.922642208635807037e-03
3.883118042722344398e-03
3.843594109639525414e-03
3.834810107946395874e-03
3.843594109639525414e-03
3.867015009745955467e-03
3.896292066201567650e-03
3.924105782061815262e-03
3.962166141718626022e-03
3.969484940171241760e-03
3.973877057433128357e-03
3.976804204285144806e-03
3.985587973147630692e-03
3.994370810687541962e-03
4.003154113888740540e-03
4.003154113888740540e-03
4.011936951428651810e-03
4.013400990515947342e-03
3.960702102631330490e-03
