3.868479048833250999e-03
3.856767900288105011e-03
3.853840986266732216e-03
3.856767900288105011e-03
3.853840986266732216e-03
3.853840986266732216e-03
3.853840986266732216e-03
3.852376947179436684e-03
3.837737953290343285e-03
3.847985062748193741e-03
3.845056984573602676e-03
3.849449101835489273e-03
3.853840986266732216e-03
3.852376947179436684e-03
3.855304094031453133e-03
3.852376947179436684e-03
3.826027037575840950e-03
3.823099890723824501e-03
3.826027037575840950e-03
3.826027037575840950e-03
3.820172045379877090e-03
3.823099890723824501e-03
3.830418922007083893e-03
3.837737953290343285e-03
3.831882961094379425e-03
3.809924935922026634e-03
3.828955115750432014e-03
3.827491076663136482e-03
3.827491076663136482e-03
3.830418922007083893e-03
3.824562998488545418e-03
3.831882961094379425e-03
3.855304094031453133e-03
3.856767900288105011e-03
3.847985062748193741e-03
3.853840986266732216e-03
3.846521023660898209e-03
3.849449101835489273e-03
3.846521023660898209e-03
3.847985062748193741e-03
3.845056984573602676e-03
3.852376947179436684e-03
3.834810107946395874e-03
3.847985062748193741e-03
3.845056984573602676e-03
3.852376947179436684e-03
3.849449101835489273e-03
3.843594109639525414e-03
3.824562998488545418e-03
3.824562998488545418e-03
3.830418922007083893e-03
3.818708006292581558e-03
3.830418922007083893e-03
3.836273914203047752e-03
3.833347000181674957e-03
3.834810107946395874e-03
3.828955115750432014e-03
3.831882961094379425e-03
3.833347000181674957e-03
3.827491076663136482e-03
3.826027037575840950e-03
3.837737953290343285e-03
3.839201992377638817e-03
3.846521023660898209e-03
3.862624056637287140e-03
3.864088095724582672e-03
3.864088095724582672e-03
3.869943087920546532e-03
3.868479048833250999e-03
3.880189964547753334e-03
3.888973034918308258e-03
3.891901113092899323e-03
3.891901113092899323e-03
3.902147989720106125e-03
3.908003214746713638e-03
3.913858905434608459e-03
3.927032928913831711e-03
3.944600000977516174e-03
3.951918799430131912e-03
3.938743844628334045e-03
3.883118042722344398e-03
3.850912908092141151e-03
3.847985062748193741e-03
3.878725925460457802e-03
3.919714130461215973e-03
3.927032928913831711e-03
3.985587973147630692e-03
3.994370810687541962e-03
3.995834849774837494e-03
4.000226035714149475e-03
4.006082192063331604e-03
4.017792176455259323e-03
4.016329068690538406e-03
4.026575945317745209e-03
4.016329068690538406e-03
4.022183828055858612e-03
3.982659894973039627e-03
