4.338377155363559723e-03
4.316418897360563278e-03
4.317882936447858810e-03
4.307636059820652008e-03
4.323738161474466324e-03
4.316418897360563278e-03
4.307636059820652008e-03
4.317882936447858810e-03
4.313490819185972214e-03
4.316418897360563278e-03
4.314954858273267746e-03
4.313490819185972214e-03
4.309100098907947540e-03
4.320811014622449875e-03
4.297389183193445206e-03
4.320811014622449875e-03
4.306172020733356476e-03
4.322275053709745407e-03
4.329593852162361145e-03
4.333985038101673126e-03
4.332521930336952209e-03
4.328129813075065613e-03
4.328129813075065613e-03
4.322275053709745407e-03
4.329593852162361145e-03
4.332521930336952209e-03
4.328129813075065613e-03
4.332521930336952209e-03
4.336913116276264191e-03
4.328129813075065613e-03
4.325202200561761856e-03
4.313490819185972214e-03
4.339841194450855255e-03
4.329593852162361145e-03
4.325202200561761856e-03
4.312028177082538605e-03
4.310564137995243073e-03
4.313490819185972214e-03
4.317882936447858810e-03
4.309100098907947540e-03
4.294461105018854141e-03
4.309100098907947540e-03
4.309100098907947540e-03
4.307636059820652008e-03
4.306172020733356476e-03
4.310564137995243073e-03
4.312028177082538605e-03
4.313490819185972214e-03
4.307636059820652008e-03
4.313490819185972214e-03
4.326665773987770081e-03
4.323738161474466324e-03
4.322275053709745407e-03
4.322275053709745407e-03
4.332521930336952209e-03
4.325202200561761856e-03
4.325202200561761856e-03
4.309100098907947540e-03
4.323738161474466324e-03
4.322275053709745407e-03
4.322275053709745407e-03
4.320811014622449875e-03
4.322275053709745407e-03
4.323738161474466324e-03
4.331057891249656677e-03
4.306172020733356476e-03
4.313490819185972214e-03
4.309100098907947540e-03
4.304707981646060944e-03
4.306172020733356476e-03
4.310564137995243073e-03
4.306172020733356476e-03
4.303243942558765411e-03
4.312028177082538605e-03
4.288605879992246628e-03
4.306172020733356476e-03
4.307636059820652008e-03
4.306172020733356476e-03
4.306172020733356476e-03
4.307636059820652008e-03
4.306172020733356476e-03
4.316418897360563278e-03
4.322275053709745407e-03
4.312028177082538605e-03
4.320811014622449875e-03
4.317882936447858810e-03
4.320811014622449875e-03
4.317882936447858810e-03
4.314954858273267746e-03
4.316418897360563278e-03
4.319346975535154343e-03
4.291533958166837692e-03
4.309100098907947540e-03
4.316418897360563278e-03
4.319346975535154343e-03
4.322275053709745407e-03
4.186136182397603989e-03
