3.853840986266732216e-03
3.853840986266732216e-03
3.850912908092141151e-03
3.852376947179436684e-03
3.856767900288105011e-03
3.836273914203047752e-03
3.850912908092141151e-03
3.849449101835489273e-03
3.850912908092141151e-03
3.849449101835489273e-03
3.847985062748193741e-03
3.850912908092141151e-03
3.856767900288105011e-03
3.852376947179436684e-03
3.839201992377638817e-03
3.849449101835489273e-03
3.824562998488545418e-03
3.827491076663136482e-03
3.827491076663136482e-03
3.823099890723824501e-03
3.828955115750432014e-03
3.828955115750432014e-03
3.826027037575840950e-03
3.811388975009322166e-03
3.824562998488545418e-03
3.824562998488545418e-03
3.828955115750432014e-03
3.827491076663136482e-03
3.830418922007083893e-03
3.823099890723824501e-03
3.826027037575840950e-03
3.809924935922026634e-03
3.847985062748193741e-03
3.849449101835489273e-03
3.856767900288105011e-03
3.847985062748193741e-03
3.849449101835489273e-03
3.849449101835489273e-03
3.855304094031453133e-03
3.852376947179436684e-03
3.840666031464934349e-03
3.850912908092141151e-03
3.850912908092141151e-03
3.850912908092141151e-03
3.847985062748193741e-03
3.846521023660898209e-03
3.855304094031453133e-03
3.856767900288105011e-03
3.809924935922026634e-03
3.823099890723824501e-03
3.826027037575840950e-03
3.833347000181674957e-03
3.833347000181674957e-03
3.833347000181674957e-03
3.830418922007083893e-03
3.830418922007083893e-03
3.828955115750432014e-03
3.814315889030694962e-03
3.833347000181674957e-03
3.834810107946395874e-03
3.831882961094379425e-03
3.831882961094379425e-03
3.831882961094379425e-03
3.875798080116510391e-03
3.859695978462696075e-03
3.840666031464934349e-03
3.852376947179436684e-03
3.855304094031453133e-03
3.853840986266732216e-03
3.855304094031453133e-03
3.858231939375400543e-03
3.865550970658659935e-03
3.861160017549991608e-03
3.864088095724582672e-03
3.853840986266732216e-03
3.880189964547753334e-03
3.881654003635048866e-03
3.888973034918308258e-03
3.890437074005603790e-03
3.868479048833250999e-03
3.836273914203047752e-03
3.836273914203047752e-03
3.833347000181674957e-03
3.855304094031453133e-03
3.878725925460457802e-03
3.893364919349551201e-03
3.908003214746713638e-03
3.922642208635807037e-03
3.940207883715629578e-03
3.950455226004123688e-03
3.959238063544034958e-03
3.946064040064811707e-03
3.978267777711153030e-03
3.979731816798448563e-03
3.982659894973039627e-03
3.988515119999647141e-03
3.953382838517427444e-03
