3.858231939375400543e-03
3.839201992377638817e-03
3.849449101835489273e-03
3.849449101835489273e-03
3.861160017549991608e-03
3.852376947179436684e-03
3.856767900288105011e-03
3.853840986266732216e-03
3.852376947179436684e-03
3.852376947179436684e-03
3.842130070552229881e-03
3.855304094031453133e-03
3.853840986266732216e-03
3.855304094031453133e-03
3.850912908092141151e-03
3.847985062748193741e-03
3.830418922007083893e-03
3.827491076663136482e-03
3.811388975009322166e-03
3.824562998488545418e-03
3.826027037575840950e-03
3.827491076663136482e-03
3.823099890723824501e-03
3.821636084467172623e-03
3.827491076663136482e-03
3.830418922007083893e-03
3.828955115750432014e-03
3.811388975009322166e-03
3.821636084467172623e-03
3.833347000181674957e-03
3.828955115750432014e-03
3.865550970658659935e-03
3.852376947179436684e-03
3.847985062748193741e-03
3.856767900288105011e-03
3.843594109639525414e-03
3.852376947179436684e-03
3.856767900288105011e-03
3.849449101835489273e-03
3.849449101835489273e-03
3.850912908092141151e-03
3.846521023660898209e-03
3.855304094031453133e-03
3.858231939375400543e-03
3.837737953290343285e-03
3.847985062748193741e-03
3.846521023660898209e-03
3.843594109639525414e-03
3.831882961094379425e-03
3.828955115750432014e-03
3.830418922007083893e-03
3.831882961094379425e-03
3.833347000181674957e-03
3.818708006292581558e-03
3.827491076663136482e-03
3.830418922007083893e-03
3.831882961094379425e-03
3.830418922007083893e-03
3.833347000181674957e-03
3.831882961094379425e-03
3.831882961094379425e-03
3.818708006292581558e-03
3.836273914203047752e-03
3.862624056637287140e-03
3.853840986266732216e-03
3.850912908092141151e-03
3.853840986266732216e-03
3.850912908092141151e-03
3.852376947179436684e-03
3.853840986266732216e-03
3.849449101835489273e-03
3.858231939375400543e-03
3.859695978462696075e-03
3.859695978462696075e-03
3.858231939375400543e-03
3.867015009745955467e-03
3.869943087920546532e-03
3.869943087920546532e-03
3.877261886373162270e-03
3.845056984573602676e-03
3.839201992377638817e-03
3.839201992377638817e-03
3.837737953290343285e-03
3.845056984573602676e-03
3.858231939375400543e-03
3.875798080116510391e-03
3.893364919349551201e-03
3.897756105288863182e-03
3.928496968001127243e-03
3.928496968001127243e-03
3.935817163437604904e-03
3.941671922802925110e-03
3.953382838517427444e-03
3.962166141718626022e-03
3.966556861996650696e-03
3.968020901083946228e-03
