3.858231939375400543e-03
3.853840986266732216e-03
3.852376947179436684e-03
3.850912908092141151e-03
3.852376947179436684e-03
3.858231939375400543e-03
3.852376947179436684e-03
3.853840986266732216e-03
3.853840986266732216e-03
3.853840986266732216e-03
3.852376947179436684e-03
3.850912908092141151e-03
3.849449101835489273e-03
3.852376947179436684e-03
3.855304094031453133e-03
3.842130070552229881e-03
3.830418922007083893e-03
3.828955115750432014e-03
3.826027037575840950e-03
3.821636084467172623e-03
3.828955115750432014e-03
3.828955115750432014e-03
3.830418922007083893e-03
3.802605904638767242e-03
3.820172045379877090e-03
3.815779928117990494e-03
3.826027037575840950e-03
3.826027037575840950e-03
3.827491076663136482e-03
3.834810107946395874e-03
3.827491076663136482e-03
3.830418922007083893e-03
3.831882961094379425e-03
3.847985062748193741e-03
3.849449101835489273e-03
3.855304094031453133e-03
3.853840986266732216e-03
3.850912908092141151e-03
3.855304094031453133e-03
3.853840986266732216e-03
3.834810107946395874e-03
3.850912908092141151e-03
3.852376947179436684e-03
3.853840986266732216e-03
3.853840986266732216e-03
3.850912908092141151e-03
3.850912908092141151e-03
3.849449101835489273e-03
3.826027037575840950e-03
3.814315889030694962e-03
3.827491076663136482e-03
3.834810107946395874e-03
3.828955115750432014e-03
3.833347000181674957e-03
3.828955115750432014e-03
3.827491076663136482e-03
3.831882961094379425e-03
3.837737953290343285e-03
3.824562998488545418e-03
3.830418922007083893e-03
3.834810107946395874e-03
3.834810107946395874e-03
3.827491076663136482e-03
3.830418922007083893e-03
3.859695978462696075e-03
3.861160017549991608e-03
3.839201992377638817e-03
3.850912908092141151e-03
3.856767900288105011e-03
3.853840986266732216e-03
3.861160017549991608e-03
3.859695978462696075e-03
3.865550970658659935e-03
3.872870933264493942e-03
3.867015009745955467e-03
3.872870933264493942e-03
3.884582081809639931e-03
3.887508995831012726e-03
3.894828958436846733e-03
3.871406894177198410e-03
3.843594109639525414e-03
3.834810107946395874e-03
3.839201992377638817e-03
3.826027037575840950e-03
3.877261886373162270e-03
3.899219911545515060e-03
3.913858905434608459e-03
3.924105782061815262e-03
3.935817163437604904e-03
3.947527147829532623e-03
3.954846877604722977e-03
3.963630180805921555e-03
3.966556861996650696e-03
3.995834849774837494e-03
3.994370810687541962e-03
3.989979159086942673e-03
3.951918799430131912e-03
