3.839201992377638817e-03
3.858231939375400543e-03
3.856767900288105011e-03
3.861160017549991608e-03
3.855304094031453133e-03
3.852376947179436684e-03
3.840666031464934349e-03
3.847985062748193741e-03
3.847985062748193741e-03
3.849449101835489273e-03
3.846521023660898209e-03
3.853840986266732216e-03
3.856767900288105011e-03
3.855304094031453133e-03
3.853840986266732216e-03
3.842130070552229881e-03
3.845056984573602676e-03
3.826027037575840950e-03
3.824562998488545418e-03
3.824562998488545418e-03
3.824562998488545418e-03
3.828955115750432014e-03
3.830418922007083893e-03
3.830418922007083893e-03
3.821636084467172623e-03
3.826027037575840950e-03
3.827491076663136482e-03
3.826027037575840950e-03
3.826027037575840950e-03
3.823099890723824501e-03
3.830418922007083893e-03
3.828955115750432014e-03
3.852376947179436684e-03
3.850912908092141151e-03
3.849449101835489273e-03
3.850912908092141151e-03
3.852376947179436684e-03
3.847985062748193741e-03
3.846521023660898209e-03
3.850912908092141151e-03
3.856767900288105011e-03
3.846521023660898209e-03
3.850912908092141151e-03
3.850912908092141151e-03
3.847985062748193741e-03
3.850912908092141151e-03
3.849449101835489273e-03
3.850912908092141151e-03
3.831882961094379425e-03
3.804069012403488159e-03
3.827491076663136482e-03
3.831882961094379425e-03
3.831882961094379425e-03
3.831882961094379425e-03
3.833347000181674957e-03
3.828955115750432014e-03
3.831882961094379425e-03
3.830418922007083893e-03
3.820172045379877090e-03
3.839201992377638817e-03
3.833347000181674957e-03
3.833347000181674957e-03
3.833347000181674957e-03
3.831882961094379425e-03
3.855304094031453133e-03
3.856767900288105011e-03
3.840666031464934349e-03
3.847985062748193741e-03
3.859695978462696075e-03
3.855304094031453133e-03
3.858231939375400543e-03
3.864088095724582672e-03
3.858231939375400543e-03
3.861160017549991608e-03
3.865550970658659935e-03
3.861160017549991608e-03
3.874334972351789474e-03
3.880189964547753334e-03
3.888973034918308258e-03
3.887508995831012726e-03
3.845056984573602676e-03
3.831882961094379425e-03
3.833347000181674957e-03
3.842130070552229881e-03
3.858231939375400543e-03
3.871406894177198410e-03
3.893364919349551201e-03
3.919714130461215973e-03
3.922642208635807037e-03
3.929961007088422775e-03
3.938743844628334045e-03
3.944600000977516174e-03
3.957774024456739426e-03
3.979731816798448563e-03
3.978267777711153030e-03
3.982659894973039627e-03
3.921178169548511505e-03
