3.856767900288105011e-03
3.856767900288105011e-03
3.849449101835489273e-03
3.847985062748193741e-03
3.850912908092141151e-03
3.850912908092141151e-03
3.853840986266732216e-03
3.840666031464934349e-03
3.853840986266732216e-03
3.856767900288105011e-03
3.853840986266732216e-03
3.852376947179436684e-03
3.850912908092141151e-03
3.855304094031453133e-03
3.853840986266732216e-03
3.850912908092141151e-03
3.823099890723824501e-03
3.831882961094379425e-03
3.828955115750432014e-03
3.827491076663136482e-03
3.828955115750432014e-03
3.828955115750432014e-03
3.818708006292581558e-03
3.826027037575840950e-03
3.806997090578079224e-03
3.823099890723824501e-03
3.831882961094379425e-03
3.828955115750432014e-03
3.828955115750432014e-03
3.823099890723824501e-03
3.831882961094379425e-03
3.861160017549991608e-03
3.850912908092141151e-03
3.842130070552229881e-03
3.847985062748193741e-03
3.852376947179436684e-03
3.853840986266732216e-03
3.853840986266732216e-03
3.852376947179436684e-03
3.850912908092141151e-03
3.852376947179436684e-03
3.847985062748193741e-03
3.842130070552229881e-03
3.850912908092141151e-03
3.847985062748193741e-03
3.850912908092141151e-03
3.855304094031453133e-03
3.839201992377638817e-03
3.830418922007083893e-03
3.830418922007083893e-03
3.818708006292581558e-03
3.826027037575840950e-03
3.831882961094379425e-03
3.830418922007083893e-03
3.828955115750432014e-03
3.833347000181674957e-03
3.836273914203047752e-03
3.836273914203047752e-03
3.837737953290343285e-03
3.828955115750432014e-03
3.833347000181674957e-03
3.830418922007083893e-03
3.833347000181674957e-03
3.859695978462696075e-03
3.856767900288105011e-03
3.861160017549991608e-03
3.869943087920546532e-03
3.855304094031453133e-03
3.869943087920546532e-03
3.874334972351789474e-03
3.881654003635048866e-03
3.887508995831012726e-03
3.891901113092899323e-03
3.893364919349551201e-03
3.906539175659418106e-03
3.915322944521903992e-03
3.929961007088422775e-03
3.935817163437604904e-03
3.940207883715629578e-03
3.893364919349551201e-03
3.852376947179436684e-03
3.840666031464934349e-03
3.850912908092141151e-03
3.883118042722344398e-03
3.912394866347312927e-03
3.972413018345832825e-03
3.972413018345832825e-03
3.975341096520423889e-03
3.982659894973039627e-03
3.994370810687541962e-03
3.997297957539558411e-03
4.006082192063331604e-03
4.010472912341356277e-03
4.007544834166765213e-03
4.016329068690538406e-03
4.016329068690538406e-03
