3.853840986266732216e-03
3.855304094031453133e-03
3.853840986266732216e-03
3.856767900288105011e-03
3.850912908092141151e-03
3.855304094031453133e-03
3.856767900288105011e-03
3.855304094031453133e-03
3.853840986266732216e-03
3.846521023660898209e-03
3.850912908092141151e-03
3.852376947179436684e-03
3.853840986266732216e-03
3.852376947179436684e-03
3.855304094031453133e-03
3.853840986266732216e-03
3.826027037575840950e-03
3.812853014096617699e-03
3.826027037575840950e-03
3.830418922007083893e-03
3.830418922007083893e-03
3.824562998488545418e-03
3.826027037575840950e-03
3.826027037575840950e-03
3.826027037575840950e-03
3.802605904638767242e-03
3.821636084467172623e-03
3.826027037575840950e-03
3.827491076663136482e-03
3.831882961094379425e-03
3.828955115750432014e-03
3.828955115750432014e-03
3.852376947179436684e-03
3.855304094031453133e-03
3.842130070552229881e-03
3.850912908092141151e-03
3.849449101835489273e-03
3.847985062748193741e-03
3.849449101835489273e-03
3.856767900288105011e-03
3.850912908092141151e-03
3.850912908092141151e-03
3.847985062748193741e-03
3.845056984573602676e-03
3.852376947179436684e-03
3.850912908092141151e-03
3.849449101835489273e-03
3.859695978462696075e-03
3.833347000181674957e-03
3.830418922007083893e-03
3.834810107946395874e-03
3.817243967205286026e-03
3.828955115750432014e-03
3.830418922007083893e-03
3.828955115750432014e-03
3.831882961094379425e-03
3.830418922007083893e-03
3.830418922007083893e-03
3.836273914203047752e-03
3.834810107946395874e-03
3.828955115750432014e-03
3.830418922007083893e-03
3.834810107946395874e-03
3.845056984573602676e-03
3.856767900288105011e-03
3.856767900288105011e-03
3.852376947179436684e-03
3.858231939375400543e-03
3.855304094031453133e-03
3.867015009745955467e-03
3.867015009745955467e-03
3.872870933264493942e-03
3.874334972351789474e-03
3.875798080116510391e-03
3.884582081809639931e-03
3.893364919349551201e-03
3.899219911545515060e-03
3.910930827260017395e-03
3.925569821149110794e-03
3.886044956743717194e-03
3.852376947179436684e-03
3.837737953290343285e-03
3.839201992377638817e-03
3.858231939375400543e-03
3.887508995831012726e-03
3.899219911545515060e-03
3.954846877604722977e-03
3.969484940171241760e-03
3.963630180805921555e-03
3.970948979258537292e-03
3.976804204285144806e-03
3.981195855885744095e-03
3.992906771600246429e-03
3.995834849774837494e-03
3.997297957539558411e-03
4.010472912341356277e-03
3.970948979258537292e-03
