3.858231939375400543e-03
3.855304094031453133e-03
3.850912908092141151e-03
3.850912908092141151e-03
3.846521023660898209e-03
3.858231939375400543e-03
3.855304094031453133e-03
3.840666031464934349e-03
3.852376947179436684e-03
3.852376947179436684e-03
3.853840986266732216e-03
3.852376947179436684e-03
3.845056984573602676e-03
3.849449101835489273e-03
3.855304094031453133e-03
3.858231939375400543e-03
3.820172045379877090e-03
3.830418922007083893e-03
3.830418922007083893e-03
3.828955115750432014e-03
3.830418922007083893e-03
3.826027037575840950e-03
3.826027037575840950e-03
3.824562998488545418e-03
3.805533051490783691e-03
3.831882961094379425e-03
3.830418922007083893e-03
3.833347000181674957e-03
3.830418922007083893e-03
3.830418922007083893e-03
3.827491076663136482e-03
3.823099890723824501e-03
3.852376947179436684e-03
3.846521023660898209e-03
3.846521023660898209e-03
3.846521023660898209e-03
3.852376947179436684e-03
3.852376947179436684e-03
3.852376947179436684e-03
3.852376947179436684e-03
3.853840986266732216e-03
3.836273914203047752e-03
3.846521023660898209e-03
3.847985062748193741e-03
3.845056984573602676e-03
3.847985062748193741e-03
3.852376947179436684e-03
3.850912908092141151e-03
3.830418922007083893e-03
3.830418922007083893e-03
3.823099890723824501e-03
3.827491076663136482e-03
3.828955115750432014e-03
3.831882961094379425e-03
3.830418922007083893e-03
3.831882961094379425e-03
3.833347000181674957e-03
3.836273914203047752e-03
3.809924935922026634e-03
3.833347000181674957e-03
3.836273914203047752e-03
3.836273914203047752e-03
3.836273914203047752e-03
3.837737953290343285e-03
3.858231939375400543e-03
3.856767900288105011e-03
3.864088095724582672e-03
3.855304094031453133e-03
3.869943087920546532e-03
3.871406894177198410e-03
3.872870933264493942e-03
3.875798080116510391e-03
3.886044956743717194e-03
3.891901113092899323e-03
3.906539175659418106e-03
3.908003214746713638e-03
3.918250091373920441e-03
3.925569821149110794e-03
3.929961007088422775e-03
3.900683950632810593e-03
3.864088095724582672e-03
3.839201992377638817e-03
3.843594109639525414e-03
3.871406894177198410e-03
3.905076067894697189e-03
3.948991186916828156e-03
3.963630180805921555e-03
3.972413018345832825e-03
3.979731816798448563e-03
3.985587973147630692e-03
3.994370810687541962e-03
4.000226035714149475e-03
4.004618152976036072e-03
4.010472912341356277e-03
4.013400990515947342e-03
4.017792176455259323e-03
3.979731816798448563e-03
