3.834810107946395874e-03
3.852376947179436684e-03
3.847985062748193741e-03
3.865550970658659935e-03
3.855304094031453133e-03
3.853840986266732216e-03
3.855304094031453133e-03
3.855304094031453133e-03
3.845056984573602676e-03
3.849449101835489273e-03
3.850912908092141151e-03
3.847985062748193741e-03
3.849449101835489273e-03
3.849449101835489273e-03
3.850912908092141151e-03
3.852376947179436684e-03
3.828955115750432014e-03
3.823099890723824501e-03
3.827491076663136482e-03
3.827491076663136482e-03
3.828955115750432014e-03
3.828955115750432014e-03
3.824562998488545418e-03
3.824562998488545418e-03
3.824562998488545418e-03
3.817243967205286026e-03
3.827491076663136482e-03
3.830418922007083893e-03
3.831882961094379425e-03
3.826027037575840950e-03
3.827491076663136482e-03
3.828955115750432014e-03
3.845056984573602676e-03
3.847985062748193741e-03
3.845056984573602676e-03
3.850912908092141151e-03
3.850912908092141151e-03
3.852376947179436684e-03
3.850912908092141151e-03
3.853840986266732216e-03
3.850912908092141151e-03
3.849449101835489273e-03
3.827491076663136482e-03
3.846521023660898209e-03
3.853840986266732216e-03
3.850912908092141151e-03
3.853840986266732216e-03
3.850912908092141151e-03
3.828955115750432014e-03
3.830418922007083893e-03
3.828955115750432014e-03
3.824562998488545418e-03
3.826027037575840950e-03
3.834810107946395874e-03
3.837737953290343285e-03
3.834810107946395874e-03
3.842130070552229881e-03
3.836273914203047752e-03
3.831882961094379425e-03
3.815779928117990494e-03
3.828955115750432014e-03
3.827491076663136482e-03
3.831882961094379425e-03
3.833347000181674957e-03
3.859695978462696075e-03
3.859695978462696075e-03
3.856767900288105011e-03
3.856767900288105011e-03
3.858231939375400543e-03
3.864088095724582672e-03
3.861160017549991608e-03
3.868479048833250999e-03
3.869943087920546532e-03
3.875798080116510391e-03
3.881654003635048866e-03
3.891901113092899323e-03
3.874334972351789474e-03
3.908003214746713638e-03
3.910930827260017395e-03
3.918250091373920441e-03
3.867015009745955467e-03
3.839201992377638817e-03
3.837737953290343285e-03
3.845056984573602676e-03
3.869943087920546532e-03
3.913858905434608459e-03
3.940207883715629578e-03
3.947527147829532623e-03
3.960702102631330490e-03
3.968020901083946228e-03
3.975341096520423889e-03
3.982659894973039627e-03
3.989979159086942673e-03
3.992906771600246429e-03
4.011936951428651810e-03
4.010472912341356277e-03
3.951918799430131912e-03
