3.845056984573602676e-03
3.859695978462696075e-03
3.855304094031453133e-03
3.853840986266732216e-03
3.853840986266732216e-03
3.853840986266732216e-03
3.853840986266732216e-03
3.839201992377638817e-03
3.843594109639525414e-03
3.849449101835489273e-03
3.850912908092141151e-03
3.847985062748193741e-03
3.849449101835489273e-03
3.850912908092141151e-03
3.856767900288105011e-03
3.853840986266732216e-03
3.823099890723824501e-03
3.826027037575840950e-03
3.828955115750432014e-03
3.824562998488545418e-03
3.826027037575840950e-03
3.827491076663136482e-03
3.827491076663136482e-03
3.828955115750432014e-03
3.812853014096617699e-03
3.823099890723824501e-03
3.824562998488545418e-03
3.826027037575840950e-03
3.830418922007083893e-03
3.828955115750432014e-03
3.830418922007083893e-03
3.830418922007083893e-03
3.849449101835489273e-03
3.847985062748193741e-03
3.850912908092141151e-03
3.846521023660898209e-03
3.843594109639525414e-03
3.859695978462696075e-03
3.853840986266732216e-03
3.852376947179436684e-03
3.852376947179436684e-03
3.831882961094379425e-03
3.846521023660898209e-03
3.849449101835489273e-03
3.846521023660898209e-03
3.849449101835489273e-03
3.855304094031453133e-03
3.853840986266732216e-03
3.831882961094379425e-03
3.830418922007083893e-03
3.823099890723824501e-03
3.826027037575840950e-03
3.831882961094379425e-03
3.828955115750432014e-03
3.830418922007083893e-03
3.833347000181674957e-03
3.836273914203047752e-03
3.833347000181674957e-03
3.808460896834731102e-03
3.824562998488545418e-03
3.827491076663136482e-03
3.828955115750432014e-03
3.833347000181674957e-03
3.861160017549991608e-03
3.858231939375400543e-03
3.855304094031453133e-03
3.861160017549991608e-03
3.862624056637287140e-03
3.865550970658659935e-03
3.872870933264493942e-03
3.872870933264493942e-03
3.875798080116510391e-03
3.881654003635048866e-03
3.887508995831012726e-03
3.893364919349551201e-03
3.899219911545515060e-03
3.915322944521903992e-03
3.934353124350309372e-03
3.928496968001127243e-03
3.915322944521903992e-03
3.867015009745955467e-03
3.839201992377638817e-03
3.845056984573602676e-03
3.867015009745955467e-03
3.893364919349551201e-03
3.951918799430131912e-03
3.957774024456739426e-03
3.969484940171241760e-03
3.976804204285144806e-03
3.985587973147630692e-03
3.989979159086942673e-03
3.998761996626853943e-03
4.009008873254060745e-03
4.016329068690538406e-03
4.013400990515947342e-03
4.016329068690538406e-03
3.975341096520423889e-03
