3.768936963751912117e-03
3.859695978462696075e-03
3.834810107946395874e-03
3.852376947179436684e-03
3.853840986266732216e-03
3.853840986266732216e-03
3.853840986266732216e-03
3.849449101835489273e-03
3.847985062748193741e-03
3.849449101835489273e-03
3.855304094031453133e-03
3.839201992377638817e-03
3.850912908092141151e-03
3.853840986266732216e-03
3.855304094031453133e-03
3.852376947179436684e-03
3.839201992377638817e-03
3.824562998488545418e-03
3.823099890723824501e-03
3.824562998488545418e-03
3.818708006292581558e-03
3.827491076663136482e-03
3.827491076663136482e-03
3.828955115750432014e-03
3.828955115750432014e-03
3.826027037575840950e-03
3.826027037575840950e-03
3.826027037575840950e-03
3.799678059294819832e-03
3.826027037575840950e-03
3.828955115750432014e-03
3.827491076663136482e-03
3.862624056637287140e-03
3.855304094031453133e-03
3.852376947179436684e-03
3.852376947179436684e-03
3.850912908092141151e-03
3.842130070552229881e-03
3.850912908092141151e-03
3.856767900288105011e-03
3.850912908092141151e-03
3.847985062748193741e-03
3.849449101835489273e-03
3.855304094031453133e-03
3.849449101835489273e-03
3.853840986266732216e-03
3.843594109639525414e-03
3.847985062748193741e-03
3.828955115750432014e-03
3.833347000181674957e-03
3.828955115750432014e-03
3.834810107946395874e-03
3.827491076663136482e-03
3.830418922007083893e-03
3.815779928117990494e-03
3.827491076663136482e-03
3.828955115750432014e-03
3.833347000181674957e-03
3.834810107946395874e-03
3.837737953290343285e-03
3.836273914203047752e-03
3.827491076663136482e-03
3.827491076663136482e-03
3.828955115750432014e-03
3.850912908092141151e-03
3.852376947179436684e-03
3.853840986266732216e-03
3.855304094031453133e-03
3.856767900288105011e-03
3.850912908092141151e-03
3.855304094031453133e-03
3.837737953290343285e-03
3.853840986266732216e-03
3.861160017549991608e-03
3.859695978462696075e-03
3.859695978462696075e-03
3.871406894177198410e-03
3.869943087920546532e-03
3.865550970658659935e-03
3.872870933264493942e-03
3.826027037575840950e-03
3.827491076663136482e-03
3.830418922007083893e-03
3.836273914203047752e-03
3.843594109639525414e-03
3.858231939375400543e-03
3.868479048833250999e-03
3.883118042722344398e-03
3.869943087920546532e-03
3.922642208635807037e-03
3.928496968001127243e-03
3.929961007088422775e-03
3.940207883715629578e-03
3.944600000977516174e-03
3.956309985369443893e-03
3.966556861996650696e-03
3.924105782061815262e-03
