3.905076067894697189e-03
3.862624056637287140e-03
3.856767900288105011e-03
3.853840986266732216e-03
3.855304094031453133e-03
3.839201992377638817e-03
3.845056984573602676e-03
3.846521023660898209e-03
3.849449101835489273e-03
3.855304094031453133e-03
3.853840986266732216e-03
3.853840986266732216e-03
3.853840986266732216e-03
3.850912908092141151e-03
3.845056984573602676e-03
3.852376947179436684e-03
3.823099890723824501e-03
3.823099890723824501e-03
3.823099890723824501e-03
3.833347000181674957e-03
3.827491076663136482e-03
3.826027037575840950e-03
3.804069012403488159e-03
3.823099890723824501e-03
3.826027037575840950e-03
3.827491076663136482e-03
3.826027037575840950e-03
3.826027037575840950e-03
3.824562998488545418e-03
3.834810107946395874e-03
3.830418922007083893e-03
3.815779928117990494e-03
3.846521023660898209e-03
3.852376947179436684e-03
3.850912908092141151e-03
3.847985062748193741e-03
3.845056984573602676e-03
3.847985062748193741e-03
3.847985062748193741e-03
3.843594109639525414e-03
3.846521023660898209e-03
3.855304094031453133e-03
3.856767900288105011e-03
3.853840986266732216e-03
3.849449101835489273e-03
3.849449101835489273e-03
3.847985062748193741e-03
3.846521023660898209e-03
3.820172045379877090e-03
3.824562998488545418e-03
3.831882961094379425e-03
3.830418922007083893e-03
3.831882961094379425e-03
3.830418922007083893e-03
3.831882961094379425e-03
3.831882961094379425e-03
3.833347000181674957e-03
3.817243967205286026e-03
3.833347000181674957e-03
3.834810107946395874e-03
3.834810107946395874e-03
3.834810107946395874e-03
3.833347000181674957e-03
3.836273914203047752e-03
3.855304094031453133e-03
3.836273914203047752e-03
3.847985062748193741e-03
3.859695978462696075e-03
3.858231939375400543e-03
3.859695978462696075e-03
3.861160017549991608e-03
3.862624056637287140e-03
3.862624056637287140e-03
3.865550970658659935e-03
3.868479048833250999e-03
3.877261886373162270e-03
3.880189964547753334e-03
3.880189964547753334e-03
3.886044956743717194e-03
3.894828958436846733e-03
3.846521023660898209e-03
3.837737953290343285e-03
3.817243967205286026e-03
3.847985062748193741e-03
3.864088095724582672e-03
3.880189964547753334e-03
3.909466788172721863e-03
3.927032928913831711e-03
3.946064040064811707e-03
3.943135961890220642e-03
3.946064040064811707e-03
3.950455226004123688e-03
3.973877057433128357e-03
3.979731816798448563e-03
3.985587973147630692e-03
3.991443198174238205e-03
4.011936951428651810e-03
