3.780648112297058105e-03
3.858231939375400543e-03
3.856767900288105011e-03
3.834810107946395874e-03
3.850912908092141151e-03
3.852376947179436684e-03
3.852376947179436684e-03
3.847985062748193741e-03
3.856767900288105011e-03
3.856767900288105011e-03
3.853840986266732216e-03
3.852376947179436684e-03
3.842130070552229881e-03
3.849449101835489273e-03
3.856767900288105011e-03
3.855304094031453133e-03
3.837737953290343285e-03
3.826027037575840950e-03
3.828955115750432014e-03
3.824562998488545418e-03
3.801142098382115364e-03
3.823099890723824501e-03
3.826027037575840950e-03
3.826027037575840950e-03
3.828955115750432014e-03
3.826027037575840950e-03
3.827491076663136482e-03
3.824562998488545418e-03
3.824562998488545418e-03
3.809924935922026634e-03
3.828955115750432014e-03
3.830418922007083893e-03
3.859695978462696075e-03
3.850912908092141151e-03
3.855304094031453133e-03
3.852376947179436684e-03
3.847985062748193741e-03
3.850912908092141151e-03
3.846521023660898209e-03
3.849449101835489273e-03
3.850912908092141151e-03
3.847985062748193741e-03
3.849449101835489273e-03
3.846521023660898209e-03
3.850912908092141151e-03
3.850912908092141151e-03
3.847985062748193741e-03
3.847985062748193741e-03
3.830418922007083893e-03
3.827491076663136482e-03
3.824562998488545418e-03
3.831882961094379425e-03
3.831882961094379425e-03
3.833347000181674957e-03
3.833347000181674957e-03
3.808460896834731102e-03
3.824562998488545418e-03
3.828955115750432014e-03
3.833347000181674957e-03
3.830418922007083893e-03
3.833347000181674957e-03
3.834810107946395874e-03
3.833347000181674957e-03
3.831882961094379425e-03
3.861160017549991608e-03
3.858231939375400543e-03
3.856767900288105011e-03
3.855304094031453133e-03
3.853840986266732216e-03
3.852376947179436684e-03
3.855304094031453133e-03
3.855304094031453133e-03
3.853840986266732216e-03
3.862624056637287140e-03
3.865550970658659935e-03
3.867015009745955467e-03
3.868479048833250999e-03
3.877261886373162270e-03
3.878725925460457802e-03
3.883118042722344398e-03
3.846521023660898209e-03
3.830418922007083893e-03
3.837737953290343285e-03
3.837737953290343285e-03
3.847985062748193741e-03
3.867015009745955467e-03
3.886044956743717194e-03
3.905076067894697189e-03
3.916786052286624908e-03
3.906539175659418106e-03
3.948991186916828156e-03
3.951918799430131912e-03
3.953382838517427444e-03
3.963630180805921555e-03
3.970948979258537292e-03
3.968020901083946228e-03
3.938743844628334045e-03
