3.862624056637287140e-03
3.855304094031453133e-03
3.858231939375400543e-03
3.853840986266732216e-03
3.850912908092141151e-03
3.849449101835489273e-03
3.847985062748193741e-03
3.847985062748193741e-03
3.845056984573602676e-03
3.850912908092141151e-03
3.855304094031453133e-03
3.850912908092141151e-03
3.855304094031453133e-03
3.839201992377638817e-03
3.849449101835489273e-03
3.850912908092141151e-03
3.824562998488545418e-03
3.826027037575840950e-03
3.826027037575840950e-03
3.830418922007083893e-03
3.834810107946395874e-03
3.805533051490783691e-03
3.826027037575840950e-03
3.826027037575840950e-03
3.823099890723824501e-03
3.823099890723824501e-03
3.823099890723824501e-03
3.826027037575840950e-03
3.821636084467172623e-03
3.826027037575840950e-03
3.814315889030694962e-03
3.859695978462696075e-03
3.849449101835489273e-03
3.850912908092141151e-03
3.847985062748193741e-03
3.846521023660898209e-03
3.847985062748193741e-03
3.850912908092141151e-03
3.861160017549991608e-03
3.840666031464934349e-03
3.852376947179436684e-03
3.853840986266732216e-03
3.846521023660898209e-03
3.850912908092141151e-03
3.845056984573602676e-03
3.846521023660898209e-03
3.849449101835489273e-03
3.823099890723824501e-03
3.826027037575840950e-03
3.834810107946395874e-03
3.830418922007083893e-03
3.830418922007083893e-03
3.831882961094379425e-03
3.831882961094379425e-03
3.831882961094379425e-03
3.830418922007083893e-03
3.811388975009322166e-03
3.830418922007083893e-03
3.833347000181674957e-03
3.833347000181674957e-03
3.833347000181674957e-03
3.830418922007083893e-03
3.830418922007083893e-03
3.837737953290343285e-03
3.858231939375400543e-03
3.864088095724582672e-03
3.861160017549991608e-03
3.859695978462696075e-03
3.850912908092141151e-03
3.861160017549991608e-03
3.865550970658659935e-03
3.864088095724582672e-03
3.869943087920546532e-03
3.847985062748193741e-03
3.890437074005603790e-03
3.887508995831012726e-03
3.887508995831012726e-03
3.897756105288863182e-03
3.908003214746713638e-03
3.859695978462696075e-03
3.837737953290343285e-03
3.833347000181674957e-03
3.842130070552229881e-03
3.865550970658659935e-03
3.887508995831012726e-03
3.909466788172721863e-03
3.934353124350309372e-03
3.946064040064811707e-03
3.954846877604722977e-03
3.966556861996650696e-03
3.970948979258537292e-03
3.994370810687541962e-03
4.000226035714149475e-03
3.995834849774837494e-03
3.997297957539558411e-03
4.003154113888740540e-03
