3.872870933264493942e-03
3.931425046175718307e-03
3.944600000977516174e-03
3.941671922802925110e-03
3.959238063544034958e-03
3.957774024456739426e-03
3.954846877604722977e-03
3.959238063544034958e-03
3.957774024456739426e-03
3.957774024456739426e-03
3.969484940171241760e-03
3.963630180805921555e-03
3.946064040064811707e-03
3.959238063544034958e-03
3.956309985369443893e-03
3.953382838517427444e-03
3.941671922802925110e-03
3.932889085263013840e-03
3.916786052286624908e-03
3.916786052286624908e-03
3.915322944521903992e-03
3.905076067894697189e-03
3.916786052286624908e-03
3.919714130461215973e-03
3.918250091373920441e-03
3.916786052286624908e-03
3.916786052286624908e-03
3.919714130461215973e-03
3.918250091373920441e-03
3.918250091373920441e-03
3.908003214746713638e-03
3.915322944521903992e-03
3.944600000977516174e-03
3.953382838517427444e-03
3.963630180805921555e-03
3.956309985369443893e-03
3.957774024456739426e-03
3.953382838517427444e-03
3.954846877604722977e-03
3.954846877604722977e-03
3.959238063544034958e-03
3.962166141718626022e-03
3.960702102631330490e-03
3.959238063544034958e-03
3.963630180805921555e-03
3.957774024456739426e-03
3.966556861996650696e-03
3.960702102631330490e-03
3.929961007088422775e-03
3.925569821149110794e-03
3.922642208635807037e-03
3.924105782061815262e-03
3.927032928913831711e-03
3.927032928913831711e-03
3.921178169548511505e-03
3.922642208635807037e-03
3.905076067894697189e-03
3.916786052286624908e-03
3.924105782061815262e-03
3.921178169548511505e-03
3.919714130461215973e-03
3.921178169548511505e-03
3.916786052286624908e-03
3.921178169548511505e-03
3.953382838517427444e-03
3.946064040064811707e-03
3.953382838517427444e-03
3.951918799430131912e-03
3.963630180805921555e-03
3.963630180805921555e-03
3.963630180805921555e-03
3.962166141718626022e-03
3.960702102631330490e-03
3.960702102631330490e-03
3.948991186916828156e-03
3.963630180805921555e-03
3.959238063544034958e-03
3.959238063544034958e-03
3.959238063544034958e-03
3.959238063544034958e-03
3.931425046175718307e-03
3.934353124350309372e-03
3.928496968001127243e-03
3.915322944521903992e-03
3.922642208635807037e-03
3.921178169548511505e-03
3.924105782061815262e-03
3.928496968001127243e-03
3.928496968001127243e-03
3.922642208635807037e-03
3.922642208635807037e-03
3.909466788172721863e-03
3.918250091373920441e-03
3.922642208635807037e-03
3.927032928913831711e-03
3.919714130461215973e-03
3.910930827260017395e-03
