3.894828958436846733e-03
3.852376947179436684e-03
3.856767900288105011e-03
3.858231939375400543e-03
3.858231939375400543e-03
3.853840986266732216e-03
3.853840986266732216e-03
3.853840986266732216e-03
3.852376947179436684e-03
3.845056984573602676e-03
3.853840986266732216e-03
3.849449101835489273e-03
3.846521023660898209e-03
3.850912908092141151e-03
3.855304094031453133e-03
3.853840986266732216e-03
3.826027037575840950e-03
3.804069012403488159e-03
3.824562998488545418e-03
3.818708006292581558e-03
3.827491076663136482e-03
3.821636084467172623e-03
3.827491076663136482e-03
3.828955115750432014e-03
3.830418922007083893e-03
3.828955115750432014e-03
3.812853014096617699e-03
3.826027037575840950e-03
3.827491076663136482e-03
3.826027037575840950e-03
3.824562998488545418e-03
3.826027037575840950e-03
3.845056984573602676e-03
3.853840986266732216e-03
3.846521023660898209e-03
3.846521023660898209e-03
3.849449101835489273e-03
3.849449101835489273e-03
3.846521023660898209e-03
3.847985062748193741e-03
3.850912908092141151e-03
3.850912908092141151e-03
3.847985062748193741e-03
3.831882961094379425e-03
3.847985062748193741e-03
3.850912908092141151e-03
3.852376947179436684e-03
3.852376947179436684e-03
3.830418922007083893e-03
3.828955115750432014e-03
3.830418922007083893e-03
3.830418922007083893e-03
3.823099890723824501e-03
3.831882961094379425e-03
3.831882961094379425e-03
3.833347000181674957e-03
3.831882961094379425e-03
3.833347000181674957e-03
3.836273914203047752e-03
3.833347000181674957e-03
3.823099890723824501e-03
3.830418922007083893e-03
3.833347000181674957e-03
3.836273914203047752e-03
3.858231939375400543e-03
3.858231939375400543e-03
3.855304094031453133e-03
3.859695978462696075e-03
3.858231939375400543e-03
3.859695978462696075e-03
3.868479048833250999e-03
3.865550970658659935e-03
3.865550970658659935e-03
3.874334972351789474e-03
3.878725925460457802e-03
3.883118042722344398e-03
3.886044956743717194e-03
3.874334972351789474e-03
3.908003214746713638e-03
3.916786052286624908e-03
3.862624056637287140e-03
3.834810107946395874e-03
3.836273914203047752e-03
3.853840986266732216e-03
3.867015009745955467e-03
3.891901113092899323e-03
3.915322944521903992e-03
3.953382838517427444e-03
3.959238063544034958e-03
3.968020901083946228e-03
3.972413018345832825e-03
3.975341096520423889e-03
3.985587973147630692e-03
3.992906771600246429e-03
3.995834849774837494e-03
4.014865029603242874e-03
3.950455226004123688e-03
