3.850912908092141151e-03
3.853840986266732216e-03
3.845056984573602676e-03
3.847985062748193741e-03
3.852376947179436684e-03
3.849449101835489273e-03
3.846521023660898209e-03
3.856767900288105011e-03
3.853840986266732216e-03
3.853840986266732216e-03
3.853840986266732216e-03
3.847985062748193741e-03
3.849449101835489273e-03
3.849449101835489273e-03
3.846521023660898209e-03
3.849449101835489273e-03
3.826027037575840950e-03
3.830418922007083893e-03
3.830418922007083893e-03
3.806997090578079224e-03
3.823099890723824501e-03
3.826027037575840950e-03
3.828955115750432014e-03
3.824562998488545418e-03
3.830418922007083893e-03
3.827491076663136482e-03
3.826027037575840950e-03
3.828955115750432014e-03
3.821636084467172623e-03
3.823099890723824501e-03
3.823099890723824501e-03
3.827491076663136482e-03
3.852376947179436684e-03
3.853840986266732216e-03
3.853840986266732216e-03
3.852376947179436684e-03
3.837737953290343285e-03
3.849449101835489273e-03
3.852376947179436684e-03
3.853840986266732216e-03
3.855304094031453133e-03
3.850912908092141151e-03
3.849449101835489273e-03
3.850912908092141151e-03
3.852376947179436684e-03
3.842130070552229881e-03
3.856767900288105011e-03
3.853840986266732216e-03
3.826027037575840950e-03
3.827491076663136482e-03
3.828955115750432014e-03
3.830418922007083893e-03
3.830418922007083893e-03
3.820172045379877090e-03
3.826027037575840950e-03
3.824562998488545418e-03
3.831882961094379425e-03
3.833347000181674957e-03
3.830418922007083893e-03
3.831882961094379425e-03
3.830418922007083893e-03
3.830418922007083893e-03
3.827491076663136482e-03
3.839201992377638817e-03
3.855304094031453133e-03
3.853840986266732216e-03
3.855304094031453133e-03
3.849449101835489273e-03
3.855304094031453133e-03
3.858231939375400543e-03
3.842130070552229881e-03
3.859695978462696075e-03
3.862624056637287140e-03
3.865550970658659935e-03
3.865550970658659935e-03
3.871406894177198410e-03
3.883118042722344398e-03
3.883118042722344398e-03
3.881654003635048866e-03
3.853840986266732216e-03
3.843594109639525414e-03
3.831882961094379425e-03
3.834810107946395874e-03
3.847985062748193741e-03
3.865550970658659935e-03
3.880189964547753334e-03
3.900683950632810593e-03
3.915322944521903992e-03
3.943135961890220642e-03
3.956309985369443893e-03
3.954846877604722977e-03
3.960702102631330490e-03
3.960702102631330490e-03
3.963630180805921555e-03
3.972413018345832825e-03
3.979731816798448563e-03
3.934353124350309372e-03
