3.881654003635048866e-03
3.855304094031453133e-03
3.853840986266732216e-03
3.853840986266732216e-03
3.850912908092141151e-03
3.853840986266732216e-03
3.850912908092141151e-03
3.847985062748193741e-03
3.847985062748193741e-03
3.847985062748193741e-03
3.853840986266732216e-03
3.853840986266732216e-03
3.853840986266732216e-03
3.852376947179436684e-03
3.847985062748193741e-03
3.828955115750432014e-03
3.818708006292581558e-03
3.833347000181674957e-03
3.826027037575840950e-03
3.830418922007083893e-03
3.827491076663136482e-03
3.826027037575840950e-03
3.831882961094379425e-03
3.833347000181674957e-03
3.818708006292581558e-03
3.824562998488545418e-03
3.833347000181674957e-03
3.824562998488545418e-03
3.826027037575840950e-03
3.833347000181674957e-03
3.827491076663136482e-03
3.827491076663136482e-03
3.833347000181674957e-03
3.855304094031453133e-03
3.856767900288105011e-03
3.853840986266732216e-03
3.850912908092141151e-03
3.853840986266732216e-03
3.847985062748193741e-03
3.850912908092141151e-03
3.853840986266732216e-03
3.842130070552229881e-03
3.847985062748193741e-03
3.852376947179436684e-03
3.846521023660898209e-03
3.852376947179436684e-03
3.852376947179436684e-03
3.853840986266732216e-03
3.830418922007083893e-03
3.830418922007083893e-03
3.817243967205286026e-03
3.826027037575840950e-03
3.830418922007083893e-03
3.837737953290343285e-03
3.830418922007083893e-03
3.830418922007083893e-03
3.837737953290343285e-03
3.830418922007083893e-03
3.828955115750432014e-03
3.827491076663136482e-03
3.836273914203047752e-03
3.834810107946395874e-03
3.836273914203047752e-03
3.833347000181674957e-03
3.856767900288105011e-03
3.859695978462696075e-03
3.855304094031453133e-03
3.861160017549991608e-03
3.871406894177198410e-03
3.871406894177198410e-03
3.871406894177198410e-03
3.875798080116510391e-03
3.881654003635048866e-03
3.884582081809639931e-03
3.887508995831012726e-03
3.884582081809639931e-03
3.922642208635807037e-03
3.918250091373920441e-03
3.924105782061815262e-03
3.943135961890220642e-03
3.868479048833250999e-03
3.840666031464934349e-03
3.843594109639525414e-03
3.855304094031453133e-03
3.900683950632810593e-03
3.929961007088422775e-03
3.948991186916828156e-03
3.966556861996650696e-03
3.976804204285144806e-03
3.984123934060335159e-03
3.994370810687541962e-03
3.992906771600246429e-03
3.995834849774837494e-03
4.013400990515947342e-03
4.013400990515947342e-03
4.016329068690538406e-03
3.984123934060335159e-03
