3.883118042722344398e-03
3.855304094031453133e-03
3.853840986266732216e-03
3.853840986266732216e-03
3.858231939375400543e-03
3.853840986266732216e-03
3.846521023660898209e-03
3.861160017549991608e-03
3.837737953290343285e-03
3.847985062748193741e-03
3.849449101835489273e-03
3.850912908092141151e-03
3.847985062748193741e-03
3.846521023660898209e-03
3.853840986266732216e-03
3.852376947179436684e-03
3.826027037575840950e-03
3.815779928117990494e-03
3.823099890723824501e-03
3.828955115750432014e-03
3.831882961094379425e-03
3.827491076663136482e-03
3.823099890723824501e-03
3.828955115750432014e-03
3.837737953290343285e-03
3.811388975009322166e-03
3.828955115750432014e-03
3.831882961094379425e-03
3.826027037575840950e-03
3.824562998488545418e-03
3.831882961094379425e-03
3.833347000181674957e-03
3.846521023660898209e-03
3.852376947179436684e-03
3.840666031464934349e-03
3.843594109639525414e-03
3.852376947179436684e-03
3.853840986266732216e-03
3.852376947179436684e-03
3.852376947179436684e-03
3.847985062748193741e-03
3.847985062748193741e-03
3.853840986266732216e-03
3.847985062748193741e-03
3.849449101835489273e-03
3.849449101835489273e-03
3.846521023660898209e-03
3.847985062748193741e-03
3.828955115750432014e-03
3.827491076663136482e-03
3.833347000181674957e-03
3.805533051490783691e-03
3.827491076663136482e-03
3.828955115750432014e-03
3.834810107946395874e-03
3.833347000181674957e-03
3.831882961094379425e-03
3.828955115750432014e-03
3.834810107946395874e-03
3.839201992377638817e-03
3.830418922007083893e-03
3.831882961094379425e-03
3.834810107946395874e-03
3.831882961094379425e-03
3.858231939375400543e-03
3.858231939375400543e-03
3.867015009745955467e-03
3.871406894177198410e-03
3.852376947179436684e-03
3.875798080116510391e-03
3.878725925460457802e-03
3.884582081809639931e-03
3.890437074005603790e-03
3.893364919349551201e-03
3.899219911545515060e-03
3.902147989720106125e-03
3.916786052286624908e-03
3.924105782061815262e-03
3.943135961890220642e-03
3.947527147829532623e-03
3.888973034918308258e-03
3.847985062748193741e-03
3.843594109639525414e-03
3.861160017549991608e-03
3.893364919349551201e-03
3.927032928913831711e-03
3.966556861996650696e-03
3.987051080912351608e-03
3.994370810687541962e-03
4.000226035714149475e-03
4.001690074801445007e-03
4.000226035714149475e-03
4.006082192063331604e-03
4.017792176455259323e-03
3.998761996626853943e-03
4.020719788968563080e-03
4.035358782857656479e-03
