4.322275053709745407e-03
4.317882936447858810e-03
4.319346975535154343e-03
4.316418897360563278e-03
4.314954858273267746e-03
4.297389183193445206e-03
4.317882936447858810e-03
4.316418897360563278e-03
4.310564137995243073e-03
4.316418897360563278e-03
4.317882936447858810e-03
4.316418897360563278e-03
4.313490819185972214e-03
4.313490819185972214e-03
4.306172020733356476e-03
4.320811014622449875e-03
4.316418897360563278e-03
4.333985038101673126e-03
4.332521930336952209e-03
4.333985038101673126e-03
4.335449077188968658e-03
4.331057891249656677e-03
4.309100098907947540e-03
4.322275053709745407e-03
4.326665773987770081e-03
4.328129813075065613e-03
4.328129813075065613e-03
4.332521930336952209e-03
4.331057891249656677e-03
4.332521930336952209e-03
4.322275053709745407e-03
4.326665773987770081e-03
4.339841194450855255e-03
4.320811014622449875e-03
4.312028177082538605e-03
4.314954858273267746e-03
4.314954858273267746e-03
4.316418897360563278e-03
4.313490819185972214e-03
4.292997065931558609e-03
4.307636059820652008e-03
4.310564137995243073e-03
4.307636059820652008e-03
4.309100098907947540e-03
4.314954858273267746e-03
4.314954858273267746e-03
4.314954858273267746e-03
4.313490819185972214e-03
4.301780834794044495e-03
4.325202200561761856e-03
4.323738161474466324e-03
4.323738161474466324e-03
4.323738161474466324e-03
4.322275053709745407e-03
4.320811014622449875e-03
4.329593852162361145e-03
4.325202200561761856e-03
4.320811014622449875e-03
4.325202200561761856e-03
4.320811014622449875e-03
4.325202200561761856e-03
4.325202200561761856e-03
4.314954858273267746e-03
4.322275053709745407e-03
4.323738161474466324e-03
4.304707981646060944e-03
4.309100098907947540e-03
4.310564137995243073e-03
4.307636059820652008e-03
4.307636059820652008e-03
4.309100098907947540e-03
4.304707981646060944e-03
4.304707981646060944e-03
4.278359003365039825e-03
4.307636059820652008e-03
4.306172020733356476e-03
4.310564137995243073e-03
4.312028177082538605e-03
4.307636059820652008e-03
4.309100098907947540e-03
4.310564137995243073e-03
4.317882936447858810e-03
4.298853222280740738e-03
4.306172020733356476e-03
4.317882936447858810e-03
4.322275053709745407e-03
4.322275053709745407e-03
4.322275053709745407e-03
4.320811014622449875e-03
4.319346975535154343e-03
4.313490819185972214e-03
4.313490819185972214e-03
4.312028177082538605e-03
4.316418897360563278e-03
4.317882936447858810e-03
4.319346975535154343e-03
4.206629935652017593e-03
