3.919714130461215973e-03
3.872870933264493942e-03
3.872870933264493942e-03
3.868479048833250999e-03
3.872870933264493942e-03
3.869943087920546532e-03
3.865550970658659935e-03
3.871406894177198410e-03
3.867015009745955467e-03
3.868479048833250999e-03
3.872870933264493942e-03
3.861160017549991608e-03
3.867015009745955467e-03
3.869943087920546532e-03
3.871406894177198410e-03
3.872870933264493942e-03
3.847985062748193741e-03
3.843594109639525414e-03
3.842130070552229881e-03
3.843594109639525414e-03
3.834810107946395874e-03
3.837737953290343285e-03
3.842130070552229881e-03
3.843594109639525414e-03
3.843594109639525414e-03
3.839201992377638817e-03
3.842130070552229881e-03
3.842130070552229881e-03
3.824562998488545418e-03
3.836273914203047752e-03
3.840666031464934349e-03
3.842130070552229881e-03
3.865550970658659935e-03
3.868479048833250999e-03
3.871406894177198410e-03
3.868479048833250999e-03
3.872870933264493942e-03
3.865550970658659935e-03
3.871406894177198410e-03
3.868479048833250999e-03
3.871406894177198410e-03
3.869943087920546532e-03
3.868479048833250999e-03
3.874334972351789474e-03
3.875798080116510391e-03
3.861160017549991608e-03
3.865550970658659935e-03
3.867015009745955467e-03
3.837737953290343285e-03
3.836273914203047752e-03
3.837737953290343285e-03
3.845056984573602676e-03
3.840666031464934349e-03
3.840666031464934349e-03
3.836273914203047752e-03
3.833347000181674957e-03
3.839201992377638817e-03
3.840666031464934349e-03
3.837737953290343285e-03
3.836273914203047752e-03
3.834810107946395874e-03
3.840666031464934349e-03
3.834810107946395874e-03
3.830418922007083893e-03
3.864088095724582672e-03
3.868479048833250999e-03
3.867015009745955467e-03
3.869943087920546532e-03
3.869943087920546532e-03
3.869943087920546532e-03
3.865550970658659935e-03
3.856767900288105011e-03
3.865550970658659935e-03
3.867015009745955467e-03
3.871406894177198410e-03
3.869943087920546532e-03
3.869943087920546532e-03
3.869943087920546532e-03
3.867015009745955467e-03
3.865550970658659935e-03
3.834810107946395874e-03
3.840666031464934349e-03
3.839201992377638817e-03
3.834810107946395874e-03
3.836273914203047752e-03
3.834810107946395874e-03
3.836273914203047752e-03
3.837737953290343285e-03
3.823099890723824501e-03
3.836273914203047752e-03
3.831882961094379425e-03
3.834810107946395874e-03
3.830418922007083893e-03
3.834810107946395874e-03
3.836273914203047752e-03
3.840666031464934349e-03
3.846521023660898209e-03
