3.837737953290343285e-03
3.855304094031453133e-03
3.853840986266732216e-03
3.850912908092141151e-03
3.846521023660898209e-03
3.852376947179436684e-03
3.849449101835489273e-03
3.853840986266732216e-03
3.850912908092141151e-03
3.850912908092141151e-03
3.850912908092141151e-03
3.850912908092141151e-03
3.839201992377638817e-03
3.853840986266732216e-03
3.852376947179436684e-03
3.850912908092141151e-03
3.858231939375400543e-03
3.830418922007083893e-03
3.830418922007083893e-03
3.823099890723824501e-03
3.821636084467172623e-03
3.820172045379877090e-03
3.827491076663136482e-03
3.827491076663136482e-03
3.827491076663136482e-03
3.830418922007083893e-03
3.826027037575840950e-03
3.828955115750432014e-03
3.824562998488545418e-03
3.826027037575840950e-03
3.823099890723824501e-03
3.831882961094379425e-03
3.846521023660898209e-03
3.853840986266732216e-03
3.855304094031453133e-03
3.853840986266732216e-03
3.852376947179436684e-03
3.850912908092141151e-03
3.837737953290343285e-03
3.840666031464934349e-03
3.855304094031453133e-03
3.859695978462696075e-03
3.855304094031453133e-03
3.856767900288105011e-03
3.850912908092141151e-03
3.852376947179436684e-03
3.852376947179436684e-03
3.845056984573602676e-03
3.824562998488545418e-03
3.827491076663136482e-03
3.834810107946395874e-03
3.833347000181674957e-03
3.834810107946395874e-03
3.834810107946395874e-03
3.830418922007083893e-03
3.817243967205286026e-03
3.827491076663136482e-03
3.827491076663136482e-03
3.826027037575840950e-03
3.834810107946395874e-03
3.836273914203047752e-03
3.833347000181674957e-03
3.836273914203047752e-03
3.814315889030694962e-03
3.843594109639525414e-03
3.850912908092141151e-03
3.855304094031453133e-03
3.858231939375400543e-03
3.852376947179436684e-03
3.864088095724582672e-03
3.862624056637287140e-03
3.864088095724582672e-03
3.856767900288105011e-03
3.872870933264493942e-03
3.869943087920546532e-03
3.872870933264493942e-03
3.887508995831012726e-03
3.884582081809639931e-03
3.899219911545515060e-03
3.900683950632810593e-03
3.852376947179436684e-03
3.831882961094379425e-03
3.833347000181674957e-03
3.843594109639525414e-03
3.858231939375400543e-03
3.884582081809639931e-03
3.909466788172721863e-03
3.928496968001127243e-03
3.944600000977516174e-03
3.944600000977516174e-03
3.969484940171241760e-03
3.965094219893217087e-03
3.970948979258537292e-03
3.975341096520423889e-03
3.984123934060335159e-03
3.991443198174238205e-03
4.181744065135717392e-03
