3.883118042722344398e-03
3.855304094031453133e-03
3.840666031464934349e-03
3.852376947179436684e-03
3.856767900288105011e-03
3.855304094031453133e-03
3.850912908092141151e-03
3.858231939375400543e-03
3.850912908092141151e-03
3.852376947179436684e-03
3.840666031464934349e-03
3.846521023660898209e-03
3.849449101835489273e-03
3.849449101835489273e-03
3.853840986266732216e-03
3.856767900288105011e-03
3.824562998488545418e-03
3.828955115750432014e-03
3.828955115750432014e-03
3.806997090578079224e-03
3.820172045379877090e-03
3.823099890723824501e-03
3.824562998488545418e-03
3.827491076663136482e-03
3.824562998488545418e-03
3.828955115750432014e-03
3.827491076663136482e-03
3.827491076663136482e-03
3.814315889030694962e-03
3.826027037575840950e-03
3.824562998488545418e-03
3.824562998488545418e-03
3.850912908092141151e-03
3.853840986266732216e-03
3.858231939375400543e-03
3.853840986266732216e-03
3.839201992377638817e-03
3.849449101835489273e-03
3.852376947179436684e-03
3.849449101835489273e-03
3.845056984573602676e-03
3.849449101835489273e-03
3.849449101835489273e-03
3.855304094031453133e-03
3.853840986266732216e-03
3.839201992377638817e-03
3.847985062748193741e-03
3.850912908092141151e-03
3.831882961094379425e-03
3.826027037575840950e-03
3.824562998488545418e-03
3.828955115750432014e-03
3.837737953290343285e-03
3.837737953290343285e-03
3.826027037575840950e-03
3.830418922007083893e-03
3.833347000181674957e-03
3.831882961094379425e-03
3.836273914203047752e-03
3.830418922007083893e-03
3.827491076663136482e-03
3.836273914203047752e-03
3.820172045379877090e-03
3.831882961094379425e-03
3.856767900288105011e-03
3.856767900288105011e-03
3.850912908092141151e-03
3.853840986266732216e-03
3.855304094031453133e-03
3.853840986266732216e-03
3.852376947179436684e-03
3.850912908092141151e-03
3.861160017549991608e-03
3.862624056637287140e-03
3.861160017549991608e-03
3.862624056637287140e-03
3.862624056637287140e-03
3.868479048833250999e-03
3.871406894177198410e-03
3.869943087920546532e-03
3.830418922007083893e-03
3.827491076663136482e-03
3.834810107946395874e-03
3.839201992377638817e-03
3.849449101835489273e-03
3.859695978462696075e-03
3.874334972351789474e-03
3.888973034918308258e-03
3.909466788172721863e-03
3.929961007088422775e-03
3.929961007088422775e-03
3.943135961890220642e-03
3.944600000977516174e-03
3.940207883715629578e-03
3.948991186916828156e-03
3.959238063544034958e-03
3.890437074005603790e-03
