3.874334972351789474e-03
3.853840986266732216e-03
3.852376947179436684e-03
3.830418922007083893e-03
3.850912908092141151e-03
3.852376947179436684e-03
3.853840986266732216e-03
3.847985062748193741e-03
3.850912908092141151e-03
3.850912908092141151e-03
3.849449101835489273e-03
3.850912908092141151e-03
3.846521023660898209e-03
3.850912908092141151e-03
3.853840986266732216e-03
3.853840986266732216e-03
3.823099890723824501e-03
3.826027037575840950e-03
3.830418922007083893e-03
3.831882961094379425e-03
3.811388975009322166e-03
3.826027037575840950e-03
3.823099890723824501e-03
3.823099890723824501e-03
3.827491076663136482e-03
3.827491076663136482e-03
3.830418922007083893e-03
3.830418922007083893e-03
3.831882961094379425e-03
3.823099890723824501e-03
3.830418922007083893e-03
3.827491076663136482e-03
3.849449101835489273e-03
3.847985062748193741e-03
3.858231939375400543e-03
3.855304094031453133e-03
3.849449101835489273e-03
3.834810107946395874e-03
3.846521023660898209e-03
3.847985062748193741e-03
3.847985062748193741e-03
3.846521023660898209e-03
3.856767900288105011e-03
3.846521023660898209e-03
3.849449101835489273e-03
3.850912908092141151e-03
3.834810107946395874e-03
3.845056984573602676e-03
3.826027037575840950e-03
3.828955115750432014e-03
3.831882961094379425e-03
3.836273914203047752e-03
3.830418922007083893e-03
3.828955115750432014e-03
3.826027037575840950e-03
3.824562998488545418e-03
3.834810107946395874e-03
3.834810107946395874e-03
3.830418922007083893e-03
3.833347000181674957e-03
3.828955115750432014e-03
3.834810107946395874e-03
3.833347000181674957e-03
3.811388975009322166e-03
3.853840986266732216e-03
3.856767900288105011e-03
3.853840986266732216e-03
3.852376947179436684e-03
3.858231939375400543e-03
3.856767900288105011e-03
3.858231939375400543e-03
3.861160017549991608e-03
3.867015009745955467e-03
3.871406894177198410e-03
3.869943087920546532e-03
3.872870933264493942e-03
3.880189964547753334e-03
3.883118042722344398e-03
3.891901113092899323e-03
3.925569821149110794e-03
3.828955115750432014e-03
3.834810107946395874e-03
3.833347000181674957e-03
3.846521023660898209e-03
3.867015009745955467e-03
3.888973034918308258e-03
3.918250091373920441e-03
3.934353124350309372e-03
3.935817163437604904e-03
3.951918799430131912e-03
3.965094219893217087e-03
3.966556861996650696e-03
3.973877057433128357e-03
3.981195855885744095e-03
3.992906771600246429e-03
3.995834849774837494e-03
3.954846877604722977e-03
