3.836273914203047752e-03
3.850912908092141151e-03
3.855304094031453133e-03
3.850912908092141151e-03
3.856767900288105011e-03
3.840666031464934349e-03
3.847985062748193741e-03
3.853840986266732216e-03
3.850912908092141151e-03
3.850912908092141151e-03
3.850912908092141151e-03
3.852376947179436684e-03
3.855304094031453133e-03
3.856767900288105011e-03
3.834810107946395874e-03
3.847985062748193741e-03
3.833347000181674957e-03
3.830418922007083893e-03
3.834810107946395874e-03
3.828955115750432014e-03
3.823099890723824501e-03
3.824562998488545418e-03
3.827491076663136482e-03
3.818708006292581558e-03
3.820172045379877090e-03
3.824562998488545418e-03
3.830418922007083893e-03
3.828955115750432014e-03
3.827491076663136482e-03
3.824562998488545418e-03
3.831882961094379425e-03
3.817243967205286026e-03
3.855304094031453133e-03
3.849449101835489273e-03
3.849449101835489273e-03
3.846521023660898209e-03
3.849449101835489273e-03
3.853840986266732216e-03
3.853840986266732216e-03
3.853840986266732216e-03
3.840666031464934349e-03
3.845056984573602676e-03
3.847985062748193741e-03
3.849449101835489273e-03
3.847985062748193741e-03
3.853840986266732216e-03
3.850912908092141151e-03
3.849449101835489273e-03
3.831882961094379425e-03
3.818708006292581558e-03
3.830418922007083893e-03
3.830418922007083893e-03
3.831882961094379425e-03
3.828955115750432014e-03
3.830418922007083893e-03
3.830418922007083893e-03
3.837737953290343285e-03
3.818708006292581558e-03
3.834810107946395874e-03
3.833347000181674957e-03
3.827491076663136482e-03
3.828955115750432014e-03
3.830418922007083893e-03
3.834810107946395874e-03
3.858231939375400543e-03
3.846521023660898209e-03
3.850912908092141151e-03
3.853840986266732216e-03
3.852376947179436684e-03
3.856767900288105011e-03
3.862624056637287140e-03
3.865550970658659935e-03
3.864088095724582672e-03
3.864088095724582672e-03
3.853840986266732216e-03
3.872870933264493942e-03
3.874334972351789474e-03
3.886044956743717194e-03
3.886044956743717194e-03
3.888973034918308258e-03
3.845056984573602676e-03
3.834810107946395874e-03
3.833347000181674957e-03
3.836273914203047752e-03
3.858231939375400543e-03
3.872870933264493942e-03
3.891901113092899323e-03
3.913858905434608459e-03
3.929961007088422775e-03
3.941671922802925110e-03
3.951918799430131912e-03
3.946064040064811707e-03
3.973877057433128357e-03
3.976804204285144806e-03
3.979731816798448563e-03
3.985587973147630692e-03
3.919714130461215973e-03
