3.864088095724582672e-03
3.871406894177198410e-03
3.867015009745955467e-03
3.874334972351789474e-03
3.874334972351789474e-03
3.874334972351789474e-03
3.871406894177198410e-03
3.872870933264493942e-03
3.872870933264493942e-03
3.877261886373162270e-03
3.855304094031453133e-03
3.865550970658659935e-03
3.869943087920546532e-03
3.871406894177198410e-03
3.868479048833250999e-03
3.877261886373162270e-03
3.846521023660898209e-03
3.842130070552229881e-03
3.843594109639525414e-03
3.836273914203047752e-03
3.842130070552229881e-03
3.842130070552229881e-03
3.846521023660898209e-03
3.846521023660898209e-03
3.845056984573602676e-03
3.845056984573602676e-03
3.840666031464934349e-03
3.830418922007083893e-03
3.840666031464934349e-03
3.845056984573602676e-03
3.840666031464934349e-03
3.845056984573602676e-03
3.864088095724582672e-03
3.869943087920546532e-03
3.868479048833250999e-03
3.877261886373162270e-03
3.865550970658659935e-03
3.869943087920546532e-03
3.869943087920546532e-03
3.868479048833250999e-03
3.867015009745955467e-03
3.871406894177198410e-03
3.869943087920546532e-03
3.872870933264493942e-03
3.868479048833250999e-03
3.862624056637287140e-03
3.867015009745955467e-03
3.869943087920546532e-03
3.840666031464934349e-03
3.845056984573602676e-03
3.843594109639525414e-03
3.839201992377638817e-03
3.840666031464934349e-03
3.821636084467172623e-03
3.839201992377638817e-03
3.840666031464934349e-03
3.839201992377638817e-03
3.843594109639525414e-03
3.839201992377638817e-03
3.839201992377638817e-03
3.843594109639525414e-03
3.843594109639525414e-03
3.836273914203047752e-03
3.836273914203047752e-03
3.865550970658659935e-03
3.864088095724582672e-03
3.869943087920546532e-03
3.871406894177198410e-03
3.872870933264493942e-03
3.868479048833250999e-03
3.855304094031453133e-03
3.864088095724582672e-03
3.867015009745955467e-03
3.871406894177198410e-03
3.868479048833250999e-03
3.871406894177198410e-03
3.868479048833250999e-03
3.867015009745955467e-03
3.868479048833250999e-03
3.864088095724582672e-03
3.837737953290343285e-03
3.837737953290343285e-03
3.839201992377638817e-03
3.834810107946395874e-03
3.834810107946395874e-03
3.830418922007083893e-03
3.842130070552229881e-03
3.820172045379877090e-03
3.837737953290343285e-03
3.836273914203047752e-03
3.836273914203047752e-03
3.833347000181674957e-03
3.843594109639525414e-03
3.837737953290343285e-03
3.837737953290343285e-03
3.840666031464934349e-03
3.751371055841445923e-03
