3.808460896834731102e-03
3.875798080116510391e-03
3.849449101835489273e-03
3.871406894177198410e-03
3.871406894177198410e-03
3.872870933264493942e-03
3.869943087920546532e-03
3.871406894177198410e-03
3.874334972351789474e-03
3.869943087920546532e-03
3.868479048833250999e-03
3.858231939375400543e-03
3.871406894177198410e-03
3.872870933264493942e-03
3.874334972351789474e-03
3.872870933264493942e-03
3.846521023660898209e-03
3.840666031464934349e-03
3.839201992377638817e-03
3.842130070552229881e-03
3.833347000181674957e-03
3.837737953290343285e-03
3.839201992377638817e-03
3.850912908092141151e-03
3.839201992377638817e-03
3.842130070552229881e-03
3.839201992377638817e-03
3.843594109639525414e-03
3.821636084467172623e-03
3.836273914203047752e-03
3.837737953290343285e-03
3.836273914203047752e-03
3.875798080116510391e-03
3.872870933264493942e-03
3.871406894177198410e-03
3.872870933264493942e-03
3.871406894177198410e-03
3.858231939375400543e-03
3.869943087920546532e-03
3.869943087920546532e-03
3.865550970658659935e-03
3.867015009745955467e-03
3.884582081809639931e-03
3.871406894177198410e-03
3.874334972351789474e-03
3.852376947179436684e-03
3.865550970658659935e-03
3.868479048833250999e-03
3.836273914203047752e-03
3.833347000181674957e-03
3.836273914203047752e-03
3.846521023660898209e-03
3.839201992377638817e-03
3.840666031464934349e-03
3.827491076663136482e-03
3.837737953290343285e-03
3.837737953290343285e-03
3.836273914203047752e-03
3.836273914203047752e-03
3.831882961094379425e-03
3.833347000181674957e-03
3.840666031464934349e-03
3.823099890723824501e-03
3.836273914203047752e-03
3.871406894177198410e-03
3.868479048833250999e-03
3.865550970658659935e-03
3.867015009745955467e-03
3.865550970658659935e-03
3.865550970658659935e-03
3.871406894177198410e-03
3.855304094031453133e-03
3.867015009745955467e-03
3.868479048833250999e-03
3.867015009745955467e-03
3.867015009745955467e-03
3.868479048833250999e-03
3.867015009745955467e-03
3.864088095724582672e-03
3.865550970658659935e-03
3.831882961094379425e-03
3.836273914203047752e-03
3.837737953290343285e-03
3.834810107946395874e-03
3.839201992377638817e-03
3.833347000181674957e-03
3.833347000181674957e-03
3.833347000181674957e-03
3.815779928117990494e-03
3.834810107946395874e-03
3.837737953290343285e-03
3.837737953290343285e-03
3.836273914203047752e-03
3.836273914203047752e-03
3.836273914203047752e-03
3.836273914203047752e-03
3.804069012403488159e-03
