3.858231939375400543e-03
3.861160017549991608e-03
3.864088095724582672e-03
3.856767900288105011e-03
3.856767900288105011e-03
3.853840986266732216e-03
3.839201992377638817e-03
3.852376947179436684e-03
3.853840986266732216e-03
3.852376947179436684e-03
3.852376947179436684e-03
3.855304094031453133e-03
3.850912908092141151e-03
3.853840986266732216e-03
3.850912908092141151e-03
3.842130070552229881e-03
3.830418922007083893e-03
3.826027037575840950e-03
3.821636084467172623e-03
3.831882961094379425e-03
3.830418922007083893e-03
3.833347000181674957e-03
3.824562998488545418e-03
3.808460896834731102e-03
3.828955115750432014e-03
3.828955115750432014e-03
3.828955115750432014e-03
3.830418922007083893e-03
3.830418922007083893e-03
3.826027037575840950e-03
3.827491076663136482e-03
3.828955115750432014e-03
3.842130070552229881e-03
3.852376947179436684e-03
3.850912908092141151e-03
3.846521023660898209e-03
3.852376947179436684e-03
3.855304094031453133e-03
3.853840986266732216e-03
3.852376947179436684e-03
3.852376947179436684e-03
3.843594109639525414e-03
3.850912908092141151e-03
3.850912908092141151e-03
3.850912908092141151e-03
3.852376947179436684e-03
3.847985062748193741e-03
3.850912908092141151e-03
3.833347000181674957e-03
3.823099890723824501e-03
3.833347000181674957e-03
3.831882961094379425e-03
3.834810107946395874e-03
3.831882961094379425e-03
3.840666031464934349e-03
3.834810107946395874e-03
3.834810107946395874e-03
3.809924935922026634e-03
3.830418922007083893e-03
3.828955115750432014e-03
3.833347000181674957e-03
3.833347000181674957e-03
3.837737953290343285e-03
3.836273914203047752e-03
3.856767900288105011e-03
3.858231939375400543e-03
3.861160017549991608e-03
3.859695978462696075e-03
3.859695978462696075e-03
3.865550970658659935e-03
3.869943087920546532e-03
3.869943087920546532e-03
3.880189964547753334e-03
3.881654003635048866e-03
3.871406894177198410e-03
3.897756105288863182e-03
3.906539175659418106e-03
3.916786052286624908e-03
3.921178169548511505e-03
3.921178169548511505e-03
3.864088095724582672e-03
3.839201992377638817e-03
3.840666031464934349e-03
3.850912908092141151e-03
3.897756105288863182e-03
3.925569821149110794e-03
3.943135961890220642e-03
3.956309985369443893e-03
3.968020901083946228e-03
3.987051080912351608e-03
3.979731816798448563e-03
3.979731816798448563e-03
4.003154113888740540e-03
4.010472912341356277e-03
4.010472912341356277e-03
4.011936951428651810e-03
3.957774024456739426e-03
