4.011936951428651810e-03
3.994370810687541962e-03
4.030967131257057190e-03
4.057317040860652924e-03
4.067563917487859726e-03
4.079273901879787445e-03
4.085130058228969574e-03
4.086594097316265106e-03
4.088058136403560638e-03
4.093912895768880844e-03
4.093912895768880844e-03
4.093912895768880844e-03
4.090984817594289780e-03
4.085130058228969574e-03
4.095376934856176376e-03
4.093912895768880844e-03
3.988515119999647141e-03
3.925569821149110794e-03
3.937279805541038513e-03
3.937279805541038513e-03
3.928496968001127243e-03
3.916786052286624908e-03
3.918250091373920441e-03
3.918250091373920441e-03
3.924105782061815262e-03
3.921178169548511505e-03
3.927032928913831711e-03
3.925569821149110794e-03
3.921178169548511505e-03
3.919714130461215973e-03
3.908003214746713638e-03
3.921178169548511505e-03
3.956309985369443893e-03
3.989979159086942673e-03
4.025111906230449677e-03
4.052924923598766327e-03
4.073419142514467239e-03
4.077810794115066528e-03
4.083666019141674042e-03
4.077810794115066528e-03
4.090984817594289780e-03
4.096840973943471909e-03
4.090984817594289780e-03
4.096840973943471909e-03
4.089520778506994247e-03
4.089520778506994247e-03
4.090984817594289780e-03
4.098305013030767441e-03
3.956309985369443893e-03
3.932889085263013840e-03
3.928496968001127243e-03
3.924105782061815262e-03
3.925569821149110794e-03
3.924105782061815262e-03
3.922642208635807037e-03
3.921178169548511505e-03
3.916786052286624908e-03
3.927032928913831711e-03
3.921178169548511505e-03
3.924105782061815262e-03
3.916786052286624908e-03
3.919714130461215973e-03
3.924105782061815262e-03
3.925569821149110794e-03
3.966556861996650696e-03
3.992906771600246429e-03
4.030967131257057190e-03
4.055853001773357391e-03
4.070491064339876175e-03
4.080737940967082977e-03
4.088058136403560638e-03
4.083666019141674042e-03
4.093912895768880844e-03
4.098305013030767441e-03
4.085130058228969574e-03
4.088058136403560638e-03
4.086594097316265106e-03
4.086594097316265106e-03
4.095376934856176376e-03
4.093912895768880844e-03
3.937279805541038513e-03
3.929961007088422775e-03
3.912394866347312927e-03
3.924105782061815262e-03
3.925569821149110794e-03
3.922642208635807037e-03
3.921178169548511505e-03
3.916786052286624908e-03
3.925569821149110794e-03
3.927032928913831711e-03
3.922642208635807037e-03
3.909466788172721863e-03
3.913858905434608459e-03
3.925569821149110794e-03
3.919714130461215973e-03
3.921178169548511505e-03
3.886044956743717194e-03
