4.730691201984882355e-03
4.732154775410890579e-03
4.732154775410890579e-03
4.735081922262907028e-03
4.738010000437498093e-03
4.733617883175611496e-03
4.730691201984882355e-03
4.733617883175611496e-03
4.720443859696388245e-03
4.735081922262907028e-03
4.735081922262907028e-03
4.730691201984882355e-03
4.732154775410890579e-03
4.733617883175611496e-03
4.733617883175611496e-03
4.732154775410890579e-03
4.702876787632703781e-03
4.735081922262907028e-03
4.759967792779207230e-03
4.770215135067701340e-03
4.778997972607612610e-03
4.783390089869499207e-03
4.778997972607612610e-03
4.780462011694908142e-03
4.759967792779207230e-03
4.776069894433021545e-03
4.778997972607612610e-03
4.778997972607612610e-03
4.781926050782203674e-03
4.780462011694908142e-03
4.781926050782203674e-03
4.781926050782203674e-03
4.759967792779207230e-03
4.748256877064704895e-03
4.732154775410890579e-03
4.729227162897586823e-03
4.723371006548404694e-03
4.726299084722995758e-03
4.736545961350202560e-03
4.726299084722995758e-03
4.707268904894590378e-03
4.724835045635700226e-03
4.724835045635700226e-03
4.723371006548404694e-03
4.723371006548404694e-03
4.721907898783683777e-03
4.720443859696388245e-03
4.724835045635700226e-03
4.711661022156476974e-03
4.699950106441974640e-03
4.736545961350202560e-03
4.740938078612089157e-03
4.742402117699384689e-03
4.745328798890113831e-03
4.752648994326591492e-03
4.758504219353199005e-03
4.755576141178607941e-03
4.739474039524793625e-03
4.767287056893110275e-03
4.761431831866502762e-03
4.762895870953798294e-03
4.759967792779207230e-03
4.755576141178607941e-03
4.759967792779207230e-03
4.751184955239295959e-03
4.711661022156476974e-03
4.707268904894590378e-03
4.713124129921197891e-03
4.711661022156476974e-03
4.698486067354679108e-03
4.697022028267383575e-03
4.685311112552881241e-03
4.683847073465585709e-03
4.682383034378290176e-03
4.680919926613569260e-03
4.695557989180088043e-03
4.689703229814767838e-03
4.676527809351682663e-03
4.667744971811771393e-03
4.663352854549884796e-03
4.650178831070661545e-03
4.647251218557357788e-03
4.642859101295471191e-03
4.664816893637180328e-03
4.669209010899066925e-03
4.672136157751083374e-03
4.669209010899066925e-03
4.680919926613569260e-03
4.676527809351682663e-03
4.676527809351682663e-03
4.660426173359155655e-03
4.675063770264387131e-03
4.675063770264387131e-03
4.676527809351682663e-03
4.675063770264387131e-03
4.673600196838378906e-03
4.467195831239223480e-03
