3.972413018345832825e-03
3.998761996626853943e-03
4.035358782857656479e-03
4.055853001773357391e-03
4.073419142514467239e-03
4.080737940967082977e-03
4.086594097316265106e-03
4.088058136403560638e-03
4.089520778506994247e-03
4.092448856681585312e-03
4.088058136403560638e-03
4.085130058228969574e-03
4.092448856681585312e-03
4.095376934856176376e-03
4.093912895768880844e-03
4.092448856681585312e-03
3.963630180805921555e-03
3.938743844628334045e-03
3.928496968001127243e-03
3.931425046175718307e-03
3.908003214746713638e-03
3.925569821149110794e-03
3.925569821149110794e-03
3.924105782061815262e-03
3.924105782061815262e-03
3.924105782061815262e-03
3.921178169548511505e-03
3.924105782061815262e-03
3.919714130461215973e-03
3.912394866347312927e-03
3.916786052286624908e-03
3.922642208635807037e-03
3.969484940171241760e-03
4.004618152976036072e-03
4.036822821944952011e-03
4.057317040860652924e-03
4.074883181601762772e-03
4.054388962686061859e-03
4.079273901879787445e-03
4.089520778506994247e-03
4.086594097316265106e-03
4.088058136403560638e-03
4.093912895768880844e-03
4.092448856681585312e-03
4.093912895768880844e-03
4.093912895768880844e-03
4.079273901879787445e-03
4.088058136403560638e-03
3.937279805541038513e-03
3.932889085263013840e-03
3.929961007088422775e-03
3.927032928913831711e-03
3.922642208635807037e-03
3.925569821149110794e-03
3.922642208635807037e-03
3.915322944521903992e-03
3.919714130461215973e-03
3.915322944521903992e-03
3.919714130461215973e-03
3.919714130461215973e-03
3.924105782061815262e-03
3.927032928913831711e-03
3.922642208635807037e-03
3.918250091373920441e-03
3.968020901083946228e-03
4.009008873254060745e-03
4.039749968796968460e-03
4.057317040860652924e-03
4.071955103427171707e-03
4.079273901879787445e-03
4.088058136403560638e-03
4.089520778506994247e-03
4.090984817594289780e-03
4.086594097316265106e-03
4.088058136403560638e-03
4.093912895768880844e-03
4.095376934856176376e-03
4.089520778506994247e-03
4.090984817594289780e-03
4.095376934856176376e-03
3.924105782061815262e-03
3.918250091373920441e-03
3.929961007088422775e-03
3.929961007088422775e-03
3.921178169548511505e-03
3.921178169548511505e-03
3.921178169548511505e-03
3.919714130461215973e-03
3.922642208635807037e-03
3.925569821149110794e-03
3.916786052286624908e-03
3.921178169548511505e-03
3.922642208635807037e-03
3.919714130461215973e-03
3.919714130461215973e-03
3.922642208635807037e-03
3.925569821149110794e-03
