3.805533051490783691e-03
3.973877057433128357e-03
4.022183828055858612e-03
4.049996845424175262e-03
4.066099878400564194e-03
4.074883181601762772e-03
4.086594097316265106e-03
4.089520778506994247e-03
4.093912895768880844e-03
4.092448856681585312e-03
4.071955103427171707e-03
4.089520778506994247e-03
4.095376934856176376e-03
4.093912895768880844e-03
4.090984817594289780e-03
4.090984817594289780e-03
4.011936951428651810e-03
3.927032928913831711e-03
3.937279805541038513e-03
3.918250091373920441e-03
3.924105782061815262e-03
3.925569821149110794e-03
3.924105782061815262e-03
3.921178169548511505e-03
3.919714130461215973e-03
3.925569821149110794e-03
3.929961007088422775e-03
3.918250091373920441e-03
3.919714130461215973e-03
3.924105782061815262e-03
3.922642208635807037e-03
3.916786052286624908e-03
3.960702102631330490e-03
3.987051080912351608e-03
4.023647867143154144e-03
4.052924923598766327e-03
4.045606125146150589e-03
4.074883181601762772e-03
4.086594097316265106e-03
4.089520778506994247e-03
4.089520778506994247e-03
4.093912895768880844e-03
4.090984817594289780e-03
4.090984817594289780e-03
4.098305013030767441e-03
4.082201980054378510e-03
4.093912895768880844e-03
4.096840973943471909e-03
3.969484940171241760e-03
3.928496968001127243e-03
3.929961007088422775e-03
3.931425046175718307e-03
3.921178169548511505e-03
3.924105782061815262e-03
3.912394866347312927e-03
3.922642208635807037e-03
3.927032928913831711e-03
3.922642208635807037e-03
3.925569821149110794e-03
3.918250091373920441e-03
3.922642208635807037e-03
3.919714130461215973e-03
3.918250091373920441e-03
3.912394866347312927e-03
3.962166141718626022e-03
4.000226035714149475e-03
4.041214007884263992e-03
4.057317040860652924e-03
4.070491064339876175e-03
4.080737940967082977e-03
4.086594097316265106e-03
4.073419142514467239e-03
4.083666019141674042e-03
4.089520778506994247e-03
4.092448856681585312e-03
4.096840973943471909e-03
4.096840973943471909e-03
4.095376934856176376e-03
4.092448856681585312e-03
4.092448856681585312e-03
3.925569821149110794e-03
3.928496968001127243e-03
3.927032928913831711e-03
3.927032928913831711e-03
3.927032928913831711e-03
3.925569821149110794e-03
3.924105782061815262e-03
3.927032928913831711e-03
3.922642208635807037e-03
3.913858905434608459e-03
3.918250091373920441e-03
3.918250091373920441e-03
3.916786052286624908e-03
3.916786052286624908e-03
3.924105782061815262e-03
3.919714130461215973e-03
4.009008873254060745e-03
