3.991443198174238205e-03
3.997297957539558411e-03
4.041214007884263992e-03
4.061708226799964905e-03
4.077810794115066528e-03
4.083666019141674042e-03
4.083666019141674042e-03
4.092448856681585312e-03
4.088058136403560638e-03
4.090984817594289780e-03
4.074883181601762772e-03
4.092448856681585312e-03
4.090984817594289780e-03
4.096840973943471909e-03
4.093912895768880844e-03
4.095376934856176376e-03
3.935817163437604904e-03
3.931425046175718307e-03
3.938743844628334045e-03
3.924105782061815262e-03
3.928496968001127243e-03
3.925569821149110794e-03
3.924105782061815262e-03
3.921178169548511505e-03
3.922642208635807037e-03
3.927032928913831711e-03
3.924105782061815262e-03
3.906539175659418106e-03
3.916786052286624908e-03
3.924105782061815262e-03
3.922642208635807037e-03
3.921178169548511505e-03
3.978267777711153030e-03
4.016329068690538406e-03
4.045606125146150589e-03
4.064635839313268661e-03
4.060244187712669373e-03
4.080737940967082977e-03
4.085130058228969574e-03
4.085130058228969574e-03
4.093912895768880844e-03
4.095376934856176376e-03
4.092448856681585312e-03
4.095376934856176376e-03
4.095376934856176376e-03
4.073419142514467239e-03
4.089520778506994247e-03
4.083666019141674042e-03
3.919714130461215973e-03
3.931425046175718307e-03
3.932889085263013840e-03
3.927032928913831711e-03
3.924105782061815262e-03
3.925569821149110794e-03
3.915322944521903992e-03
3.922642208635807037e-03
3.925569821149110794e-03
3.922642208635807037e-03
3.921178169548511505e-03
3.927032928913831711e-03
3.925569821149110794e-03
3.924105782061815262e-03
3.906539175659418106e-03
3.946064040064811707e-03
3.988515119999647141e-03
4.020719788968563080e-03
4.052924923598766327e-03
4.069027025252580643e-03
4.074883181601762772e-03
4.082201980054378510e-03
4.085130058228969574e-03
4.077810794115066528e-03
4.089520778506994247e-03
4.093912895768880844e-03
4.095376934856176376e-03
4.092448856681585312e-03
4.090984817594289780e-03
4.092448856681585312e-03
4.085130058228969574e-03
3.987051080912351608e-03
3.929961007088422775e-03
3.935817163437604904e-03
3.928496968001127243e-03
3.928496968001127243e-03
3.925569821149110794e-03
3.929961007088422775e-03
3.918250091373920441e-03
3.918250091373920441e-03
3.902147989720106125e-03
3.921178169548511505e-03
3.925569821149110794e-03
3.922642208635807037e-03
3.916786052286624908e-03
3.921178169548511505e-03
3.924105782061815262e-03
3.924105782061815262e-03
3.953382838517427444e-03
