3.988515119999647141e-03
4.022183828055858612e-03
4.055853001773357391e-03
4.051460884511470795e-03
4.076347220689058304e-03
4.080737940967082977e-03
4.085130058228969574e-03
4.098305013030767441e-03
4.093912895768880844e-03
4.099768120795488358e-03
4.092448856681585312e-03
4.093912895768880844e-03
4.083666019141674042e-03
4.088058136403560638e-03
4.092448856681585312e-03
4.089520778506994247e-03
3.927032928913831711e-03
3.935817163437604904e-03
3.927032928913831711e-03
3.929961007088422775e-03
3.929961007088422775e-03
3.916786052286624908e-03
3.924105782061815262e-03
3.921178169548511505e-03
3.921178169548511505e-03
3.921178169548511505e-03
3.921178169548511505e-03
3.922642208635807037e-03
3.919714130461215973e-03
3.928496968001127243e-03
3.915322944521903992e-03
3.965094219893217087e-03
3.984123934060335159e-03
4.017792176455259323e-03
4.044142086058855057e-03
4.061708226799964905e-03
4.076347220689058304e-03
4.077810794115066528e-03
4.076347220689058304e-03
4.077810794115066528e-03
4.095376934856176376e-03
4.095376934856176376e-03
4.092448856681585312e-03
4.093912895768880844e-03
4.093912895768880844e-03
4.093912895768880844e-03
4.090984817594289780e-03
3.995834849774837494e-03
3.929961007088422775e-03
3.941671922802925110e-03
3.934353124350309372e-03
3.927032928913831711e-03
3.925569821149110794e-03
3.922642208635807037e-03
3.924105782061815262e-03
3.925569821149110794e-03
3.910930827260017395e-03
3.921178169548511505e-03
3.919714130461215973e-03
3.919714130461215973e-03
3.924105782061815262e-03
3.928496968001127243e-03
3.919714130461215973e-03
3.962166141718626022e-03
3.970948979258537292e-03
4.014865029603242874e-03
4.045606125146150589e-03
4.064635839313268661e-03
4.079273901879787445e-03
4.088058136403560638e-03
4.088058136403560638e-03
4.090984817594289780e-03
4.088058136403560638e-03
4.080737940967082977e-03
4.088058136403560638e-03
4.086594097316265106e-03
4.086594097316265106e-03
4.089520778506994247e-03
4.093912895768880844e-03
3.969484940171241760e-03
3.940207883715629578e-03
3.935817163437604904e-03
3.918250091373920441e-03
3.922642208635807037e-03
3.922642208635807037e-03
3.919714130461215973e-03
3.919714130461215973e-03
3.922642208635807037e-03
3.924105782061815262e-03
3.918250091373920441e-03
3.921178169548511505e-03
3.918250091373920441e-03
3.922642208635807037e-03
3.919714130461215973e-03
3.925569821149110794e-03
3.927032928913831711e-03
