3.820172045379877090e-03
3.995834849774837494e-03
4.032431170344352722e-03
4.052924923598766327e-03
4.069027025252580643e-03
4.080737940967082977e-03
4.085130058228969574e-03
4.085130058228969574e-03
4.069027025252580643e-03
4.083666019141674042e-03
4.089520778506994247e-03
4.096840973943471909e-03
4.093912895768880844e-03
4.093912895768880844e-03
4.092448856681585312e-03
4.089520778506994247e-03
4.014865029603242874e-03
3.903612028807401657e-03
3.929961007088422775e-03
3.927032928913831711e-03
3.919714130461215973e-03
3.922642208635807037e-03
3.927032928913831711e-03
3.925569821149110794e-03
3.924105782061815262e-03
3.919714130461215973e-03
3.916786052286624908e-03
3.919714130461215973e-03
3.916786052286624908e-03
3.919714130461215973e-03
3.918250091373920441e-03
3.922642208635807037e-03
3.968020901083946228e-03
3.992906771600246429e-03
4.003154113888740540e-03
4.047070164233446121e-03
4.067563917487859726e-03
4.073419142514467239e-03
4.082201980054378510e-03
4.083666019141674042e-03
4.088058136403560638e-03
4.093912895768880844e-03
4.096840973943471909e-03
4.077810794115066528e-03
4.089520778506994247e-03
4.089520778506994247e-03
4.092448856681585312e-03
4.088058136403560638e-03
3.966556861996650696e-03
3.938743844628334045e-03
3.928496968001127243e-03
3.927032928913831711e-03
3.919714130461215973e-03
3.919714130461215973e-03
3.918250091373920441e-03
3.922642208635807037e-03
3.916786052286624908e-03
3.918250091373920441e-03
3.924105782061815262e-03
3.919714130461215973e-03
3.894828958436846733e-03
3.915322944521903992e-03
3.921178169548511505e-03
3.919714130461215973e-03
3.963630180805921555e-03
3.995834849774837494e-03
4.028039053082466125e-03
4.049996845424175262e-03
4.070491064339876175e-03
4.061708226799964905e-03
4.085130058228969574e-03
4.086594097316265106e-03
4.088058136403560638e-03
4.090984817594289780e-03
4.090984817594289780e-03
4.090984817594289780e-03
4.089520778506994247e-03
4.093912895768880844e-03
4.079273901879787445e-03
4.092448856681585312e-03
3.941671922802925110e-03
3.935817163437604904e-03
3.927032928913831711e-03
3.924105782061815262e-03
3.919714130461215973e-03
3.919714130461215973e-03
3.919714130461215973e-03
3.908003214746713638e-03
3.921178169548511505e-03
3.921178169548511505e-03
3.915322944521903992e-03
3.924105782061815262e-03
3.919714130461215973e-03
3.916786052286624908e-03
3.916786052286624908e-03
3.893364919349551201e-03
3.956309985369443893e-03
