4.764358978718519211e-03
4.729227162897586823e-03
4.730691201984882355e-03
4.740938078612089157e-03
4.720443859696388245e-03
4.735081922262907028e-03
4.735081922262907028e-03
4.735081922262907028e-03
4.732154775410890579e-03
4.735081922262907028e-03
4.733617883175611496e-03
4.726299084722995758e-03
4.736545961350202560e-03
4.726299084722995758e-03
4.733617883175611496e-03
4.733617883175611496e-03
4.723371006548404694e-03
4.740938078612089157e-03
4.762895870953798294e-03
4.773143213242292404e-03
4.777533933520317078e-03
4.764358978718519211e-03
4.784853197634220123e-03
4.780462011694908142e-03
4.781926050782203674e-03
4.781926050782203674e-03
4.778997972607612610e-03
4.783390089869499207e-03
4.781926050782203674e-03
4.767287056893110275e-03
4.778997972607612610e-03
4.783390089869499207e-03
4.783390089869499207e-03
4.759967792779207230e-03
4.735081922262907028e-03
4.738010000437498093e-03
4.732154775410890579e-03
4.701414145529270172e-03
4.727763123810291290e-03
4.727763123810291290e-03
4.724835045635700226e-03
4.729227162897586823e-03
4.729227162897586823e-03
4.730691201984882355e-03
4.729227162897586823e-03
4.726299084722995758e-03
4.720443859696388245e-03
4.723371006548404694e-03
4.714588169008493423e-03
4.733617883175611496e-03
4.748256877064704895e-03
4.749720916152000427e-03
4.765823017805814743e-03
4.762895870953798294e-03
4.761431831866502762e-03
4.773143213242292404e-03
4.776069894433021545e-03
4.774605855345726013e-03
4.774605855345726013e-03
4.774605855345726013e-03
4.774605855345726013e-03
4.771679174154996872e-03
4.767287056893110275e-03
4.770215135067701340e-03
4.767287056893110275e-03
4.736545961350202560e-03
4.716052208095788956e-03
4.718979820609092712e-03
4.723371006548404694e-03
4.721907898783683777e-03
4.701414145529270172e-03
4.718979820609092712e-03
4.717515781521797180e-03
4.711661022156476974e-03
4.711661022156476974e-03
4.710196983069181442e-03
4.710196983069181442e-03
4.707268904894590378e-03
4.705804865807294846e-03
4.708732943981885910e-03
4.707268904894590378e-03
4.705804865807294846e-03
4.707268904894590378e-03
4.708732943981885910e-03
4.707268904894590378e-03
4.708732943981885910e-03
4.710196983069181442e-03
4.711661022156476974e-03
4.727763123810291290e-03
4.726299084722995758e-03
4.727763123810291290e-03
4.724835045635700226e-03
4.720443859696388245e-03
4.711661022156476974e-03
4.717515781521797180e-03
4.711661022156476974e-03
4.530142061412334442e-03
