3.959238063544034958e-03
4.010472912341356277e-03
4.038285929709672928e-03
4.058780148625373840e-03
4.071955103427171707e-03
4.080737940967082977e-03
4.089520778506994247e-03
4.088058136403560638e-03
4.083666019141674042e-03
4.089520778506994247e-03
4.093912895768880844e-03
4.086594097316265106e-03
4.089520778506994247e-03
4.096840973943471909e-03
4.093912895768880844e-03
4.089520778506994247e-03
3.953382838517427444e-03
3.928496968001127243e-03
3.924105782061815262e-03
3.931425046175718307e-03
3.925569821149110794e-03
3.925569821149110794e-03
3.919714130461215973e-03
3.919714130461215973e-03
3.916786052286624908e-03
3.902147989720106125e-03
3.919714130461215973e-03
3.928496968001127243e-03
3.921178169548511505e-03
3.921178169548511505e-03
3.919714130461215973e-03
3.919714130461215973e-03
3.970948979258537292e-03
3.998761996626853943e-03
4.030967131257057190e-03
4.054388962686061859e-03
4.070491064339876175e-03
4.074883181601762772e-03
4.080737940967082977e-03
4.080737940967082977e-03
4.089520778506994247e-03
4.089520778506994247e-03
4.092448856681585312e-03
4.085130058228969574e-03
4.086594097316265106e-03
4.086594097316265106e-03
4.088058136403560638e-03
4.095376934856176376e-03
3.929961007088422775e-03
3.935817163437604904e-03
3.927032928913831711e-03
3.905076067894697189e-03
3.916786052286624908e-03
3.921178169548511505e-03
3.918250091373920441e-03
3.921178169548511505e-03
3.919714130461215973e-03
3.916786052286624908e-03
3.919714130461215973e-03
3.925569821149110794e-03
3.915322944521903992e-03
3.919714130461215973e-03
3.918250091373920441e-03
3.919714130461215973e-03
3.976804204285144806e-03
4.009008873254060745e-03
4.041214007884263992e-03
4.060244187712669373e-03
4.070491064339876175e-03
4.077810794115066528e-03
4.085130058228969574e-03
4.083666019141674042e-03
4.090984817594289780e-03
4.098305013030767441e-03
4.090984817594289780e-03
4.092448856681585312e-03
4.092448856681585312e-03
4.086594097316265106e-03
4.085130058228969574e-03
4.026575945317745209e-03
3.918250091373920441e-03
3.931425046175718307e-03
3.928496968001127243e-03
3.921178169548511505e-03
3.919714130461215973e-03
3.918250091373920441e-03
3.913858905434608459e-03
3.919714130461215973e-03
3.919714130461215973e-03
3.916786052286624908e-03
3.916786052286624908e-03
3.916786052286624908e-03
3.918250091373920441e-03
3.922642208635807037e-03
3.921178169548511505e-03
3.910930827260017395e-03
3.941671922802925110e-03
