3.985587973147630692e-03
4.026575945317745209e-03
4.052924923598766327e-03
4.066099878400564194e-03
4.079273901879787445e-03
4.080737940967082977e-03
4.082201980054378510e-03
4.088058136403560638e-03
4.074883181601762772e-03
4.085130058228969574e-03
4.096840973943471909e-03
4.095376934856176376e-03
4.090984817594289780e-03
4.089520778506994247e-03
4.092448856681585312e-03
4.095376934856176376e-03
3.921178169548511505e-03
3.922642208635807037e-03
3.924105782061815262e-03
3.924105782061815262e-03
3.931425046175718307e-03
3.924105782061815262e-03
3.922642208635807037e-03
3.922642208635807037e-03
3.922642208635807037e-03
3.906539175659418106e-03
3.915322944521903992e-03
3.912394866347312927e-03
3.919714130461215973e-03
3.918250091373920441e-03
3.921178169548511505e-03
3.937279805541038513e-03
3.985587973147630692e-03
4.019256215542554855e-03
4.036822821944952011e-03
4.060244187712669373e-03
4.069027025252580643e-03
4.077810794115066528e-03
4.092448856681585312e-03
4.085130058228969574e-03
4.086594097316265106e-03
4.090984817594289780e-03
4.092448856681585312e-03
4.082201980054378510e-03
4.092448856681585312e-03
4.092448856681585312e-03
4.086594097316265106e-03
3.982659894973039627e-03
3.929961007088422775e-03
3.940207883715629578e-03
3.932889085263013840e-03
3.925569821149110794e-03
3.918250091373920441e-03
3.919714130461215973e-03
3.915322944521903992e-03
3.919714130461215973e-03
3.918250091373920441e-03
3.924105782061815262e-03
3.921178169548511505e-03
3.928496968001127243e-03
3.906539175659418106e-03
3.913858905434608459e-03
3.915322944521903992e-03
3.950455226004123688e-03
4.000226035714149475e-03
4.029503092169761658e-03
4.052924923598766327e-03
4.055853001773357391e-03
4.073419142514467239e-03
4.074883181601762772e-03
4.092448856681585312e-03
4.089520778506994247e-03
4.088058136403560638e-03
4.092448856681585312e-03
4.088058136403560638e-03
4.086594097316265106e-03
4.092448856681585312e-03
4.092448856681585312e-03
4.085130058228969574e-03
3.954846877604722977e-03
3.934353124350309372e-03
3.928496968001127243e-03
3.922642208635807037e-03
3.922642208635807037e-03
3.919714130461215973e-03
3.913858905434608459e-03
3.897756105288863182e-03
3.910930827260017395e-03
3.916786052286624908e-03
3.915322944521903992e-03
3.921178169548511505e-03
3.916786052286624908e-03
3.916786052286624908e-03
3.919714130461215973e-03
3.918250091373920441e-03
4.019256215542554855e-03
