3.988515119999647141e-03
4.017792176455259323e-03
4.051460884511470795e-03
4.071955103427171707e-03
4.083666019141674042e-03
4.076347220689058304e-03
4.086594097316265106e-03
4.088058136403560638e-03
4.086594097316265106e-03
4.090984817594289780e-03
4.085130058228969574e-03
4.095376934856176376e-03
4.101232159882783890e-03
4.096840973943471909e-03
4.086594097316265106e-03
4.089520778506994247e-03
3.928496968001127243e-03
3.931425046175718307e-03
3.927032928913831711e-03
3.931425046175718307e-03
3.929961007088422775e-03
3.927032928913831711e-03
3.908003214746713638e-03
3.919714130461215973e-03
3.921178169548511505e-03
3.921178169548511505e-03
3.924105782061815262e-03
3.925569821149110794e-03
3.925569821149110794e-03
3.924105782061815262e-03
3.918250091373920441e-03
3.978267777711153030e-03
3.987051080912351608e-03
4.013400990515947342e-03
4.044142086058855057e-03
4.066099878400564194e-03
4.079273901879787445e-03
4.079273901879787445e-03
4.088058136403560638e-03
4.088058136403560638e-03
4.083666019141674042e-03
4.088058136403560638e-03
4.095376934856176376e-03
4.095376934856176376e-03
4.095376934856176376e-03
4.096840973943471909e-03
4.092448856681585312e-03
4.013400990515947342e-03
3.908003214746713638e-03
3.938743844628334045e-03
3.934353124350309372e-03
3.929961007088422775e-03
3.927032928913831711e-03
3.921178169548511505e-03
3.922642208635807037e-03
3.924105782061815262e-03
3.919714130461215973e-03
3.905076067894697189e-03
3.925569821149110794e-03
3.924105782061815262e-03
3.922642208635807037e-03
3.921178169548511505e-03
3.924105782061815262e-03
3.965094219893217087e-03
3.988515119999647141e-03
4.020719788968563080e-03
4.048532806336879730e-03
4.070491064339876175e-03
4.077810794115066528e-03
4.085130058228969574e-03
4.088058136403560638e-03
4.088058136403560638e-03
4.095376934856176376e-03
4.096840973943471909e-03
4.095376934856176376e-03
4.088058136403560638e-03
4.090984817594289780e-03
4.092448856681585312e-03
4.090984817594289780e-03
3.968020901083946228e-03
3.934353124350309372e-03
3.938743844628334045e-03
3.931425046175718307e-03
3.910930827260017395e-03
3.924105782061815262e-03
3.924105782061815262e-03
3.924105782061815262e-03
3.924105782061815262e-03
3.921178169548511505e-03
3.922642208635807037e-03
3.927032928913831711e-03
3.922642208635807037e-03
3.908003214746713638e-03
3.921178169548511505e-03
3.922642208635807037e-03
3.919714130461215973e-03
