3.935817163437604904e-03
3.988515119999647141e-03
4.014865029603242874e-03
4.052924923598766327e-03
4.070491064339876175e-03
4.077810794115066528e-03
4.085130058228969574e-03
4.089520778506994247e-03
4.093912895768880844e-03
4.088058136403560638e-03
4.088058136403560638e-03
4.086594097316265106e-03
4.090984817594289780e-03
4.096840973943471909e-03
4.098305013030767441e-03
4.093912895768880844e-03
4.049996845424175262e-03
3.924105782061815262e-03
3.934353124350309372e-03
3.905076067894697189e-03
3.922642208635807037e-03
3.925569821149110794e-03
3.929961007088422775e-03
3.924105782061815262e-03
3.921178169548511505e-03
3.922642208635807037e-03
3.924105782061815262e-03
3.921178169548511505e-03
3.913858905434608459e-03
3.916786052286624908e-03
3.915322944521903992e-03
3.919714130461215973e-03
3.968020901083946228e-03
3.988515119999647141e-03
4.022183828055858612e-03
4.051460884511470795e-03
4.061708226799964905e-03
4.074883181601762772e-03
4.080737940967082977e-03
4.082201980054378510e-03
4.090984817594289780e-03
4.093912895768880844e-03
4.092448856681585312e-03
4.095376934856176376e-03
4.096840973943471909e-03
4.089520778506994247e-03
4.086594097316265106e-03
4.096840973943471909e-03
3.976804204285144806e-03
3.927032928913831711e-03
3.927032928913831711e-03
3.924105782061815262e-03
3.924105782061815262e-03
3.927032928913831711e-03
3.902147989720106125e-03
3.916786052286624908e-03
3.918250091373920441e-03
3.915322944521903992e-03
3.916786052286624908e-03
3.919714130461215973e-03
3.919714130461215973e-03
3.918250091373920441e-03
3.925569821149110794e-03
3.912394866347312927e-03
3.963630180805921555e-03
3.995834849774837494e-03
4.026575945317745209e-03
4.051460884511470795e-03
4.063171800225973129e-03
4.074883181601762772e-03
4.080737940967082977e-03
4.092448856681585312e-03
4.086594097316265106e-03
4.092448856681585312e-03
4.092448856681585312e-03
4.088058136403560638e-03
4.088058136403560638e-03
4.090984817594289780e-03
4.089520778506994247e-03
4.092448856681585312e-03
3.925569821149110794e-03
3.931425046175718307e-03
3.934353124350309372e-03
3.924105782061815262e-03
3.922642208635807037e-03
3.921178169548511505e-03
3.922642208635807037e-03
3.918250091373920441e-03
3.918250091373920441e-03
3.903612028807401657e-03
3.915322944521903992e-03
3.922642208635807037e-03
3.922642208635807037e-03
3.919714130461215973e-03
3.918250091373920441e-03
3.924105782061815262e-03
3.865550970658659935e-03
