3.985587973147630692e-03
4.003154113888740540e-03
4.041214007884263992e-03
4.058780148625373840e-03
4.074883181601762772e-03
4.085130058228969574e-03
4.089520778506994247e-03
4.092448856681585312e-03
4.092448856681585312e-03
4.076347220689058304e-03
4.089520778506994247e-03
4.089520778506994247e-03
4.086594097316265106e-03
4.090984817594289780e-03
4.093912895768880844e-03
4.099768120795488358e-03
3.938743844628334045e-03
3.935817163437604904e-03
3.921178169548511505e-03
3.927032928913831711e-03
3.924105782061815262e-03
3.921178169548511505e-03
3.919714130461215973e-03
3.929961007088422775e-03
3.924105782061815262e-03
3.924105782061815262e-03
3.924105782061815262e-03
3.903612028807401657e-03
3.919714130461215973e-03
3.919714130461215973e-03
3.919714130461215973e-03
3.919714130461215973e-03
3.978267777711153030e-03
4.010472912341356277e-03
4.045606125146150589e-03
4.064635839313268661e-03
4.061708226799964905e-03
4.083666019141674042e-03
4.083666019141674042e-03
4.088058136403560638e-03
4.088058136403560638e-03
4.092448856681585312e-03
4.099768120795488358e-03
4.098305013030767441e-03
4.096840973943471909e-03
4.080737940967082977e-03
4.089520778506994247e-03
4.102696198970079422e-03
3.921178169548511505e-03
3.931425046175718307e-03
3.929961007088422775e-03
3.929961007088422775e-03
3.928496968001127243e-03
3.906539175659418106e-03
3.919714130461215973e-03
3.922642208635807037e-03
3.919714130461215973e-03
3.921178169548511505e-03
3.919714130461215973e-03
3.921178169548511505e-03
3.921178169548511505e-03
3.921178169548511505e-03
3.910930827260017395e-03
3.953382838517427444e-03
3.982659894973039627e-03
4.020719788968563080e-03
4.051460884511470795e-03
4.066099878400564194e-03
4.074883181601762772e-03
4.085130058228969574e-03
4.086594097316265106e-03
4.079273901879787445e-03
4.095376934856176376e-03
4.095376934856176376e-03
4.090984817594289780e-03
4.093912895768880844e-03
4.095376934856176376e-03
4.088058136403560638e-03
4.095376934856176376e-03
3.982659894973039627e-03
3.918250091373920441e-03
3.928496968001127243e-03
3.929961007088422775e-03
3.924105782061815262e-03
3.921178169548511505e-03
3.924105782061815262e-03
3.919714130461215973e-03
3.918250091373920441e-03
3.903612028807401657e-03
3.915322944521903992e-03
3.916786052286624908e-03
3.915322944521903992e-03
3.927032928913831711e-03
3.921178169548511505e-03
3.922642208635807037e-03
3.919714130461215973e-03
3.956309985369443893e-03
