3.956309985369443893e-03
3.998761996626853943e-03
4.030967131257057190e-03
4.060244187712669373e-03
4.058780148625373840e-03
4.080737940967082977e-03
4.088058136403560638e-03
4.088058136403560638e-03
4.089520778506994247e-03
4.090984817594289780e-03
4.090984817594289780e-03
4.093912895768880844e-03
4.093912895768880844e-03
4.079273901879787445e-03
4.093912895768880844e-03
4.095376934856176376e-03
3.982659894973039627e-03
3.931425046175718307e-03
3.934353124350309372e-03
3.929961007088422775e-03
3.924105782061815262e-03
3.924105782061815262e-03
3.924105782061815262e-03
3.925569821149110794e-03
3.922642208635807037e-03
3.924105782061815262e-03
3.919714130461215973e-03
3.922642208635807037e-03
3.921178169548511505e-03
3.918250091373920441e-03
3.913858905434608459e-03
3.916786052286624908e-03
3.965094219893217087e-03
3.998761996626853943e-03
4.026575945317745209e-03
4.054388962686061859e-03
4.070491064339876175e-03
4.079273901879787445e-03
4.082201980054378510e-03
4.066099878400564194e-03
4.083666019141674042e-03
4.088058136403560638e-03
4.095376934856176376e-03
4.090984817594289780e-03
4.093912895768880844e-03
4.095376934856176376e-03
4.095376934856176376e-03
4.093912895768880844e-03
3.934353124350309372e-03
3.931425046175718307e-03
3.931425046175718307e-03
3.931425046175718307e-03
3.927032928913831711e-03
3.922642208635807037e-03
3.924105782061815262e-03
3.924105782061815262e-03
3.919714130461215973e-03
3.910930827260017395e-03
3.915322944521903992e-03
3.924105782061815262e-03
3.924105782061815262e-03
3.927032928913831711e-03
3.924105782061815262e-03
3.919714130461215973e-03
3.970948979258537292e-03
3.982659894973039627e-03
4.033895209431648254e-03
4.052924923598766327e-03
4.070491064339876175e-03
4.076347220689058304e-03
4.079273901879787445e-03
4.086594097316265106e-03
4.092448856681585312e-03
4.090984817594289780e-03
4.076347220689058304e-03
4.093912895768880844e-03
4.089520778506994247e-03
4.083666019141674042e-03
4.093912895768880844e-03
4.088058136403560638e-03
3.929961007088422775e-03
3.937279805541038513e-03
3.934353124350309372e-03
3.919714130461215973e-03
3.922642208635807037e-03
3.919714130461215973e-03
3.918250091373920441e-03
3.916786052286624908e-03
3.918250091373920441e-03
3.924105782061815262e-03
3.918250091373920441e-03
3.922642208635807037e-03
3.910930827260017395e-03
3.922642208635807037e-03
3.921178169548511505e-03
3.919714130461215973e-03
3.905076067894697189e-03
