4.721907898783683777e-03
4.730691201984882355e-03
4.732154775410890579e-03
4.733617883175611496e-03
4.736545961350202560e-03
4.735081922262907028e-03
4.710196983069181442e-03
4.735081922262907028e-03
4.732154775410890579e-03
4.730691201984882355e-03
4.730691201984882355e-03
4.730691201984882355e-03
4.732154775410890579e-03
4.733617883175611496e-03
4.736545961350202560e-03
4.729227162897586823e-03
4.723371006548404694e-03
4.740938078612089157e-03
4.761431831866502762e-03
4.774605855345726013e-03
4.777533933520317078e-03
4.780462011694908142e-03
4.783390089869499207e-03
4.771679174154996872e-03
4.787780810147523880e-03
4.786316771060228348e-03
4.781926050782203674e-03
4.781926050782203674e-03
4.780462011694908142e-03
4.783390089869499207e-03
4.783390089869499207e-03
4.776069894433021545e-03
4.776069894433021545e-03
4.749720916152000427e-03
4.729227162897586823e-03
4.738010000437498093e-03
4.732154775410890579e-03
4.729227162897586823e-03
4.730691201984882355e-03
4.711661022156476974e-03
4.723371006548404694e-03
4.727763123810291290e-03
4.724835045635700226e-03
4.724835045635700226e-03
4.733617883175611496e-03
4.729227162897586823e-03
4.727763123810291290e-03
4.724835045635700226e-03
4.721907898783683777e-03
4.729227162897586823e-03
4.740938078612089157e-03
4.752648994326591492e-03
4.761431831866502762e-03
4.771679174154996872e-03
4.774605855345726013e-03
4.749720916152000427e-03
4.767287056893110275e-03
4.768751095980405807e-03
4.765823017805814743e-03
4.770215135067701340e-03
4.771679174154996872e-03
4.768751095980405807e-03
4.768751095980405807e-03
4.755576141178607941e-03
4.754112102091312408e-03
4.730691201984882355e-03
4.724835045635700226e-03
4.714588169008493423e-03
4.711661022156476974e-03
4.711661022156476974e-03
4.707268904894590378e-03
4.708732943981885910e-03
4.694093950092792511e-03
4.713124129921197891e-03
4.713124129921197891e-03
4.713124129921197891e-03
4.699950106441974640e-03
4.697022028267383575e-03
4.689703229814767838e-03
4.774605855345726013e-03
4.676527809351682663e-03
4.683847073465585709e-03
4.692629911005496979e-03
4.697022028267383575e-03
4.702876787632703781e-03
4.698486067354679108e-03
4.695557989180088043e-03
4.697022028267383575e-03
4.697022028267383575e-03
4.698486067354679108e-03
4.707268904894590378e-03
4.704340826719999313e-03
4.704340826719999313e-03
4.707268904894590378e-03
4.702876787632703781e-03
4.697022028267383575e-03
4.462805110961198807e-03
