3.982659894973039627e-03
3.994370810687541962e-03
4.030967131257057190e-03
4.057317040860652924e-03
4.066099878400564194e-03
4.073419142514467239e-03
4.089520778506994247e-03
4.092448856681585312e-03
4.089520778506994247e-03
4.085130058228969574e-03
4.089520778506994247e-03
4.085130058228969574e-03
4.086594097316265106e-03
4.092448856681585312e-03
4.093912895768880844e-03
4.098305013030767441e-03
3.987051080912351608e-03
3.935817163437604904e-03
3.929961007088422775e-03
3.924105782061815262e-03
3.921178169548511505e-03
3.924105782061815262e-03
3.924105782061815262e-03
3.922642208635807037e-03
3.922642208635807037e-03
3.921178169548511505e-03
3.905076067894697189e-03
3.918250091373920441e-03
3.915322944521903992e-03
3.922642208635807037e-03
3.922642208635807037e-03
3.921178169548511505e-03
3.959238063544034958e-03
3.995834849774837494e-03
4.022183828055858612e-03
4.039749968796968460e-03
4.064635839313268661e-03
4.074883181601762772e-03
4.086594097316265106e-03
4.092448856681585312e-03
4.089520778506994247e-03
4.090984817594289780e-03
4.093912895768880844e-03
4.092448856681585312e-03
4.083666019141674042e-03
4.092448856681585312e-03
4.089520778506994247e-03
4.093912895768880844e-03
3.954846877604722977e-03
3.935817163437604904e-03
3.929961007088422775e-03
3.924105782061815262e-03
3.899219911545515060e-03
3.912394866347312927e-03
3.921178169548511505e-03
3.921178169548511505e-03
3.921178169548511505e-03
3.919714130461215973e-03
3.924105782061815262e-03
3.916786052286624908e-03
3.915322944521903992e-03
3.918250091373920441e-03
3.919714130461215973e-03
3.916786052286624908e-03
3.966556861996650696e-03
4.001690074801445007e-03
4.032431170344352722e-03
4.055853001773357391e-03
4.069027025252580643e-03
4.074883181601762772e-03
4.074883181601762772e-03
4.085130058228969574e-03
4.088058136403560638e-03
4.089520778506994247e-03
4.086594097316265106e-03
4.090984817594289780e-03
4.088058136403560638e-03
4.086594097316265106e-03
4.093912895768880844e-03
4.090984817594289780e-03
3.927032928913831711e-03
3.931425046175718307e-03
3.924105782061815262e-03
3.925569821149110794e-03
3.921178169548511505e-03
3.921178169548511505e-03
3.928496968001127243e-03
3.913858905434608459e-03
3.916786052286624908e-03
3.919714130461215973e-03
3.916786052286624908e-03
3.916786052286624908e-03
3.924105782061815262e-03
3.919714130461215973e-03
3.918250091373920441e-03
3.922642208635807037e-03
3.960702102631330490e-03
