3.966556861996650696e-03
4.007544834166765213e-03
4.039749968796968460e-03
4.064635839313268661e-03
4.076347220689058304e-03
4.089520778506994247e-03
4.082201980054378510e-03
4.092448856681585312e-03
4.092448856681585312e-03
4.093912895768880844e-03
4.095376934856176376e-03
4.090984817594289780e-03
4.093912895768880844e-03
4.093912895768880844e-03
4.092448856681585312e-03
4.086594097316265106e-03
3.959238063544034958e-03
3.940207883715629578e-03
3.934353124350309372e-03
3.932889085263013840e-03
3.929961007088422775e-03
3.924105782061815262e-03
3.927032928913831711e-03
3.910930827260017395e-03
3.919714130461215973e-03
3.924105782061815262e-03
3.925569821149110794e-03
3.927032928913831711e-03
3.925569821149110794e-03
3.922642208635807037e-03
3.921178169548511505e-03
3.925569821149110794e-03
3.968020901083946228e-03
4.004618152976036072e-03
4.035358782857656479e-03
4.058780148625373840e-03
4.076347220689058304e-03
4.083666019141674042e-03
4.089520778506994247e-03
4.089520778506994247e-03
4.092448856681585312e-03
4.085130058228969574e-03
4.088058136403560638e-03
4.092448856681585312e-03
4.099768120795488358e-03
4.098305013030767441e-03
4.096840973943471909e-03
4.095376934856176376e-03
3.940207883715629578e-03
3.922642208635807037e-03
3.927032928913831711e-03
3.928496968001127243e-03
3.922642208635807037e-03
3.924105782061815262e-03
3.924105782061815262e-03
3.928496968001127243e-03
3.925569821149110794e-03
3.928496968001127243e-03
3.915322944521903992e-03
3.924105782061815262e-03
3.925569821149110794e-03
3.919714130461215973e-03
3.922642208635807037e-03
3.927032928913831711e-03
3.982659894973039627e-03
4.017792176455259323e-03
4.048532806336879730e-03
4.055853001773357391e-03
4.073419142514467239e-03
4.083666019141674042e-03
4.088058136403560638e-03
4.082201980054378510e-03
4.095376934856176376e-03
4.092448856681585312e-03
4.096840973943471909e-03
4.082201980054378510e-03
4.093912895768880844e-03
4.093912895768880844e-03
4.092448856681585312e-03
4.045606125146150589e-03
3.922642208635807037e-03
3.934353124350309372e-03
3.929961007088422775e-03
3.924105782061815262e-03
3.913858905434608459e-03
3.922642208635807037e-03
3.925569821149110794e-03
3.924105782061815262e-03
3.922642208635807037e-03
3.924105782061815262e-03
3.924105782061815262e-03
3.918250091373920441e-03
3.924105782061815262e-03
3.910930827260017395e-03
3.924105782061815262e-03
3.925569821149110794e-03
3.954846877604722977e-03
