3.992906771600246429e-03
4.003154113888740540e-03
4.025111906230449677e-03
4.060244187712669373e-03
4.073419142514467239e-03
4.077810794115066528e-03
4.088058136403560638e-03
4.086594097316265106e-03
4.089520778506994247e-03
4.090984817594289780e-03
4.093912895768880844e-03
4.090984817594289780e-03
4.089520778506994247e-03
4.090984817594289780e-03
4.089520778506994247e-03
4.089520778506994247e-03
3.959238063544034958e-03
3.938743844628334045e-03
3.934353124350309372e-03
3.929961007088422775e-03
3.916786052286624908e-03
3.918250091373920441e-03
3.919714130461215973e-03
3.922642208635807037e-03
3.921178169548511505e-03
3.921178169548511505e-03
3.922642208635807037e-03
3.916786052286624908e-03
3.922642208635807037e-03
3.916786052286624908e-03
3.924105782061815262e-03
3.924105782061815262e-03
3.969484940171241760e-03
3.998761996626853943e-03
4.032431170344352722e-03
4.058780148625373840e-03
4.073419142514467239e-03
4.080737940967082977e-03
4.077810794115066528e-03
4.086594097316265106e-03
4.086594097316265106e-03
4.090984817594289780e-03
4.092448856681585312e-03
4.090984817594289780e-03
4.092448856681585312e-03
4.092448856681585312e-03
4.067563917487859726e-03
4.089520778506994247e-03
3.932889085263013840e-03
3.937279805541038513e-03
3.929961007088422775e-03
3.928496968001127243e-03
3.927032928913831711e-03
3.919714130461215973e-03
3.921178169548511505e-03
3.908003214746713638e-03
3.919714130461215973e-03
3.924105782061815262e-03
3.918250091373920441e-03
3.916786052286624908e-03
3.921178169548511505e-03
3.922642208635807037e-03
3.922642208635807037e-03
3.921178169548511505e-03
3.972413018345832825e-03
4.007544834166765213e-03
4.039749968796968460e-03
4.064635839313268661e-03
4.074883181601762772e-03
4.082201980054378510e-03
4.082201980054378510e-03
4.080737940967082977e-03
4.082201980054378510e-03
4.086594097316265106e-03
4.093912895768880844e-03
4.090984817594289780e-03
4.090984817594289780e-03
4.089520778506994247e-03
4.093912895768880844e-03
4.095376934856176376e-03
3.925569821149110794e-03
3.915322944521903992e-03
3.928496968001127243e-03
3.922642208635807037e-03
3.922642208635807037e-03
3.919714130461215973e-03
3.924105782061815262e-03
3.919714130461215973e-03
3.921178169548511505e-03
3.924105782061815262e-03
3.910930827260017395e-03
3.918250091373920441e-03
3.921178169548511505e-03
3.925569821149110794e-03
3.922642208635807037e-03
3.921178169548511505e-03
3.941671922802925110e-03
