3.992906771600246429e-03
4.013400990515947342e-03
4.045606125146150589e-03
4.066099878400564194e-03
4.073419142514467239e-03
4.073419142514467239e-03
4.092448856681585312e-03
4.093912895768880844e-03
4.098305013030767441e-03
4.095376934856176376e-03
4.092448856681585312e-03
4.095376934856176376e-03
4.093912895768880844e-03
4.073419142514467239e-03
4.096840973943471909e-03
4.102696198970079422e-03
3.956309985369443893e-03
3.940207883715629578e-03
3.935817163437604904e-03
3.934353124350309372e-03
3.928496968001127243e-03
3.928496968001127243e-03
3.912394866347312927e-03
3.922642208635807037e-03
3.928496968001127243e-03
3.928496968001127243e-03
3.928496968001127243e-03
3.928496968001127243e-03
3.928496968001127243e-03
3.925569821149110794e-03
3.922642208635807037e-03
3.919714130461215973e-03
3.969484940171241760e-03
4.017792176455259323e-03
4.044142086058855057e-03
4.061708226799964905e-03
4.077810794115066528e-03
4.085130058228969574e-03
4.089520778506994247e-03
4.089520778506994247e-03
4.088058136403560638e-03
4.090984817594289780e-03
4.093912895768880844e-03
4.095376934856176376e-03
4.095376934856176376e-03
4.098305013030767441e-03
4.096840973943471909e-03
4.099768120795488358e-03
3.935817163437604904e-03
3.931425046175718307e-03
3.935817163437604904e-03
3.928496968001127243e-03
3.925569821149110794e-03
3.924105782061815262e-03
3.922642208635807037e-03
3.924105782061815262e-03
3.925569821149110794e-03
3.909466788172721863e-03
3.925569821149110794e-03
3.925569821149110794e-03
3.927032928913831711e-03
3.925569821149110794e-03
3.921178169548511505e-03
3.938743844628334045e-03
3.979731816798448563e-03
4.019256215542554855e-03
4.042678046971559525e-03
4.066099878400564194e-03
4.079273901879787445e-03
4.083666019141674042e-03
4.088058136403560638e-03
4.092448856681585312e-03
4.089520778506994247e-03
4.090984817594289780e-03
4.095376934856176376e-03
4.090984817594289780e-03
4.093912895768880844e-03
4.095376934856176376e-03
4.096840973943471909e-03
4.004618152976036072e-03
3.927032928913831711e-03
3.943135961890220642e-03
3.928496968001127243e-03
3.905076067894697189e-03
3.924105782061815262e-03
3.928496968001127243e-03
3.919714130461215973e-03
3.924105782061815262e-03
3.924105782061815262e-03
3.918250091373920441e-03
3.922642208635807037e-03
3.922642208635807037e-03
3.900683950632810593e-03
3.921178169548511505e-03
3.922642208635807037e-03
3.928496968001127243e-03
3.944600000977516174e-03
