4.670673049986362457e-03
4.729227162897586823e-03
4.732154775410890579e-03
4.733617883175611496e-03
4.732154775410890579e-03
4.739474039524793625e-03
4.740938078612089157e-03
4.735081922262907028e-03
4.717515781521797180e-03
4.732154775410890579e-03
4.730691201984882355e-03
4.730691201984882355e-03
4.732154775410890579e-03
4.732154775410890579e-03
4.733617883175611496e-03
4.739474039524793625e-03
4.704340826719999313e-03
4.740938078612089157e-03
4.759967792779207230e-03
4.773143213242292404e-03
4.777533933520317078e-03
4.781926050782203674e-03
4.783390089869499207e-03
4.786316771060228348e-03
4.770215135067701340e-03
4.777533933520317078e-03
4.774605855345726013e-03
4.784853197634220123e-03
4.786316771060228348e-03
4.787780810147523880e-03
4.777533933520317078e-03
4.780462011694908142e-03
4.786316771060228348e-03
4.748256877064704895e-03
4.732154775410890579e-03
4.736545961350202560e-03
4.730691201984882355e-03
4.730691201984882355e-03
4.730691201984882355e-03
4.730691201984882355e-03
4.729227162897586823e-03
4.721907898783683777e-03
4.724835045635700226e-03
4.724835045635700226e-03
4.726299084722995758e-03
4.730691201984882355e-03
4.727763123810291290e-03
4.724835045635700226e-03
4.713124129921197891e-03
4.704340826719999313e-03
4.745328798890113831e-03
4.762895870953798294e-03
4.773143213242292404e-03
4.771679174154996872e-03
4.768751095980405807e-03
4.768751095980405807e-03
4.773143213242292404e-03
4.743865225464105606e-03
4.771679174154996872e-03
4.770215135067701340e-03
4.774605855345726013e-03
4.771679174154996872e-03
4.768751095980405807e-03
4.764358978718519211e-03
4.768751095980405807e-03
4.724835045635700226e-03
4.717515781521797180e-03
4.724835045635700226e-03
4.718979820609092712e-03
4.713124129921197891e-03
4.711661022156476974e-03
4.711661022156476974e-03
4.708732943981885910e-03
4.705804865807294846e-03
4.704340826719999313e-03
4.718979820609092712e-03
4.704340826719999313e-03
4.701414145529270172e-03
4.697022028267383575e-03
4.694093950092792511e-03
4.680919926613569260e-03
4.685311112552881241e-03
4.672136157751083374e-03
4.705804865807294846e-03
4.707268904894590378e-03
4.704340826719999313e-03
4.701414145529270172e-03
4.704340826719999313e-03
4.704340826719999313e-03
4.705804865807294846e-03
4.697022028267383575e-03
4.718979820609092712e-03
4.716052208095788956e-03
4.708732943981885910e-03
4.708732943981885910e-03
4.701414145529270172e-03
4.556491971015930176e-03
