4.729227162897586823e-03
4.733617883175611496e-03
4.733617883175611496e-03
4.736545961350202560e-03
4.732154775410890579e-03
4.733617883175611496e-03
4.733617883175611496e-03
4.736545961350202560e-03
4.735081922262907028e-03
4.736545961350202560e-03
4.736545961350202560e-03
4.733617883175611496e-03
4.730691201984882355e-03
4.732154775410890579e-03
4.718979820609092712e-03
4.733617883175611496e-03
4.730691201984882355e-03
4.752648994326591492e-03
4.768751095980405807e-03
4.777533933520317078e-03
4.789244849234819412e-03
4.778997972607612610e-03
4.776069894433021545e-03
4.786316771060228348e-03
4.780462011694908142e-03
4.780462011694908142e-03
4.780462011694908142e-03
4.783390089869499207e-03
4.780462011694908142e-03
4.780462011694908142e-03
4.780462011694908142e-03
4.780462011694908142e-03
4.771679174154996872e-03
4.742402117699384689e-03
4.742402117699384689e-03
4.732154775410890579e-03
4.729227162897586823e-03
4.727763123810291290e-03
4.729227162897586823e-03
4.727763123810291290e-03
4.729227162897586823e-03
4.729227162897586823e-03
4.726299084722995758e-03
4.721907898783683777e-03
4.721907898783683777e-03
4.732154775410890579e-03
4.733617883175611496e-03
4.730691201984882355e-03
4.724835045635700226e-03
4.735081922262907028e-03
4.748256877064704895e-03
4.759967792779207230e-03
4.768751095980405807e-03
4.774605855345726013e-03
4.771679174154996872e-03
4.745328798890113831e-03
4.774605855345726013e-03
4.773143213242292404e-03
4.773143213242292404e-03
4.770215135067701340e-03
4.771679174154996872e-03
4.774605855345726013e-03
4.777533933520317078e-03
4.777533933520317078e-03
4.749720916152000427e-03
4.723371006548404694e-03
4.720443859696388245e-03
4.720443859696388245e-03
4.714588169008493423e-03
4.717515781521797180e-03
4.727763123810291290e-03
4.707268904894590378e-03
4.713124129921197891e-03
4.716052208095788956e-03
4.707268904894590378e-03
4.710196983069181442e-03
4.710196983069181442e-03
4.714588169008493423e-03
4.708732943981885910e-03
4.689703229814767838e-03
4.660426173359155655e-03
4.695557989180088043e-03
4.699950106441974640e-03
4.701414145529270172e-03
4.704340826719999313e-03
4.711661022156476974e-03
4.721907898783683777e-03
4.716052208095788956e-03
4.697022028267383575e-03
4.717515781521797180e-03
4.718979820609092712e-03
4.716052208095788956e-03
4.717515781521797180e-03
4.714588169008493423e-03
4.718979820609092712e-03
4.716052208095788956e-03
4.443774931132793427e-03
