4.437918774783611298e-03
4.475980065762996674e-03
4.468659870326519012e-03
4.474516026675701141e-03
4.475980065762996674e-03
4.486226942390203476e-03
4.487690050154924393e-03
4.492082167416810989e-03
4.493546206504106522e-03
4.484762903302907944e-03
4.489154089242219925e-03
4.490618128329515457e-03
4.495009779930114746e-03
4.496473819017410278e-03
4.500865004956722260e-03
4.495009779930114746e-03
4.492082167416810989e-03
4.487690050154924393e-03
4.493546206504106522e-03
4.493546206504106522e-03
4.503793083131313324e-03
4.502329044044017792e-03
4.500865004956722260e-03
4.500865004956722260e-03
4.487690050154924393e-03
4.493546206504106522e-03
4.495009779930114746e-03
4.490618128329515457e-03
4.499400965869426727e-03
4.497936926782131195e-03
4.497936926782131195e-03
4.553563892841339111e-03
4.508183803409337997e-03
4.499400965869426727e-03
4.500865004956722260e-03
4.505257122218608856e-03
4.506721161305904388e-03
4.503793083131313324e-03
4.502329044044017792e-03
4.500865004956722260e-03
4.496473819017410278e-03
4.492082167416810989e-03
4.492082167416810989e-03
4.493546206504106522e-03
4.496473819017410278e-03
4.500865004956722260e-03
4.499400965869426727e-03
4.490618128329515457e-03
4.492082167416810989e-03
4.481834825128316879e-03
4.492082167416810989e-03
4.500865004956722260e-03
4.496473819017410278e-03
4.493546206504106522e-03
4.499400965869426727e-03
4.502329044044017792e-03
4.495009779930114746e-03
4.486226942390203476e-03
4.495009779930114746e-03
4.493546206504106522e-03
4.499400965869426727e-03
4.496473819017410278e-03
4.497936926782131195e-03
4.521359223872423172e-03
4.496473819017410278e-03
4.492082167416810989e-03
4.495009779930114746e-03
4.499400965869426727e-03
4.499400965869426727e-03
4.500865004956722260e-03
4.496473819017410278e-03
4.495009779930114746e-03
4.492082167416810989e-03
4.487690050154924393e-03
4.493546206504106522e-03
4.500865004956722260e-03
4.493546206504106522e-03
4.493546206504106522e-03
4.495009779930114746e-03
4.483298864215612411e-03
4.486226942390203476e-03
4.480370786041021347e-03
4.492082167416810989e-03
4.495009779930114746e-03
4.493546206504106522e-03
4.492082167416810989e-03
4.495009779930114746e-03
4.492082167416810989e-03
4.489154089242219925e-03
4.486226942390203476e-03
4.492082167416810989e-03
4.492082167416810989e-03
4.493546206504106522e-03
4.495009779930114746e-03
4.493546206504106522e-03
4.487690050154924393e-03
