3.982659894973039627e-03
4.013400990515947342e-03
4.044142086058855057e-03
4.064635839313268661e-03
4.074883181601762772e-03
4.083666019141674042e-03
4.085130058228969574e-03
4.095376934856176376e-03
4.090984817594289780e-03
4.083666019141674042e-03
4.093912895768880844e-03
4.092448856681585312e-03
4.090984817594289780e-03
4.089520778506994247e-03
4.090984817594289780e-03
4.098305013030767441e-03
3.935817163437604904e-03
3.935817163437604904e-03
3.925569821149110794e-03
3.929961007088422775e-03
3.925569821149110794e-03
3.924105782061815262e-03
3.927032928913831711e-03
3.928496968001127243e-03
3.919714130461215973e-03
3.922642208635807037e-03
3.908003214746713638e-03
3.919714130461215973e-03
3.918250091373920441e-03
3.919714130461215973e-03
3.921178169548511505e-03
3.921178169548511505e-03
3.976804204285144806e-03
4.014865029603242874e-03
4.039749968796968460e-03
4.057317040860652924e-03
4.076347220689058304e-03
4.085130058228969574e-03
4.088058136403560638e-03
4.088058136403560638e-03
4.092448856681585312e-03
4.089520778506994247e-03
4.088058136403560638e-03
4.095376934856176376e-03
4.088058136403560638e-03
4.092448856681585312e-03
4.095376934856176376e-03
4.082201980054378510e-03
3.919714130461215973e-03
3.935817163437604904e-03
3.934353124350309372e-03
3.928496968001127243e-03
3.913858905434608459e-03
3.919714130461215973e-03
3.919714130461215973e-03
3.919714130461215973e-03
3.919714130461215973e-03
3.921178169548511505e-03
3.918250091373920441e-03
3.921178169548511505e-03
3.921178169548511505e-03
3.909466788172721863e-03
3.918250091373920441e-03
3.963630180805921555e-03
3.985587973147630692e-03
4.020719788968563080e-03
4.051460884511470795e-03
4.066099878400564194e-03
4.073419142514467239e-03
4.080737940967082977e-03
4.074883181601762772e-03
4.085130058228969574e-03
4.095376934856176376e-03
4.093912895768880844e-03
4.092448856681585312e-03
4.093912895768880844e-03
4.089520778506994247e-03
4.089520778506994247e-03
4.076347220689058304e-03
3.984123934060335159e-03
3.928496968001127243e-03
3.932889085263013840e-03
3.928496968001127243e-03
3.924105782061815262e-03
3.919714130461215973e-03
3.921178169548511505e-03
3.924105782061815262e-03
3.910930827260017395e-03
3.921178169548511505e-03
3.919714130461215973e-03
3.916786052286624908e-03
3.916786052286624908e-03
3.915322944521903992e-03
3.921178169548511505e-03
3.925569821149110794e-03
3.924105782061815262e-03
3.946064040064811707e-03
