3.987051080912351608e-03
4.001690074801445007e-03
4.042678046971559525e-03
4.066099878400564194e-03
4.073419142514467239e-03
4.080737940967082977e-03
4.090984817594289780e-03
4.093912895768880844e-03
4.093912895768880844e-03
4.092448856681585312e-03
4.080737940967082977e-03
4.092448856681585312e-03
4.088058136403560638e-03
4.089520778506994247e-03
4.099768120795488358e-03
4.098305013030767441e-03
3.927032928913831711e-03
3.938743844628334045e-03
3.931425046175718307e-03
3.916786052286624908e-03
3.922642208635807037e-03
3.924105782061815262e-03
3.921178169548511505e-03
3.928496968001127243e-03
3.924105782061815262e-03
3.919714130461215973e-03
3.925569821149110794e-03
3.921178169548511505e-03
3.915322944521903992e-03
3.918250091373920441e-03
3.918250091373920441e-03
3.935817163437604904e-03
3.982659894973039627e-03
4.020719788968563080e-03
4.051460884511470795e-03
4.064635839313268661e-03
4.069027025252580643e-03
4.079273901879787445e-03
4.089520778506994247e-03
4.086594097316265106e-03
4.092448856681585312e-03
4.086594097316265106e-03
4.089520778506994247e-03
4.090984817594289780e-03
4.095376934856176376e-03
4.079273901879787445e-03
4.092448856681585312e-03
3.985587973147630692e-03
3.934353124350309372e-03
3.935817163437604904e-03
3.927032928913831711e-03
3.922642208635807037e-03
3.918250091373920441e-03
3.925569821149110794e-03
3.912394866347312927e-03
3.921178169548511505e-03
3.924105782061815262e-03
3.922642208635807037e-03
3.921178169548511505e-03
3.921178169548511505e-03
3.918250091373920441e-03
3.916786052286624908e-03
3.922642208635807037e-03
3.951918799430131912e-03
3.991443198174238205e-03
4.022183828055858612e-03
4.045606125146150589e-03
4.066099878400564194e-03
4.076347220689058304e-03
4.083666019141674042e-03
4.083666019141674042e-03
4.064635839313268661e-03
4.088058136403560638e-03
4.090984817594289780e-03
4.093912895768880844e-03
4.095376934856176376e-03
4.092448856681585312e-03
4.089520778506994247e-03
4.092448856681585312e-03
3.959238063544034958e-03
3.916786052286624908e-03
3.932889085263013840e-03
3.931425046175718307e-03
3.924105782061815262e-03
3.922642208635807037e-03
3.922642208635807037e-03
3.922642208635807037e-03
3.919714130461215973e-03
3.919714130461215973e-03
3.908003214746713638e-03
3.925569821149110794e-03
3.921178169548511505e-03
3.916786052286624908e-03
3.921178169548511505e-03
3.919714130461215973e-03
4.001690074801445007e-03
