3.782111918553709984e-03
3.995834849774837494e-03
4.025111906230449677e-03
4.054388962686061859e-03
4.067563917487859726e-03
4.080737940967082977e-03
4.082201980054378510e-03
4.098305013030767441e-03
4.092448856681585312e-03
4.085130058228969574e-03
4.092448856681585312e-03
4.088058136403560638e-03
4.093912895768880844e-03
4.088058136403560638e-03
4.088058136403560638e-03
4.101232159882783890e-03
4.022183828055858612e-03
3.922642208635807037e-03
3.927032928913831711e-03
3.927032928913831711e-03
3.927032928913831711e-03
3.922642208635807037e-03
3.927032928913831711e-03
3.927032928913831711e-03
3.925569821149110794e-03
3.921178169548511505e-03
3.906539175659418106e-03
3.919714130461215973e-03
3.922642208635807037e-03
3.919714130461215973e-03
3.918250091373920441e-03
3.922642208635807037e-03
3.962166141718626022e-03
3.988515119999647141e-03
4.025111906230449677e-03
4.045606125146150589e-03
4.064635839313268661e-03
4.070491064339876175e-03
4.085130058228969574e-03
4.088058136403560638e-03
4.088058136403560638e-03
4.095376934856176376e-03
4.093912895768880844e-03
4.092448856681585312e-03
4.079273901879787445e-03
4.089520778506994247e-03
4.088058136403560638e-03
4.095376934856176376e-03
3.975341096520423889e-03
3.937279805541038513e-03
3.934353124350309372e-03
3.928496968001127243e-03
3.922642208635807037e-03
3.918250091373920441e-03
3.919714130461215973e-03
3.925569821149110794e-03
3.924105782061815262e-03
3.925569821149110794e-03
3.925569821149110794e-03
3.918250091373920441e-03
3.919714130461215973e-03
3.900683950632810593e-03
3.916786052286624908e-03
3.927032928913831711e-03
3.968020901083946228e-03
3.997297957539558411e-03
4.029503092169761658e-03
4.057317040860652924e-03
4.067563917487859726e-03
4.076347220689058304e-03
4.074883181601762772e-03
4.083666019141674042e-03
4.085130058228969574e-03
4.089520778506994247e-03
4.092448856681585312e-03
4.090984817594289780e-03
4.090984817594289780e-03
4.093912895768880844e-03
4.090984817594289780e-03
4.086594097316265106e-03
3.941671922802925110e-03
3.937279805541038513e-03
3.934353124350309372e-03
3.927032928913831711e-03
3.924105782061815262e-03
3.918250091373920441e-03
3.919714130461215973e-03
3.913858905434608459e-03
3.924105782061815262e-03
3.919714130461215973e-03
3.919714130461215973e-03
3.922642208635807037e-03
3.918250091373920441e-03
3.918250091373920441e-03
3.919714130461215973e-03
3.921178169548511505e-03
3.991443198174238205e-03
