4.718979820609092712e-03
4.730691201984882355e-03
4.736545961350202560e-03
4.733617883175611496e-03
4.732154775410890579e-03
4.735081922262907028e-03
4.730691201984882355e-03
4.727763123810291290e-03
4.738010000437498093e-03
4.735081922262907028e-03
4.732154775410890579e-03
4.732154775410890579e-03
4.733617883175611496e-03
4.729227162897586823e-03
4.735081922262907028e-03
4.717515781521797180e-03
4.721907898783683777e-03
4.736545961350202560e-03
4.754112102091312408e-03
4.770215135067701340e-03
4.777533933520317078e-03
4.777533933520317078e-03
4.786316771060228348e-03
4.762895870953798294e-03
4.776069894433021545e-03
4.778997972607612610e-03
4.777533933520317078e-03
4.778997972607612610e-03
4.783390089869499207e-03
4.784853197634220123e-03
4.778997972607612610e-03
4.754112102091312408e-03
4.783390089869499207e-03
4.748256877064704895e-03
4.727763123810291290e-03
4.730691201984882355e-03
4.726299084722995758e-03
4.730691201984882355e-03
4.729227162897586823e-03
4.729227162897586823e-03
4.716052208095788956e-03
4.727763123810291290e-03
4.718979820609092712e-03
4.721907898783683777e-03
4.721907898783683777e-03
4.724835045635700226e-03
4.721907898783683777e-03
4.721907898783683777e-03
4.699950106441974640e-03
4.724835045635700226e-03
4.736545961350202560e-03
4.751184955239295959e-03
4.755576141178607941e-03
4.755576141178607941e-03
4.757040180265903473e-03
4.762895870953798294e-03
4.757040180265903473e-03
4.759967792779207230e-03
4.767287056893110275e-03
4.768751095980405807e-03
4.771679174154996872e-03
4.759967792779207230e-03
4.758504219353199005e-03
4.759967792779207230e-03
4.751184955239295959e-03
4.732154775410890579e-03
4.707268904894590378e-03
4.718979820609092712e-03
4.708732943981885910e-03
4.704340826719999313e-03
4.697022028267383575e-03
4.697022028267383575e-03
4.694093950092792511e-03
4.695557989180088043e-03
4.705804865807294846e-03
4.698486067354679108e-03
4.692629911005496979e-03
4.683847073465585709e-03
4.680919926613569260e-03
4.676527809351682663e-03
4.658962134271860123e-03
4.650178831070661545e-03
4.675063770264387131e-03
4.677991848438978195e-03
4.685311112552881241e-03
4.683847073465585709e-03
4.685311112552881241e-03
4.682383034378290176e-03
4.685311112552881241e-03
4.672136157751083374e-03
4.694093950092792511e-03
4.707268904894590378e-03
4.694093950092792511e-03
4.688239190727472305e-03
4.685311112552881241e-03
4.680919926613569260e-03
4.481834825128316879e-03
