4.456948954612016678e-03
4.474516026675701141e-03
4.471587948501110077e-03
4.455485846847295761e-03
4.477443173527717590e-03
4.480370786041021347e-03
4.486226942390203476e-03
4.483298864215612411e-03
4.486226942390203476e-03
4.490618128329515457e-03
4.489154089242219925e-03
4.495009779930114746e-03
4.487690050154924393e-03
4.497936926782131195e-03
4.495009779930114746e-03
4.496473819017410278e-03
4.492082167416810989e-03
4.495009779930114746e-03
4.490618128329515457e-03
4.500865004956722260e-03
4.489154089242219925e-03
4.499400965869426727e-03
4.497936926782131195e-03
4.497936926782131195e-03
4.496473819017410278e-03
4.495009779930114746e-03
4.499400965869426727e-03
4.497936926782131195e-03
4.490618128329515457e-03
4.490618128329515457e-03
4.497936926782131195e-03
4.500865004956722260e-03
4.515503998845815659e-03
4.506721161305904388e-03
4.502329044044017792e-03
4.505257122218608856e-03
4.496473819017410278e-03
4.497936926782131195e-03
4.495009779930114746e-03
4.490618128329515457e-03
4.499400965869426727e-03
4.500865004956722260e-03
4.499400965869426727e-03
4.500865004956722260e-03
4.489154089242219925e-03
4.493546206504106522e-03
4.495009779930114746e-03
4.535998217761516571e-03
4.484762903302907944e-03
4.495009779930114746e-03
4.499400965869426727e-03
4.499400965869426727e-03
4.490618128329515457e-03
4.492082167416810989e-03
4.493546206504106522e-03
4.490618128329515457e-03
4.496473819017410278e-03
4.493546206504106522e-03
4.496473819017410278e-03
4.496473819017410278e-03
4.487690050154924393e-03
4.496473819017410278e-03
4.496473819017410278e-03
4.525750875473022461e-03
4.506721161305904388e-03
4.502329044044017792e-03
4.496473819017410278e-03
4.500865004956722260e-03
4.497936926782131195e-03
4.497936926782131195e-03
4.496473819017410278e-03
4.497936926782131195e-03
4.493546206504106522e-03
4.495009779930114746e-03
4.496473819017410278e-03
4.495009779930114746e-03
4.478907212615013123e-03
4.495009779930114746e-03
4.496473819017410278e-03
4.481834825128316879e-03
4.484762903302907944e-03
4.497936926782131195e-03
4.493546206504106522e-03
4.490618128329515457e-03
4.480370786041021347e-03
4.490618128329515457e-03
4.496473819017410278e-03
4.495009779930114746e-03
4.492082167416810989e-03
4.493546206504106522e-03
4.493546206504106522e-03
4.495009779930114746e-03
4.480370786041021347e-03
4.490618128329515457e-03
4.490618128329515457e-03
4.486226942390203476e-03
4.269576165825128555e-03
