3.938743844628334045e-03
3.988515119999647141e-03
4.023647867143154144e-03
4.041214007884263992e-03
4.071955103427171707e-03
4.082201980054378510e-03
4.086594097316265106e-03
4.088058136403560638e-03
4.088058136403560638e-03
4.092448856681585312e-03
4.093912895768880844e-03
4.093912895768880844e-03
4.089520778506994247e-03
4.095376934856176376e-03
4.089520778506994247e-03
4.092448856681585312e-03
4.067563917487859726e-03
3.918250091373920441e-03
3.938743844628334045e-03
3.935817163437604904e-03
3.916786052286624908e-03
3.921178169548511505e-03
3.924105782061815262e-03
3.918250091373920441e-03
3.919714130461215973e-03
3.918250091373920441e-03
3.922642208635807037e-03
3.919714130461215973e-03
3.922642208635807037e-03
3.903612028807401657e-03
3.919714130461215973e-03
3.918250091373920441e-03
3.969484940171241760e-03
3.988515119999647141e-03
4.023647867143154144e-03
4.048532806336879730e-03
4.069027025252580643e-03
4.079273901879787445e-03
4.066099878400564194e-03
4.085130058228969574e-03
4.088058136403560638e-03
4.088058136403560638e-03
4.090984817594289780e-03
4.095376934856176376e-03
4.093912895768880844e-03
4.095376934856176376e-03
4.089520778506994247e-03
4.079273901879787445e-03
3.978267777711153030e-03
3.934353124350309372e-03
3.937279805541038513e-03
3.928496968001127243e-03
3.925569821149110794e-03
3.924105782061815262e-03
3.921178169548511505e-03
3.921178169548511505e-03
3.918250091373920441e-03
3.922642208635807037e-03
3.919714130461215973e-03
3.919714130461215973e-03
3.922642208635807037e-03
3.918250091373920441e-03
3.922642208635807037e-03
3.916786052286624908e-03
3.950455226004123688e-03
3.992906771600246429e-03
4.025111906230449677e-03
4.052924923598766327e-03
4.069027025252580643e-03
4.076347220689058304e-03
4.079273901879787445e-03
4.083666019141674042e-03
4.089520778506994247e-03
4.079273901879787445e-03
4.092448856681585312e-03
4.092448856681585312e-03
4.089520778506994247e-03
4.089520778506994247e-03
4.092448856681585312e-03
4.093912895768880844e-03
3.960702102631330490e-03
3.935817163437604904e-03
3.924105782061815262e-03
3.924105782061815262e-03
3.919714130461215973e-03
3.922642208635807037e-03
3.919714130461215973e-03
3.922642208635807037e-03
3.924105782061815262e-03
3.922642208635807037e-03
3.908003214746713638e-03
3.912394866347312927e-03
3.919714130461215973e-03
3.918250091373920441e-03
3.929961007088422775e-03
3.924105782061815262e-03
3.943135961890220642e-03
