3.991443198174238205e-03
4.004618152976036072e-03
4.033895209431648254e-03
4.058780148625373840e-03
4.071955103427171707e-03
4.071955103427171707e-03
4.088058136403560638e-03
4.093912895768880844e-03
4.093912895768880844e-03
4.093912895768880844e-03
4.095376934856176376e-03
4.096840973943471909e-03
4.092448856681585312e-03
4.077810794115066528e-03
4.092448856681585312e-03
4.098305013030767441e-03
3.979731816798448563e-03
3.934353124350309372e-03
3.938743844628334045e-03
3.928496968001127243e-03
3.929961007088422775e-03
3.932889085263013840e-03
3.905076067894697189e-03
3.919714130461215973e-03
3.925569821149110794e-03
3.928496968001127243e-03
3.925569821149110794e-03
3.929961007088422775e-03
3.921178169548511505e-03
3.921178169548511505e-03
3.924105782061815262e-03
3.913858905434608459e-03
3.962166141718626022e-03
3.997297957539558411e-03
4.033895209431648254e-03
4.061708226799964905e-03
4.076347220689058304e-03
4.082201980054378510e-03
4.089520778506994247e-03
4.089520778506994247e-03
4.083666019141674042e-03
4.089520778506994247e-03
4.089520778506994247e-03
4.090984817594289780e-03
4.092448856681585312e-03
4.095376934856176376e-03
4.102696198970079422e-03
4.093912895768880844e-03
3.947527147829532623e-03
3.929961007088422775e-03
3.932889085263013840e-03
3.927032928913831711e-03
3.924105782061815262e-03
3.922642208635807037e-03
3.922642208635807037e-03
3.924105782061815262e-03
3.921178169548511505e-03
3.906539175659418106e-03
3.921178169548511505e-03
3.921178169548511505e-03
3.918250091373920441e-03
3.922642208635807037e-03
3.922642208635807037e-03
3.921178169548511505e-03
3.968020901083946228e-03
4.006082192063331604e-03
4.035358782857656479e-03
4.060244187712669373e-03
4.071955103427171707e-03
4.085130058228969574e-03
4.089520778506994247e-03
4.092448856681585312e-03
4.092448856681585312e-03
4.088058136403560638e-03
4.089520778506994247e-03
4.085130058228969574e-03
4.093912895768880844e-03
4.095376934856176376e-03
4.093912895768880844e-03
4.092448856681585312e-03
3.928496968001127243e-03
3.935817163437604904e-03
3.929961007088422775e-03
3.915322944521903992e-03
3.916786052286624908e-03
3.916786052286624908e-03
3.916786052286624908e-03
3.921178169548511505e-03
3.924105782061815262e-03
3.924105782061815262e-03
3.922642208635807037e-03
3.924105782061815262e-03
3.903612028807401657e-03
3.919714130461215973e-03
3.916786052286624908e-03
3.916786052286624908e-03
3.962166141718626022e-03
