3.940207883715629578e-03
3.994370810687541962e-03
4.019256215542554855e-03
4.049996845424175262e-03
4.073419142514467239e-03
4.082201980054378510e-03
4.080737940967082977e-03
4.088058136403560638e-03
4.088058136403560638e-03
4.092448856681585312e-03
4.095376934856176376e-03
4.092448856681585312e-03
4.092448856681585312e-03
4.095376934856176376e-03
4.085130058228969574e-03
4.093912895768880844e-03
4.112943075597286224e-03
3.922642208635807037e-03
3.935817163437604904e-03
3.931425046175718307e-03
3.927032928913831711e-03
3.924105782061815262e-03
3.928496968001127243e-03
3.912394866347312927e-03
3.922642208635807037e-03
3.925569821149110794e-03
3.924105782061815262e-03
3.922642208635807037e-03
3.925569821149110794e-03
3.924105782061815262e-03
3.919714130461215973e-03
3.922642208635807037e-03
3.954846877604722977e-03
3.988515119999647141e-03
4.022183828055858612e-03
4.054388962686061859e-03
4.069027025252580643e-03
4.076347220689058304e-03
4.088058136403560638e-03
4.088058136403560638e-03
4.079273901879787445e-03
4.095376934856176376e-03
4.092448856681585312e-03
4.092448856681585312e-03
4.093912895768880844e-03
4.095376934856176376e-03
4.095376934856176376e-03
4.093912895768880844e-03
3.987051080912351608e-03
3.913858905434608459e-03
3.938743844628334045e-03
3.934353124350309372e-03
3.929961007088422775e-03
3.927032928913831711e-03
3.925569821149110794e-03
3.925569821149110794e-03
3.921178169548511505e-03
3.925569821149110794e-03
3.918250091373920441e-03
3.924105782061815262e-03
3.925569821149110794e-03
3.927032928913831711e-03
3.925569821149110794e-03
3.927032928913831711e-03
3.966556861996650696e-03
3.995834849774837494e-03
4.013400990515947342e-03
4.048532806336879730e-03
4.073419142514467239e-03
4.082201980054378510e-03
4.088058136403560638e-03
4.089520778506994247e-03
4.093912895768880844e-03
4.093912895768880844e-03
4.092448856681585312e-03
4.080737940967082977e-03
4.089520778506994247e-03
4.090984817594289780e-03
4.090984817594289780e-03
4.092448856681585312e-03
3.963630180805921555e-03
3.940207883715629578e-03
3.934353124350309372e-03
3.932889085263013840e-03
3.915322944521903992e-03
3.927032928913831711e-03
3.921178169548511505e-03
3.916786052286624908e-03
3.927032928913831711e-03
3.927032928913831711e-03
3.925569821149110794e-03
3.927032928913831711e-03
3.902147989720106125e-03
3.921178169548511505e-03
3.924105782061815262e-03
3.924105782061815262e-03
4.092448856681585312e-03
