4.723371006548404694e-03
4.727763123810291290e-03
4.729227162897586823e-03
4.733617883175611496e-03
4.736545961350202560e-03
4.736545961350202560e-03
4.740938078612089157e-03
4.729227162897586823e-03
4.732154775410890579e-03
4.735081922262907028e-03
4.730691201984882355e-03
4.729227162897586823e-03
4.730691201984882355e-03
4.726299084722995758e-03
4.732154775410890579e-03
4.713124129921197891e-03
4.718979820609092712e-03
4.742402117699384689e-03
4.761431831866502762e-03
4.773143213242292404e-03
4.778997972607612610e-03
4.780462011694908142e-03
4.780462011694908142e-03
4.759967792779207230e-03
4.783390089869499207e-03
4.778997972607612610e-03
4.781926050782203674e-03
4.784853197634220123e-03
4.781926050782203674e-03
4.783390089869499207e-03
4.778997972607612610e-03
4.764358978718519211e-03
4.767287056893110275e-03
4.739474039524793625e-03
4.730691201984882355e-03
4.736545961350202560e-03
4.730691201984882355e-03
4.732154775410890579e-03
4.730691201984882355e-03
4.730691201984882355e-03
4.716052208095788956e-03
4.727763123810291290e-03
4.732154775410890579e-03
4.730691201984882355e-03
4.729227162897586823e-03
4.729227162897586823e-03
4.724835045635700226e-03
4.724835045635700226e-03
4.716052208095788956e-03
4.729227162897586823e-03
4.742402117699384689e-03
4.761431831866502762e-03
4.764358978718519211e-03
4.759967792779207230e-03
4.764358978718519211e-03
4.765823017805814743e-03
4.743865225464105606e-03
4.767287056893110275e-03
4.770215135067701340e-03
4.770215135067701340e-03
4.770215135067701340e-03
4.770215135067701340e-03
4.767287056893110275e-03
4.767287056893110275e-03
4.724835045635700226e-03
4.729227162897586823e-03
4.721907898783683777e-03
4.711661022156476974e-03
4.714588169008493423e-03
4.714588169008493423e-03
4.713124129921197891e-03
4.708732943981885910e-03
4.704340826719999313e-03
4.698486067354679108e-03
4.699950106441974640e-03
4.697022028267383575e-03
4.695557989180088043e-03
4.695557989180088043e-03
4.694093950092792511e-03
4.790708888322114944e-03
4.677991848438978195e-03
4.658962134271860123e-03
4.683847073465585709e-03
4.688239190727472305e-03
4.689703229814767838e-03
4.691166803240776062e-03
4.694093950092792511e-03
4.698486067354679108e-03
4.699950106441974640e-03
4.673600196838378906e-03
4.699950106441974640e-03
4.697022028267383575e-03
4.695557989180088043e-03
4.691166803240776062e-03
4.692629911005496979e-03
4.689703229814767838e-03
4.492082167416810989e-03
