4.099768120795488358e-03
4.235906992107629776e-03
4.231514874845743179e-03
4.232978913933038712e-03
4.241762217134237289e-03
4.246153868734836578e-03
4.247617907822132111e-03
4.246153868734836578e-03
4.222732037305831909e-03
4.241762217134237289e-03
4.241762217134237289e-03
4.240299109369516373e-03
4.241762217134237289e-03
4.238835070282220840e-03
4.250545985996723175e-03
4.249081946909427643e-03
4.219804890453815460e-03
4.222732037305831909e-03
4.230052232742309570e-03
4.228588193655014038e-03
4.228588193655014038e-03
4.234442953020334244e-03
4.224196076393127441e-03
4.230052232742309570e-03
4.211021121591329575e-03
4.228588193655014038e-03
4.237371031194925308e-03
4.231514874845743179e-03
4.228588193655014038e-03
4.234442953020334244e-03
4.231514874845743179e-03
4.235906992107629776e-03
4.230052232742309570e-03
4.244689829647541046e-03
4.237371031194925308e-03
4.244689829647541046e-03
4.244689829647541046e-03
4.241762217134237289e-03
4.243225790560245514e-03
4.244689829647541046e-03
4.240299109369516373e-03
4.232978913933038712e-03
4.240299109369516373e-03
4.235906992107629776e-03
4.235906992107629776e-03
4.243225790560245514e-03
4.244689829647541046e-03
4.244689829647541046e-03
4.228588193655014038e-03
4.216876812279224396e-03
4.228588193655014038e-03
4.224196076393127441e-03
4.230052232742309570e-03
4.225660115480422974e-03
4.231514874845743179e-03
4.232978913933038712e-03
4.234442953020334244e-03
4.215412773191928864e-03
4.228588193655014038e-03
4.234442953020334244e-03
4.231514874845743179e-03
4.232978913933038712e-03
4.232978913933038712e-03
4.232978913933038712e-03
4.257864784449338913e-03
4.240299109369516373e-03
4.244689829647541046e-03
4.238835070282220840e-03
4.246153868734836578e-03
4.243225790560245514e-03
4.238835070282220840e-03
4.241762217134237289e-03
4.238835070282220840e-03
4.212485160678625107e-03
4.231514874845743179e-03
4.240299109369516373e-03
4.237371031194925308e-03
4.241762217134237289e-03
4.247617907822132111e-03
4.238835070282220840e-03
4.221267998218536377e-03
4.227124154567718506e-03
4.216876812279224396e-03
4.227124154567718506e-03
4.227124154567718506e-03
4.235906992107629776e-03
4.232978913933038712e-03
4.232978913933038712e-03
4.232978913933038712e-03
4.227124154567718506e-03
4.222732037305831909e-03
4.228588193655014038e-03
4.228588193655014038e-03
4.228588193655014038e-03
4.225660115480422974e-03
4.234442953020334244e-03
4.254937171936035156e-03
