3.944600000977516174e-03
3.988515119999647141e-03
4.029503092169761658e-03
4.058780148625373840e-03
4.076347220689058304e-03
4.079273901879787445e-03
4.083666019141674042e-03
4.086594097316265106e-03
4.088058136403560638e-03
4.088058136403560638e-03
4.085130058228969574e-03
4.088058136403560638e-03
4.092448856681585312e-03
4.098305013030767441e-03
4.092448856681585312e-03
4.090984817594289780e-03
3.982659894973039627e-03
3.928496968001127243e-03
3.918250091373920441e-03
3.925569821149110794e-03
3.924105782061815262e-03
3.924105782061815262e-03
3.922642208635807037e-03
3.924105782061815262e-03
3.921178169548511505e-03
3.919714130461215973e-03
3.921178169548511505e-03
3.912394866347312927e-03
3.913858905434608459e-03
3.924105782061815262e-03
3.924105782061815262e-03
3.921178169548511505e-03
3.965094219893217087e-03
3.998761996626853943e-03
4.028039053082466125e-03
4.054388962686061859e-03
4.060244187712669373e-03
4.074883181601762772e-03
4.083666019141674042e-03
4.089520778506994247e-03
4.088058136403560638e-03
4.089520778506994247e-03
4.092448856681585312e-03
4.093912895768880844e-03
4.076347220689058304e-03
4.086594097316265106e-03
4.093912895768880844e-03
4.089520778506994247e-03
3.947527147829532623e-03
3.932889085263013840e-03
3.928496968001127243e-03
3.924105782061815262e-03
3.924105782061815262e-03
3.915322944521903992e-03
3.918250091373920441e-03
3.916786052286624908e-03
3.915322944521903992e-03
3.916786052286624908e-03
3.921178169548511505e-03
3.924105782061815262e-03
3.918250091373920441e-03
3.919714130461215973e-03
3.915322944521903992e-03
3.918250091373920441e-03
3.966556861996650696e-03
4.000226035714149475e-03
4.035358782857656479e-03
4.060244187712669373e-03
4.073419142514467239e-03
4.085130058228969574e-03
4.064635839313268661e-03
4.083666019141674042e-03
4.089520778506994247e-03
4.088058136403560638e-03
4.093912895768880844e-03
4.090984817594289780e-03
4.093912895768880844e-03
4.093912895768880844e-03
4.093912895768880844e-03
4.077810794115066528e-03
3.921178169548511505e-03
3.929961007088422775e-03
3.924105782061815262e-03
3.922642208635807037e-03
3.919714130461215973e-03
3.924105782061815262e-03
3.925569821149110794e-03
3.919714130461215973e-03
3.908003214746713638e-03
3.918250091373920441e-03
3.918250091373920441e-03
3.916786052286624908e-03
3.918250091373920441e-03
3.913858905434608459e-03
3.916786052286624908e-03
3.918250091373920441e-03
3.912394866347312927e-03
