4.730691201984882355e-03
4.732154775410890579e-03
4.735081922262907028e-03
4.732154775410890579e-03
4.732154775410890579e-03
4.736545961350202560e-03
4.739474039524793625e-03
4.735081922262907028e-03
4.726299084722995758e-03
4.727763123810291290e-03
4.735081922262907028e-03
4.732154775410890579e-03
4.732154775410890579e-03
4.733617883175611496e-03
4.730691201984882355e-03
4.730691201984882355e-03
4.730691201984882355e-03
4.742402117699384689e-03
4.768751095980405807e-03
4.776069894433021545e-03
4.780462011694908142e-03
4.780462011694908142e-03
4.780462011694908142e-03
4.776069894433021545e-03
4.764358978718519211e-03
4.783390089869499207e-03
4.784853197634220123e-03
4.781926050782203674e-03
4.781926050782203674e-03
4.781926050782203674e-03
4.780462011694908142e-03
4.783390089869499207e-03
4.771679174154996872e-03
4.742402117699384689e-03
4.736545961350202560e-03
4.736545961350202560e-03
4.729227162897586823e-03
4.732154775410890579e-03
4.730691201984882355e-03
4.729227162897586823e-03
4.726299084722995758e-03
4.717515781521797180e-03
4.718979820609092712e-03
4.720443859696388245e-03
4.727763123810291290e-03
4.724835045635700226e-03
4.727763123810291290e-03
4.727763123810291290e-03
4.716052208095788956e-03
4.705804865807294846e-03
4.748256877064704895e-03
4.762895870953798294e-03
4.765823017805814743e-03
4.768751095980405807e-03
4.776069894433021545e-03
4.771679174154996872e-03
4.773143213242292404e-03
4.743865225464105606e-03
4.771679174154996872e-03
4.767287056893110275e-03
4.770215135067701340e-03
4.770215135067701340e-03
4.768751095980405807e-03
4.824378062039613724e-03
4.764358978718519211e-03
4.705804865807294846e-03
4.727763123810291290e-03
4.720443859696388245e-03
4.717515781521797180e-03
4.716052208095788956e-03
4.710196983069181442e-03
4.714588169008493423e-03
4.710196983069181442e-03
4.724835045635700226e-03
4.713124129921197891e-03
4.705804865807294846e-03
4.705804865807294846e-03
4.699950106441974640e-03
4.702876787632703781e-03
4.694093950092792511e-03
4.682383034378290176e-03
4.683847073465585709e-03
4.670673049986362457e-03
4.705804865807294846e-03
4.718979820609092712e-03
4.726299084722995758e-03
4.710196983069181442e-03
4.713124129921197891e-03
4.707268904894590378e-03
4.710196983069181442e-03
4.689703229814767838e-03
4.717515781521797180e-03
4.717515781521797180e-03
4.724835045635700226e-03
4.720443859696388245e-03
4.716052208095788956e-03
4.483298864215612411e-03
