3.978267777711153030e-03
4.019256215542554855e-03
4.047070164233446121e-03
4.064635839313268661e-03
4.076347220689058304e-03
4.085130058228969574e-03
4.069027025252580643e-03
4.089520778506994247e-03
4.093912895768880844e-03
4.092448856681585312e-03
4.090984817594289780e-03
4.098305013030767441e-03
4.090984817594289780e-03
4.089520778506994247e-03
4.090984817594289780e-03
4.083666019141674042e-03
3.924105782061815262e-03
3.931425046175718307e-03
3.929961007088422775e-03
3.927032928913831711e-03
3.922642208635807037e-03
3.925569821149110794e-03
3.922642208635807037e-03
3.906539175659418106e-03
3.918250091373920441e-03
3.924105782061815262e-03
3.927032928913831711e-03
3.922642208635807037e-03
3.921178169548511505e-03
3.925569821149110794e-03
3.918250091373920441e-03
3.922642208635807037e-03
3.970948979258537292e-03
4.011936951428651810e-03
4.038285929709672928e-03
4.061708226799964905e-03
4.073419142514467239e-03
4.080737940967082977e-03
4.088058136403560638e-03
4.090984817594289780e-03
4.092448856681585312e-03
4.080737940967082977e-03
4.088058136403560638e-03
4.089520778506994247e-03
4.092448856681585312e-03
4.092448856681585312e-03
4.090984817594289780e-03
4.017792176455259323e-03
3.925569821149110794e-03
3.938743844628334045e-03
3.925569821149110794e-03
3.927032928913831711e-03
3.922642208635807037e-03
3.918250091373920441e-03
3.915322944521903992e-03
3.919714130461215973e-03
3.921178169548511505e-03
3.915322944521903992e-03
3.896292066201567650e-03
3.916786052286624908e-03
3.919714130461215973e-03
3.919714130461215973e-03
3.924105782061815262e-03
3.951918799430131912e-03
3.984123934060335159e-03
4.020719788968563080e-03
4.042678046971559525e-03
4.045606125146150589e-03
4.074883181601762772e-03
4.083666019141674042e-03
4.083666019141674042e-03
4.088058136403560638e-03
4.089520778506994247e-03
4.089520778506994247e-03
4.090984817594289780e-03
4.086594097316265106e-03
4.077810794115066528e-03
4.095376934856176376e-03
4.092448856681585312e-03
3.976804204285144806e-03
3.929961007088422775e-03
3.931425046175718307e-03
3.924105782061815262e-03
3.924105782061815262e-03
3.922642208635807037e-03
3.913858905434608459e-03
3.918250091373920441e-03
3.919714130461215973e-03
3.919714130461215973e-03
3.925569821149110794e-03
3.919714130461215973e-03
3.919714130461215973e-03
3.921178169548511505e-03
3.902147989720106125e-03
3.919714130461215973e-03
3.919714130461215973e-03
3.959238063544034958e-03
