3.988515119999647141e-03
4.006082192063331604e-03
4.036822821944952011e-03
4.057317040860652924e-03
4.066099878400564194e-03
4.086594097316265106e-03
4.088058136403560638e-03
4.074883181601762772e-03
4.090984817594289780e-03
4.093912895768880844e-03
4.088058136403560638e-03
4.092448856681585312e-03
4.093912895768880844e-03
4.090984817594289780e-03
4.092448856681585312e-03
4.095376934856176376e-03
3.946064040064811707e-03
3.934353124350309372e-03
3.934353124350309372e-03
3.919714130461215973e-03
3.921178169548511505e-03
3.921178169548511505e-03
3.916786052286624908e-03
3.918250091373920441e-03
3.918250091373920441e-03
3.910930827260017395e-03
3.925569821149110794e-03
3.921178169548511505e-03
3.918250091373920441e-03
3.924105782061815262e-03
3.919714130461215973e-03
3.915322944521903992e-03
3.962166141718626022e-03
3.994370810687541962e-03
4.029503092169761658e-03
4.052924923598766327e-03
4.073419142514467239e-03
4.082201980054378510e-03
4.082201980054378510e-03
4.086594097316265106e-03
4.088058136403560638e-03
4.092448856681585312e-03
4.088058136403560638e-03
4.080737940967082977e-03
4.095376934856176376e-03
4.093912895768880844e-03
4.093912895768880844e-03
4.093912895768880844e-03
3.932889085263013840e-03
3.931425046175718307e-03
3.927032928913831711e-03
3.908003214746713638e-03
3.916786052286624908e-03
3.918250091373920441e-03
3.921178169548511505e-03
3.922642208635807037e-03
3.919714130461215973e-03
3.918250091373920441e-03
3.922642208635807037e-03
3.916786052286624908e-03
3.908003214746713638e-03
3.915322944521903992e-03
3.918250091373920441e-03
3.915322944521903992e-03
3.972413018345832825e-03
4.010472912341356277e-03
4.038285929709672928e-03
4.063171800225973129e-03
4.071955103427171707e-03
4.071955103427171707e-03
4.083666019141674042e-03
4.083666019141674042e-03
4.093912895768880844e-03
4.093912895768880844e-03
4.092448856681585312e-03
4.090984817594289780e-03
4.093912895768880844e-03
4.077810794115066528e-03
4.089520778506994247e-03
4.048532806336879730e-03
3.919714130461215973e-03
3.931425046175718307e-03
3.934353124350309372e-03
3.929961007088422775e-03
3.922642208635807037e-03
3.919714130461215973e-03
3.912394866347312927e-03
3.916786052286624908e-03
3.919714130461215973e-03
3.919714130461215973e-03
3.915322944521903992e-03
3.916786052286624908e-03
3.922642208635807037e-03
3.921178169548511505e-03
3.921178169548511505e-03
3.915322944521903992e-03
3.929961007088422775e-03
