3.979731816798448563e-03
4.022183828055858612e-03
4.048532806336879730e-03
4.069027025252580643e-03
4.077810794115066528e-03
4.082201980054378510e-03
4.089520778506994247e-03
4.086594097316265106e-03
4.088058136403560638e-03
4.090984817594289780e-03
4.098305013030767441e-03
4.092448856681585312e-03
4.090984817594289780e-03
4.092448856681585312e-03
4.092448856681585312e-03
4.092448856681585312e-03
3.924105782061815262e-03
3.910930827260017395e-03
3.924105782061815262e-03
3.925569821149110794e-03
3.924105782061815262e-03
3.925569821149110794e-03
3.924105782061815262e-03
3.921178169548511505e-03
3.916786052286624908e-03
3.919714130461215973e-03
3.906539175659418106e-03
3.919714130461215973e-03
3.916786052286624908e-03
3.922642208635807037e-03
3.924105782061815262e-03
3.943135961890220642e-03
3.984123934060335159e-03
4.020719788968563080e-03
4.047070164233446121e-03
4.057317040860652924e-03
4.073419142514467239e-03
4.079273901879787445e-03
4.080737940967082977e-03
4.088058136403560638e-03
4.092448856681585312e-03
4.093912895768880844e-03
4.092448856681585312e-03
4.080737940967082977e-03
4.085130058228969574e-03
4.089520778506994247e-03
4.089520778506994247e-03
3.982659894973039627e-03
3.929961007088422775e-03
3.932889085263013840e-03
3.931425046175718307e-03
3.928496968001127243e-03
3.906539175659418106e-03
3.918250091373920441e-03
3.924105782061815262e-03
3.919714130461215973e-03
3.916786052286624908e-03
3.924105782061815262e-03
3.925569821149110794e-03
3.922642208635807037e-03
3.925569821149110794e-03
3.912394866347312927e-03
3.918250091373920441e-03
3.954846877604722977e-03
3.991443198174238205e-03
4.023647867143154144e-03
4.045606125146150589e-03
4.063171800225973129e-03
4.074883181601762772e-03
4.082201980054378510e-03
4.080737940967082977e-03
4.092448856681585312e-03
4.089520778506994247e-03
4.092448856681585312e-03
4.095376934856176376e-03
4.092448856681585312e-03
4.093912895768880844e-03
4.092448856681585312e-03
4.070491064339876175e-03
3.953382838517427444e-03
3.938743844628334045e-03
3.931425046175718307e-03
3.928496968001127243e-03
3.925569821149110794e-03
3.921178169548511505e-03
3.922642208635807037e-03
3.919714130461215973e-03
3.908003214746713638e-03
3.912394866347312927e-03
3.915322944521903992e-03
3.919714130461215973e-03
3.922642208635807037e-03
3.921178169548511505e-03
3.924105782061815262e-03
3.921178169548511505e-03
4.016329068690538406e-03
