3.981195855885744095e-03
4.022183828055858612e-03
4.033895209431648254e-03
4.060244187712669373e-03
4.076347220689058304e-03
4.082201980054378510e-03
4.089520778506994247e-03
4.086594097316265106e-03
4.092448856681585312e-03
4.089520778506994247e-03
4.095376934856176376e-03
4.082201980054378510e-03
4.095376934856176376e-03
4.090984817594289780e-03
4.090984817594289780e-03
4.089520778506994247e-03
3.931425046175718307e-03
3.934353124350309372e-03
3.928496968001127243e-03
3.924105782061815262e-03
3.909466788172721863e-03
3.924105782061815262e-03
3.922642208635807037e-03
3.921178169548511505e-03
3.922642208635807037e-03
3.922642208635807037e-03
3.915322944521903992e-03
3.919714130461215973e-03
3.897756105288863182e-03
3.913858905434608459e-03
3.921178169548511505e-03
3.925569821149110794e-03
3.979731816798448563e-03
4.014865029603242874e-03
4.044142086058855057e-03
4.064635839313268661e-03
4.071955103427171707e-03
4.066099878400564194e-03
4.082201980054378510e-03
4.083666019141674042e-03
4.098305013030767441e-03
4.096840973943471909e-03
4.090984817594289780e-03
4.090984817594289780e-03
4.093912895768880844e-03
4.089520778506994247e-03
4.079273901879787445e-03
4.049996845424175262e-03
3.922642208635807037e-03
3.932889085263013840e-03
3.931425046175718307e-03
3.925569821149110794e-03
3.927032928913831711e-03
3.924105782061815262e-03
3.919714130461215973e-03
3.913858905434608459e-03
3.918250091373920441e-03
3.915322944521903992e-03
3.916786052286624908e-03
3.921178169548511505e-03
3.928496968001127243e-03
3.921178169548511505e-03
3.919714130461215973e-03
3.954846877604722977e-03
3.978267777711153030e-03
4.020719788968563080e-03
4.042678046971559525e-03
4.064635839313268661e-03
4.079273901879787445e-03
4.088058136403560638e-03
4.092448856681585312e-03
4.089520778506994247e-03
4.082201980054378510e-03
4.092448856681585312e-03
4.088058136403560638e-03
4.089520778506994247e-03
4.092448856681585312e-03
4.104159772396087646e-03
4.095376934856176376e-03
3.987051080912351608e-03
3.924105782061815262e-03
3.919714130461215973e-03
3.922642208635807037e-03
3.921178169548511505e-03
3.921178169548511505e-03
3.921178169548511505e-03
3.916786052286624908e-03
3.924105782061815262e-03
3.918250091373920441e-03
3.899219911545515060e-03
3.916786052286624908e-03
3.918250091373920441e-03
3.918250091373920441e-03
3.927032928913831711e-03
3.916786052286624908e-03
3.916786052286624908e-03
3.957774024456739426e-03
