4.727763123810291290e-03
4.724835045635700226e-03
4.732154775410890579e-03
4.735081922262907028e-03
4.735081922262907028e-03
4.736545961350202560e-03
4.733617883175611496e-03
4.730691201984882355e-03
4.707268904894590378e-03
4.726299084722995758e-03
4.729227162897586823e-03
4.738010000437498093e-03
4.733617883175611496e-03
4.732154775410890579e-03
4.730691201984882355e-03
4.732154775410890579e-03
4.723371006548404694e-03
4.735081922262907028e-03
4.761431831866502762e-03
4.770215135067701340e-03
4.778997972607612610e-03
4.783390089869499207e-03
4.780462011694908142e-03
4.784853197634220123e-03
4.762895870953798294e-03
4.771679174154996872e-03
4.776069894433021545e-03
4.773143213242292404e-03
4.774605855345726013e-03
4.783390089869499207e-03
4.789244849234819412e-03
4.778997972607612610e-03
4.773143213242292404e-03
4.743865225464105606e-03
4.726299084722995758e-03
4.730691201984882355e-03
4.727763123810291290e-03
4.724835045635700226e-03
4.724835045635700226e-03
4.729227162897586823e-03
4.724835045635700226e-03
4.707268904894590378e-03
4.726299084722995758e-03
4.721907898783683777e-03
4.723371006548404694e-03
4.724835045635700226e-03
4.721907898783683777e-03
4.727763123810291290e-03
4.711661022156476974e-03
4.713124129921197891e-03
4.723371006548404694e-03
4.738010000437498093e-03
4.746792837977409363e-03
4.748256877064704895e-03
4.757040180265903473e-03
4.761431831866502762e-03
4.765823017805814743e-03
4.765823017805814743e-03
4.765823017805814743e-03
4.768751095980405807e-03
4.762895870953798294e-03
4.762895870953798294e-03
4.759967792779207230e-03
4.762895870953798294e-03
4.754112102091312408e-03
4.699950106441974640e-03
4.718979820609092712e-03
4.720443859696388245e-03
4.707268904894590378e-03
4.702876787632703781e-03
4.699950106441974640e-03
4.697022028267383575e-03
4.692629911005496979e-03
4.689703229814767838e-03
4.677991848438978195e-03
4.704340826719999313e-03
4.694093950092792511e-03
4.689703229814767838e-03
4.683847073465585709e-03
4.809739068150520325e-03
4.661888815462589264e-03
4.661888815462589264e-03
4.666280932724475861e-03
4.680919926613569260e-03
4.695557989180088043e-03
4.691166803240776062e-03
4.685311112552881241e-03
4.680919926613569260e-03
4.682383034378290176e-03
4.677991848438978195e-03
4.677991848438978195e-03
4.680919926613569260e-03
4.686775151640176773e-03
4.689703229814767838e-03
4.688239190727472305e-03
4.682383034378290176e-03
4.477443173527717590e-03
