3.886044956743717194e-03
3.874334972351789474e-03
3.874334972351789474e-03
3.869943087920546532e-03
3.834810107946395874e-03
3.842130070552229881e-03
3.827491076663136482e-03
3.808460896834731102e-03
3.793821902945637703e-03
3.774791955947875977e-03
3.771865041926503181e-03
3.761617932468652725e-03
3.758690087124705315e-03
3.741123946383595467e-03
3.757226048037409782e-03
3.752835094928741455e-03
3.732341108843684196e-03
3.730877069756388664e-03
3.725020913407206535e-03
3.723557107150554657e-03
3.720629960298538208e-03
3.720629960298538208e-03
3.704526927322149277e-03
3.719165921211242676e-03
3.716238075867295265e-03
3.720629960298538208e-03
3.720629960298538208e-03
3.717702114954590797e-03
3.726484952494502068e-03
3.720629960298538208e-03
3.723557107150554657e-03
3.716238075867295265e-03
3.738196101039648056e-03
3.748442977666854858e-03
3.744051093235611916e-03
3.751371055841445923e-03
3.749907016754150391e-03
3.748442977666854858e-03
3.748442977666854858e-03
3.745514899492263794e-03
3.748442977666854858e-03
3.742587985470890999e-03
3.748442977666854858e-03
3.754297969862818718e-03
3.748442977666854858e-03
3.746978938579559326e-03
3.751371055841445923e-03
3.746978938579559326e-03
3.723557107150554657e-03
3.723557107150554657e-03
3.708919044584035873e-03
3.714774036779999733e-03
3.720629960298538208e-03
3.717702114954590797e-03
3.717702114954590797e-03
3.714774036779999733e-03
3.719165921211242676e-03
3.719165921211242676e-03
3.722093999385833740e-03
3.707455005496740341e-03
3.717702114954590797e-03
3.717702114954590797e-03
3.713309997692704201e-03
3.711846889927983284e-03
3.748442977666854858e-03
3.751371055841445923e-03
3.751371055841445923e-03
3.749907016754150391e-03
3.736732061952352524e-03
3.748442977666854858e-03
3.749907016754150391e-03
3.745514899492263794e-03
3.744051093235611916e-03
3.748442977666854858e-03
3.749907016754150391e-03
3.745514899492263794e-03
3.749907016754150391e-03
3.735268022865056992e-03
3.742587985470890999e-03
3.719165921211242676e-03
3.717702114954590797e-03
3.719165921211242676e-03
3.720629960298538208e-03
3.719165921211242676e-03
3.720629960298538208e-03
3.714774036779999733e-03
3.700135974213480949e-03
3.708919044584035873e-03
3.716238075867295265e-03
3.717702114954590797e-03
3.719165921211242676e-03
3.717702114954590797e-03
3.717702114954590797e-03
3.714774036779999733e-03
3.716238075867295265e-03
3.711846889927983284e-03
3.694280050694942474e-03
