3.877261886373162270e-03
3.884582081809639931e-03
3.875798080116510391e-03
3.861160017549991608e-03
3.852376947179436684e-03
3.840666031464934349e-03
3.824562998488545418e-03
3.802605904638767242e-03
3.787966910749673843e-03
3.773329081013798714e-03
3.763081971555948257e-03
3.758690087124705315e-03
3.757226048037409782e-03
3.751371055841445923e-03
3.758690087124705315e-03
3.755762008950114250e-03
3.729413030669093132e-03
3.725020913407206535e-03
3.723557107150554657e-03
3.722093999385833740e-03
3.719165921211242676e-03
3.720629960298538208e-03
3.719165921211242676e-03
3.722093999385833740e-03
3.719165921211242676e-03
3.719165921211242676e-03
3.720629960298538208e-03
3.717702114954590797e-03
3.720629960298538208e-03
3.719165921211242676e-03
3.713309997692704201e-03
3.707455005496740341e-03
3.744051093235611916e-03
3.748442977666854858e-03
3.748442977666854858e-03
3.748442977666854858e-03
3.749907016754150391e-03
3.751371055841445923e-03
3.748442977666854858e-03
3.739659907296299934e-03
3.727948991581797600e-03
3.748442977666854858e-03
3.749907016754150391e-03
3.749907016754150391e-03
3.752835094928741455e-03
3.752835094928741455e-03
3.746978938579559326e-03
3.748442977666854858e-03
3.720629960298538208e-03
3.723557107150554657e-03
3.720629960298538208e-03
3.716238075867295265e-03
3.719165921211242676e-03
3.719165921211242676e-03
3.720629960298538208e-03
3.719165921211242676e-03
3.719165921211242676e-03
3.716238075867295265e-03
3.716238075867295265e-03
3.704526927322149277e-03
3.716238075867295265e-03
3.719165921211242676e-03
3.717702114954590797e-03
3.722093999385833740e-03
3.745514899492263794e-03
3.745514899492263794e-03
3.746978938579559326e-03
3.748442977666854858e-03
3.742587985470890999e-03
3.749907016754150391e-03
3.746978938579559326e-03
3.748442977666854858e-03
3.749907016754150391e-03
3.748442977666854858e-03
3.749907016754150391e-03
3.744051093235611916e-03
3.742587985470890999e-03
3.735268022865056992e-03
3.749907016754150391e-03
3.719165921211242676e-03
3.716238075867295265e-03
3.719165921211242676e-03
3.713309997692704201e-03
3.714774036779999733e-03
3.714774036779999733e-03
3.713309997692704201e-03
3.710383083671331406e-03
3.720629960298538208e-03
3.719165921211242676e-03
3.719165921211242676e-03
3.717702114954590797e-03
3.713309997692704201e-03
3.716238075867295265e-03
3.713309997692704201e-03
3.714774036779999733e-03
3.698671935126185417e-03
3.698671935126185417e-03
