3.730877069756388664e-03
3.855304094031453133e-03
3.891901113092899323e-03
3.886044956743717194e-03
3.867015009745955467e-03
3.853840986266732216e-03
3.837737953290343285e-03
3.826027037575840950e-03
3.812853014096617699e-03
3.798214020207524300e-03
3.780648112297058105e-03
3.766008885577321053e-03
3.763081971555948257e-03
3.761617932468652725e-03
3.754297969862818718e-03
3.755762008950114250e-03
3.742587985470890999e-03
3.730877069756388664e-03
3.725020913407206535e-03
3.720629960298538208e-03
3.711846889927983284e-03
3.717702114954590797e-03
3.722093999385833740e-03
3.723557107150554657e-03
3.720629960298538208e-03
3.720629960298538208e-03
3.720629960298538208e-03
3.722093999385833740e-03
3.717702114954590797e-03
3.705990966409444809e-03
3.719165921211242676e-03
3.719165921211242676e-03
3.754297969862818718e-03
3.746978938579559326e-03
3.748442977666854858e-03
3.748442977666854858e-03
3.746978938579559326e-03
3.748442977666854858e-03
3.733803983777761459e-03
3.744051093235611916e-03
3.746978938579559326e-03
3.754297969862818718e-03
3.749907016754150391e-03
3.751371055841445923e-03
3.748442977666854858e-03
3.749907016754150391e-03
3.749907016754150391e-03
3.730877069756388664e-03
3.720629960298538208e-03
3.719165921211242676e-03
3.717702114954590797e-03
3.719165921211242676e-03
3.720629960298538208e-03
3.717702114954590797e-03
3.719165921211242676e-03
3.719165921211242676e-03
3.700135974213480949e-03
3.714774036779999733e-03
3.714774036779999733e-03
3.716238075867295265e-03
3.720629960298538208e-03
3.720629960298538208e-03
3.719165921211242676e-03
3.719165921211242676e-03
3.751371055841445923e-03
3.746978938579559326e-03
3.738196101039648056e-03
3.742587985470890999e-03
3.741123946383595467e-03
3.748442977666854858e-03
3.752835094928741455e-03
3.755762008950114250e-03
3.748442977666854858e-03
3.746978938579559326e-03
3.751371055841445923e-03
3.739659907296299934e-03
3.745514899492263794e-03
3.745514899492263794e-03
3.745514899492263794e-03
3.745514899492263794e-03
3.719165921211242676e-03
3.722093999385833740e-03
3.717702114954590797e-03
3.717702114954590797e-03
3.710383083671331406e-03
3.719165921211242676e-03
3.716238075867295265e-03
3.711846889927983284e-03
3.714774036779999733e-03
3.711846889927983284e-03
3.711846889927983284e-03
3.717702114954590797e-03
3.719165921211242676e-03
3.708919044584035873e-03
3.717702114954590797e-03
3.711846889927983284e-03
3.725020913407206535e-03
