3.862624056637287140e-03
3.877261886373162270e-03
3.877261886373162270e-03
3.862624056637287140e-03
3.880189964547753334e-03
3.871406894177198410e-03
3.862624056637287140e-03
3.846521023660898209e-03
3.826027037575840950e-03
3.808460896834731102e-03
3.787966910749673843e-03
3.776255995035171509e-03
3.760153893381357193e-03
3.770401002839207649e-03
3.757226048037409782e-03
3.760153893381357193e-03
3.739659907296299934e-03
3.727948991581797600e-03
3.725020913407206535e-03
3.722093999385833740e-03
3.727948991581797600e-03
3.722093999385833740e-03
3.716238075867295265e-03
3.722093999385833740e-03
3.722093999385833740e-03
3.717702114954590797e-03
3.713309997692704201e-03
3.722093999385833740e-03
3.723557107150554657e-03
3.725020913407206535e-03
3.719165921211242676e-03
3.717702114954590797e-03
3.751371055841445923e-03
3.745514899492263794e-03
3.741123946383595467e-03
3.744051093235611916e-03
3.752835094928741455e-03
3.754297969862818718e-03
3.754297969862818718e-03
3.749907016754150391e-03
3.736732061952352524e-03
3.744051093235611916e-03
3.749907016754150391e-03
3.749907016754150391e-03
3.742587985470890999e-03
3.748442977666854858e-03
3.754297969862818718e-03
3.754297969862818718e-03
3.725020913407206535e-03
3.708919044584035873e-03
3.717702114954590797e-03
3.717702114954590797e-03
3.716238075867295265e-03
3.713309997692704201e-03
3.717702114954590797e-03
3.717702114954590797e-03
3.719165921211242676e-03
3.720629960298538208e-03
3.708919044584035873e-03
3.717702114954590797e-03
3.716238075867295265e-03
3.717702114954590797e-03
3.719165921211242676e-03
3.714774036779999733e-03
3.745514899492263794e-03
3.754297969862818718e-03
3.752835094928741455e-03
3.730877069756388664e-03
3.746978938579559326e-03
3.746978938579559326e-03
3.746978938579559326e-03
3.746978938579559326e-03
3.746978938579559326e-03
3.745514899492263794e-03
3.752835094928741455e-03
3.751371055841445923e-03
3.751371055841445923e-03
3.744051093235611916e-03
3.748442977666854858e-03
3.746978938579559326e-03
3.714774036779999733e-03
3.713309997692704201e-03
3.714774036779999733e-03
3.717702114954590797e-03
3.720629960298538208e-03
3.720629960298538208e-03
3.713309997692704201e-03
3.719165921211242676e-03
3.716238075867295265e-03
3.716238075867295265e-03
3.717702114954590797e-03
3.713309997692704201e-03
3.714774036779999733e-03
3.717702114954590797e-03
3.722093999385833740e-03
3.714774036779999733e-03
3.732341108843684196e-03
