4.048532806336879730e-03
4.028039053082466125e-03
4.010472912341356277e-03
4.025111906230449677e-03
4.028039053082466125e-03
4.028039053082466125e-03
4.022183828055858612e-03
4.025111906230449677e-03
4.023647867143154144e-03
4.028039053082466125e-03
4.035358782857656479e-03
4.010472912341356277e-03
4.023647867143154144e-03
4.025111906230449677e-03
4.025111906230449677e-03
4.023647867143154144e-03
3.997297957539558411e-03
3.994370810687541962e-03
3.991443198174238205e-03
3.994370810687541962e-03
3.991443198174238205e-03
3.995834849774837494e-03
3.998761996626853943e-03
4.001690074801445007e-03
3.992906771600246429e-03
3.997297957539558411e-03
3.997297957539558411e-03
3.998761996626853943e-03
3.997297957539558411e-03
3.991443198174238205e-03
3.994370810687541962e-03
4.001690074801445007e-03
4.023647867143154144e-03
4.033895209431648254e-03
4.028039053082466125e-03
4.026575945317745209e-03
4.025111906230449677e-03
4.023647867143154144e-03
4.022183828055858612e-03
4.025111906230449677e-03
4.026575945317745209e-03
4.026575945317745209e-03
4.025111906230449677e-03
4.028039053082466125e-03
4.023647867143154144e-03
4.023647867143154144e-03
4.023647867143154144e-03
4.022183828055858612e-03
3.994370810687541962e-03
3.995834849774837494e-03
3.995834849774837494e-03
3.997297957539558411e-03
4.000226035714149475e-03
3.995834849774837494e-03
3.994370810687541962e-03
3.997297957539558411e-03
3.995834849774837494e-03
3.985587973147630692e-03
4.000226035714149475e-03
3.997297957539558411e-03
3.998761996626853943e-03
3.995834849774837494e-03
3.995834849774837494e-03
3.998761996626853943e-03
4.038285929709672928e-03
4.010472912341356277e-03
4.019256215542554855e-03
4.026575945317745209e-03
4.025111906230449677e-03
4.026575945317745209e-03
4.023647867143154144e-03
4.025111906230449677e-03
4.028039053082466125e-03
4.023647867143154144e-03
4.020719788968563080e-03
4.014865029603242874e-03
4.019256215542554855e-03
4.022183828055858612e-03
4.011936951428651810e-03
4.048532806336879730e-03
3.992906771600246429e-03
3.991443198174238205e-03
3.995834849774837494e-03
3.994370810687541962e-03
3.988515119999647141e-03
3.991443198174238205e-03
3.991443198174238205e-03
3.989979159086942673e-03
3.992906771600246429e-03
3.998761996626853943e-03
3.995834849774837494e-03
3.997297957539558411e-03
3.994370810687541962e-03
3.988515119999647141e-03
3.991443198174238205e-03
3.992906771600246429e-03
3.989979159086942673e-03
