4.025111906230449677e-03
4.022183828055858612e-03
4.025111906230449677e-03
4.029503092169761658e-03
4.007544834166765213e-03
4.023647867143154144e-03
4.025111906230449677e-03
4.025111906230449677e-03
4.022183828055858612e-03
4.026575945317745209e-03
4.029503092169761658e-03
4.033895209431648254e-03
4.028039053082466125e-03
4.023647867143154144e-03
4.013400990515947342e-03
4.028039053082466125e-03
4.000226035714149475e-03
3.998761996626853943e-03
4.000226035714149475e-03
3.994370810687541962e-03
3.997297957539558411e-03
3.997297957539558411e-03
4.004618152976036072e-03
3.998761996626853943e-03
4.000226035714149475e-03
4.000226035714149475e-03
3.994370810687541962e-03
3.995834849774837494e-03
4.001690074801445007e-03
4.000226035714149475e-03
4.001690074801445007e-03
4.016329068690538406e-03
4.029503092169761658e-03
4.029503092169761658e-03
4.022183828055858612e-03
4.029503092169761658e-03
4.030967131257057190e-03
4.026575945317745209e-03
4.025111906230449677e-03
4.025111906230449677e-03
4.022183828055858612e-03
4.022183828055858612e-03
4.029503092169761658e-03
4.028039053082466125e-03
4.020719788968563080e-03
4.020719788968563080e-03
4.022183828055858612e-03
3.998761996626853943e-03
3.995834849774837494e-03
3.998761996626853943e-03
3.989979159086942673e-03
3.992906771600246429e-03
3.994370810687541962e-03
4.000226035714149475e-03
4.000226035714149475e-03
4.000226035714149475e-03
3.998761996626853943e-03
3.998761996626853943e-03
3.994370810687541962e-03
3.987051080912351608e-03
3.994370810687541962e-03
3.994370810687541962e-03
3.998761996626853943e-03
4.023647867143154144e-03
4.033895209431648254e-03
4.026575945317745209e-03
4.028039053082466125e-03
4.025111906230449677e-03
4.014865029603242874e-03
4.023647867143154144e-03
4.020719788968563080e-03
4.016329068690538406e-03
4.019256215542554855e-03
4.020719788968563080e-03
4.023647867143154144e-03
4.023647867143154144e-03
4.023647867143154144e-03
4.003154113888740540e-03
4.016329068690538406e-03
3.994370810687541962e-03
3.987051080912351608e-03
3.988515119999647141e-03
3.991443198174238205e-03
3.994370810687541962e-03
3.992906771600246429e-03
3.992906771600246429e-03
3.987051080912351608e-03
3.994370810687541962e-03
3.994370810687541962e-03
3.992906771600246429e-03
3.989979159086942673e-03
3.991443198174238205e-03
3.994370810687541962e-03
3.995834849774837494e-03
3.992906771600246429e-03
4.096840973943471909e-03
