3.878725925460457802e-03
3.878725925460457802e-03
3.883118042722344398e-03
3.888973034918308258e-03
3.871406894177198410e-03
3.852376947179436684e-03
3.833347000181674957e-03
3.814315889030694962e-03
3.796749981120228767e-03
3.780648112297058105e-03
3.768936963751912117e-03
3.761617932468652725e-03
3.761617932468652725e-03
3.754297969862818718e-03
3.757226048037409782e-03
3.755762008950114250e-03
3.730877069756388664e-03
3.723557107150554657e-03
3.727948991581797600e-03
3.727948991581797600e-03
3.704526927322149277e-03
3.719165921211242676e-03
3.717702114954590797e-03
3.719165921211242676e-03
3.719165921211242676e-03
3.723557107150554657e-03
3.723557107150554657e-03
3.725020913407206535e-03
3.722093999385833740e-03
3.703062888234853745e-03
3.719165921211242676e-03
3.757226048037409782e-03
3.745514899492263794e-03
3.749907016754150391e-03
3.752835094928741455e-03
3.751371055841445923e-03
3.748442977666854858e-03
3.749907016754150391e-03
3.745514899492263794e-03
3.744051093235611916e-03
3.749907016754150391e-03
3.748442977666854858e-03
3.749907016754150391e-03
3.748442977666854858e-03
3.745514899492263794e-03
3.745514899492263794e-03
3.751371055841445923e-03
3.733803983777761459e-03
3.717702114954590797e-03
3.714774036779999733e-03
3.720629960298538208e-03
3.716238075867295265e-03
3.716238075867295265e-03
3.716238075867295265e-03
3.723557107150554657e-03
3.716238075867295265e-03
3.725020913407206535e-03
3.710383083671331406e-03
3.716238075867295265e-03
3.716238075867295265e-03
3.716238075867295265e-03
3.710383083671331406e-03
3.719165921211242676e-03
3.754297969862818718e-03
3.748442977666854858e-03
3.751371055841445923e-03
3.735268022865056992e-03
3.745514899492263794e-03
3.748442977666854858e-03
3.751371055841445923e-03
3.748442977666854858e-03
3.752835094928741455e-03
3.749907016754150391e-03
3.748442977666854858e-03
3.751371055841445923e-03
3.735268022865056992e-03
3.745514899492263794e-03
3.754297969862818718e-03
3.748442977666854858e-03
3.725020913407206535e-03
3.717702114954590797e-03
3.716238075867295265e-03
3.714774036779999733e-03
3.714774036779999733e-03
3.694280050694942474e-03
3.711846889927983284e-03
3.720629960298538208e-03
3.719165921211242676e-03
3.713309997692704201e-03
3.719165921211242676e-03
3.710383083671331406e-03
3.716238075867295265e-03
3.717702114954590797e-03
3.701600013300776482e-03
3.714774036779999733e-03
3.719165921211242676e-03
