3.695744089782238007e-03
3.849449101835489273e-03
3.849449101835489273e-03
3.847985062748193741e-03
3.849449101835489273e-03
3.843594109639525414e-03
3.845056984573602676e-03
3.846521023660898209e-03
3.820172045379877090e-03
3.847985062748193741e-03
3.850912908092141151e-03
3.849449101835489273e-03
3.846521023660898209e-03
3.849449101835489273e-03
3.850912908092141151e-03
3.845056984573602676e-03
3.814315889030694962e-03
3.812853014096617699e-03
3.817243967205286026e-03
3.818708006292581558e-03
3.821636084467172623e-03
3.817243967205286026e-03
3.817243967205286026e-03
3.812853014096617699e-03
3.812853014096617699e-03
3.812853014096617699e-03
3.809924935922026634e-03
3.814315889030694962e-03
3.817243967205286026e-03
3.815779928117990494e-03
3.815779928117990494e-03
3.815779928117990494e-03
3.846521023660898209e-03
3.842130070552229881e-03
3.834810107946395874e-03
3.837737953290343285e-03
3.845056984573602676e-03
3.840666031464934349e-03
3.840666031464934349e-03
3.843594109639525414e-03
3.847985062748193741e-03
3.847985062748193741e-03
3.846521023660898209e-03
3.847985062748193741e-03
3.842130070552229881e-03
3.842130070552229881e-03
3.845056984573602676e-03
3.840666031464934349e-03
3.811388975009322166e-03
3.827491076663136482e-03
3.815779928117990494e-03
3.812853014096617699e-03
3.818708006292581558e-03
3.811388975009322166e-03
3.812853014096617699e-03
3.812853014096617699e-03
3.812853014096617699e-03
3.812853014096617699e-03
3.809924935922026634e-03
3.812853014096617699e-03
3.817243967205286026e-03
3.798214020207524300e-03
3.809924935922026634e-03
3.812853014096617699e-03
3.842130070552229881e-03
3.836273914203047752e-03
3.842130070552229881e-03
3.837737953290343285e-03
3.850912908092141151e-03
3.847985062748193741e-03
3.828955115750432014e-03
3.843594109639525414e-03
3.840666031464934349e-03
3.843594109639525414e-03
3.845056984573602676e-03
3.845056984573602676e-03
3.847985062748193741e-03
3.839201992377638817e-03
3.849449101835489273e-03
3.850912908092141151e-03
3.815779928117990494e-03
3.814315889030694962e-03
3.815779928117990494e-03
3.815779928117990494e-03
3.814315889030694962e-03
3.811388975009322166e-03
3.815779928117990494e-03
3.820172045379877090e-03
3.789430949836969376e-03
3.812853014096617699e-03
3.811388975009322166e-03
3.811388975009322166e-03
3.811388975009322166e-03
3.812853014096617699e-03
3.812853014096617699e-03
3.811388975009322166e-03
3.893364919349551201e-03
