3.855304094031453133e-03
3.881654003635048866e-03
3.886044956743717194e-03
3.897756105288863182e-03
3.884582081809639931e-03
3.868479048833250999e-03
3.850912908092141151e-03
3.830418922007083893e-03
3.814315889030694962e-03
3.801142098382115364e-03
3.779184073209762573e-03
3.760153893381357193e-03
3.776255995035171509e-03
3.761617932468652725e-03
3.757226048037409782e-03
3.757226048037409782e-03
3.739659907296299934e-03
3.729413030669093132e-03
3.723557107150554657e-03
3.723557107150554657e-03
3.705990966409444809e-03
3.720629960298538208e-03
3.717702114954590797e-03
3.720629960298538208e-03
3.720629960298538208e-03
3.719165921211242676e-03
3.722093999385833740e-03
3.719165921211242676e-03
3.719165921211242676e-03
3.703062888234853745e-03
3.714774036779999733e-03
3.719165921211242676e-03
3.746978938579559326e-03
3.749907016754150391e-03
3.749907016754150391e-03
3.748442977666854858e-03
3.751371055841445923e-03
3.748442977666854858e-03
3.733803983777761459e-03
3.745514899492263794e-03
3.745514899492263794e-03
3.748442977666854858e-03
3.754297969862818718e-03
3.748442977666854858e-03
3.752835094928741455e-03
3.751371055841445923e-03
3.748442977666854858e-03
3.751371055841445923e-03
3.716238075867295265e-03
3.717702114954590797e-03
3.717702114954590797e-03
3.719165921211242676e-03
3.722093999385833740e-03
3.719165921211242676e-03
3.717702114954590797e-03
3.720629960298538208e-03
3.719165921211242676e-03
3.711846889927983284e-03
3.717702114954590797e-03
3.714774036779999733e-03
3.714774036779999733e-03
3.720629960298538208e-03
3.719165921211242676e-03
3.717702114954590797e-03
3.746978938579559326e-03
3.726484952494502068e-03
3.741123946383595467e-03
3.744051093235611916e-03
3.745514899492263794e-03
3.745514899492263794e-03
3.745514899492263794e-03
3.748442977666854858e-03
3.752835094928741455e-03
3.752835094928741455e-03
3.749907016754150391e-03
3.736732061952352524e-03
3.748442977666854858e-03
3.748442977666854858e-03
3.745514899492263794e-03
3.746978938579559326e-03
3.716238075867295265e-03
3.720629960298538208e-03
3.722093999385833740e-03
3.719165921211242676e-03
3.705990966409444809e-03
3.714774036779999733e-03
3.713309997692704201e-03
3.713309997692704201e-03
3.717702114954590797e-03
3.719165921211242676e-03
3.717702114954590797e-03
3.725020913407206535e-03
3.719165921211242676e-03
3.704526927322149277e-03
3.716238075867295265e-03
3.716238075867295265e-03
3.726484952494502068e-03
