3.913858905434608459e-03
3.880189964547753334e-03
3.872870933264493942e-03
3.899219911545515060e-03
3.890437074005603790e-03
3.868479048833250999e-03
3.855304094031453133e-03
3.836273914203047752e-03
3.818708006292581558e-03
3.796749981120228767e-03
3.785039065405726433e-03
3.752835094928741455e-03
3.771865041926503181e-03
3.770401002839207649e-03
3.761617932468652725e-03
3.757226048037409782e-03
3.732341108843684196e-03
3.735268022865056992e-03
3.723557107150554657e-03
3.720629960298538208e-03
3.700135974213480949e-03
3.719165921211242676e-03
3.725020913407206535e-03
3.727948991581797600e-03
3.723557107150554657e-03
3.719165921211242676e-03
3.722093999385833740e-03
3.722093999385833740e-03
3.717702114954590797e-03
3.719165921211242676e-03
3.713309997692704201e-03
3.716238075867295265e-03
3.748442977666854858e-03
3.751371055841445923e-03
3.752835094928741455e-03
3.751371055841445923e-03
3.749907016754150391e-03
3.748442977666854858e-03
3.748442977666854858e-03
3.738196101039648056e-03
3.748442977666854858e-03
3.748442977666854858e-03
3.748442977666854858e-03
3.752835094928741455e-03
3.751371055841445923e-03
3.748442977666854858e-03
3.748442977666854858e-03
3.749907016754150391e-03
3.710383083671331406e-03
3.720629960298538208e-03
3.719165921211242676e-03
3.722093999385833740e-03
3.720629960298538208e-03
3.719165921211242676e-03
3.722093999385833740e-03
3.717702114954590797e-03
3.717702114954590797e-03
3.703062888234853745e-03
3.713309997692704201e-03
3.720629960298538208e-03
3.722093999385833740e-03
3.719165921211242676e-03
3.716238075867295265e-03
3.722093999385833740e-03
3.741123946383595467e-03
3.746978938579559326e-03
3.727948991581797600e-03
3.741123946383595467e-03
3.745514899492263794e-03
3.749907016754150391e-03
3.754297969862818718e-03
3.752835094928741455e-03
3.748442977666854858e-03
3.748442977666854858e-03
3.748442977666854858e-03
3.727948991581797600e-03
3.745514899492263794e-03
3.746978938579559326e-03
3.748442977666854858e-03
3.749907016754150391e-03
3.722093999385833740e-03
3.719165921211242676e-03
3.720629960298538208e-03
3.719165921211242676e-03
3.695744089782238007e-03
3.710383083671331406e-03
3.714774036779999733e-03
3.714774036779999733e-03
3.719165921211242676e-03
3.719165921211242676e-03
3.716238075867295265e-03
3.719165921211242676e-03
3.722093999385833740e-03
3.692816011607646942e-03
3.713309997692704201e-03
3.714774036779999733e-03
3.703062888234853745e-03
