3.708919044584035873e-03
3.727948991581797600e-03
3.733803983777761459e-03
3.738196101039648056e-03
3.742587985470890999e-03
3.739659907296299934e-03
3.746978938579559326e-03
3.733803983777761459e-03
3.744051093235611916e-03
3.744051093235611916e-03
3.744051093235611916e-03
3.744051093235611916e-03
3.742587985470890999e-03
3.741123946383595467e-03
3.742587985470890999e-03
3.744051093235611916e-03
3.703062888234853745e-03
3.711846889927983284e-03
3.710383083671331406e-03
3.705990966409444809e-03
3.711846889927983284e-03
3.713309997692704201e-03
3.710383083671331406e-03
3.710383083671331406e-03
3.711846889927983284e-03
3.694280050694942474e-03
3.705990966409444809e-03
3.707455005496740341e-03
3.710383083671331406e-03
3.713309997692704201e-03
3.708919044584035873e-03
3.705990966409444809e-03
3.738196101039648056e-03
3.738196101039648056e-03
3.730877069756388664e-03
3.741123946383595467e-03
3.741123946383595467e-03
3.741123946383595467e-03
3.741123946383595467e-03
3.744051093235611916e-03
3.752835094928741455e-03
3.744051093235611916e-03
3.744051093235611916e-03
3.742587985470890999e-03
3.736732061952352524e-03
3.742587985470890999e-03
3.741123946383595467e-03
3.749907016754150391e-03
3.711846889927983284e-03
3.711846889927983284e-03
3.711846889927983284e-03
3.710383083671331406e-03
3.710383083671331406e-03
3.705990966409444809e-03
3.711846889927983284e-03
3.710383083671331406e-03
3.708919044584035873e-03
3.705990966409444809e-03
3.707455005496740341e-03
3.707455005496740341e-03
3.711846889927983284e-03
3.711846889927983284e-03
3.704526927322149277e-03
3.705990966409444809e-03
3.732341108843684196e-03
3.736732061952352524e-03
3.742587985470890999e-03
3.745514899492263794e-03
3.741123946383595467e-03
3.742587985470890999e-03
3.741123946383595467e-03
3.727948991581797600e-03
3.738196101039648056e-03
3.744051093235611916e-03
3.739659907296299934e-03
3.744051093235611916e-03
3.744051093235611916e-03
3.741123946383595467e-03
3.742587985470890999e-03
3.741123946383595467e-03
3.689889097586274147e-03
3.703062888234853745e-03
3.710383083671331406e-03
3.708919044584035873e-03
3.705990966409444809e-03
3.705990966409444809e-03
3.710383083671331406e-03
3.705990966409444809e-03
3.708919044584035873e-03
3.697207896038889885e-03
3.704526927322149277e-03
3.710383083671331406e-03
3.703062888234853745e-03
3.704526927322149277e-03
3.707455005496740341e-03
3.710383083671331406e-03
3.754297969862818718e-03
