3.871406894177198410e-03
3.869943087920546532e-03
3.877261886373162270e-03
3.872870933264493942e-03
3.855304094031453133e-03
3.843594109639525414e-03
3.823099890723824501e-03
3.799678059294819832e-03
3.779184073209762573e-03
3.763081971555948257e-03
3.760153893381357193e-03
3.757226048037409782e-03
3.758690087124705315e-03
3.751371055841445923e-03
3.754297969862818718e-03
3.754297969862818718e-03
3.733803983777761459e-03
3.723557107150554657e-03
3.722093999385833740e-03
3.722093999385833740e-03
3.698671935126185417e-03
3.722093999385833740e-03
3.720629960298538208e-03
3.722093999385833740e-03
3.720629960298538208e-03
3.722093999385833740e-03
3.719165921211242676e-03
3.720629960298538208e-03
3.723557107150554657e-03
3.704526927322149277e-03
3.717702114954590797e-03
3.716238075867295265e-03
3.746978938579559326e-03
3.748442977666854858e-03
3.746978938579559326e-03
3.746978938579559326e-03
3.749907016754150391e-03
3.755762008950114250e-03
3.751371055841445923e-03
3.744051093235611916e-03
3.748442977666854858e-03
3.748442977666854858e-03
3.748442977666854858e-03
3.748442977666854858e-03
3.752835094928741455e-03
3.752835094928741455e-03
3.748442977666854858e-03
3.714774036779999733e-03
3.710383083671331406e-03
3.713309997692704201e-03
3.719165921211242676e-03
3.725020913407206535e-03
3.717702114954590797e-03
3.720629960298538208e-03
3.722093999385833740e-03
3.717702114954590797e-03
3.716238075867295265e-03
3.704526927322149277e-03
3.725020913407206535e-03
3.717702114954590797e-03
3.714774036779999733e-03
3.717702114954590797e-03
3.717702114954590797e-03
3.739659907296299934e-03
3.744051093235611916e-03
3.744051093235611916e-03
3.744051093235611916e-03
3.745514899492263794e-03
3.748442977666854858e-03
3.748442977666854858e-03
3.746978938579559326e-03
3.746978938579559326e-03
3.744051093235611916e-03
3.745514899492263794e-03
3.748442977666854858e-03
3.735268022865056992e-03
3.748442977666854858e-03
3.748442977666854858e-03
3.746978938579559326e-03
3.717702114954590797e-03
3.716238075867295265e-03
3.723557107150554657e-03
3.722093999385833740e-03
3.719165921211242676e-03
3.716238075867295265e-03
3.711846889927983284e-03
3.713309997692704201e-03
3.716238075867295265e-03
3.720629960298538208e-03
3.717702114954590797e-03
3.719165921211242676e-03
3.719165921211242676e-03
3.713309997692704201e-03
3.701600013300776482e-03
3.713309997692704201e-03
3.711846889927983284e-03
3.694280050694942474e-03
