3.853840986266732216e-03
3.827491076663136482e-03
3.843594109639525414e-03
3.845056984573602676e-03
3.846521023660898209e-03
3.846521023660898209e-03
3.849449101835489273e-03
3.846521023660898209e-03
3.842130070552229881e-03
3.850912908092141151e-03
3.833347000181674957e-03
3.846521023660898209e-03
3.843594109639525414e-03
3.846521023660898209e-03
3.842130070552229881e-03
3.842130070552229881e-03
3.823099890723824501e-03
3.824562998488545418e-03
3.820172045379877090e-03
3.809924935922026634e-03
3.811388975009322166e-03
3.812853014096617699e-03
3.806997090578079224e-03
3.818708006292581558e-03
3.820172045379877090e-03
3.815779928117990494e-03
3.815779928117990494e-03
3.815779928117990494e-03
3.804069012403488159e-03
3.818708006292581558e-03
3.817243967205286026e-03
3.812853014096617699e-03
3.845056984573602676e-03
3.837737953290343285e-03
3.840666031464934349e-03
3.849449101835489273e-03
3.843594109639525414e-03
3.839201992377638817e-03
3.846521023660898209e-03
3.845056984573602676e-03
3.843594109639525414e-03
3.840666031464934349e-03
3.853840986266732216e-03
3.843594109639525414e-03
3.849449101835489273e-03
3.846521023660898209e-03
3.833347000181674957e-03
3.843594109639525414e-03
3.828955115750432014e-03
3.823099890723824501e-03
3.818708006292581558e-03
3.815779928117990494e-03
3.811388975009322166e-03
3.812853014096617699e-03
3.814315889030694962e-03
3.795285942032933235e-03
3.812853014096617699e-03
3.815779928117990494e-03
3.812853014096617699e-03
3.811388975009322166e-03
3.814315889030694962e-03
3.812853014096617699e-03
3.812853014096617699e-03
3.818708006292581558e-03
3.837737953290343285e-03
3.840666031464934349e-03
3.840666031464934349e-03
3.842130070552229881e-03
3.846521023660898209e-03
3.842130070552229881e-03
3.847985062748193741e-03
3.847985062748193741e-03
3.845056984573602676e-03
3.842130070552229881e-03
3.847985062748193741e-03
3.847985062748193741e-03
3.845056984573602676e-03
3.846521023660898209e-03
3.847985062748193741e-03
3.806997090578079224e-03
3.818708006292581558e-03
3.811388975009322166e-03
3.812853014096617699e-03
3.811388975009322166e-03
3.812853014096617699e-03
3.814315889030694962e-03
3.811388975009322166e-03
3.809924935922026634e-03
3.814315889030694962e-03
3.814315889030694962e-03
3.809924935922026634e-03
3.805533051490783691e-03
3.812853014096617699e-03
3.809924935922026634e-03
3.811388975009322166e-03
3.815779928117990494e-03
3.809924935922026634e-03
