3.861160017549991608e-03
3.888973034918308258e-03
3.896292066201567650e-03
3.881654003635048866e-03
3.864088095724582672e-03
3.850912908092141151e-03
3.831882961094379425e-03
3.814315889030694962e-03
3.801142098382115364e-03
3.782111918553709984e-03
3.770401002839207649e-03
3.773329081013798714e-03
3.761617932468652725e-03
3.757226048037409782e-03
3.755762008950114250e-03
3.754297969862818718e-03
3.733803983777761459e-03
3.725020913407206535e-03
3.722093999385833740e-03
3.710383083671331406e-03
3.720629960298538208e-03
3.725020913407206535e-03
3.722093999385833740e-03
3.722093999385833740e-03
3.720629960298538208e-03
3.723557107150554657e-03
3.723557107150554657e-03
3.717702114954590797e-03
3.705990966409444809e-03
3.717702114954590797e-03
3.722093999385833740e-03
3.720629960298538208e-03
3.749907016754150391e-03
3.748442977666854858e-03
3.749907016754150391e-03
3.749907016754150391e-03
3.748442977666854858e-03
3.727948991581797600e-03
3.741123946383595467e-03
3.752835094928741455e-03
3.749907016754150391e-03
3.754297969862818718e-03
3.752835094928741455e-03
3.748442977666854858e-03
3.748442977666854858e-03
3.748442977666854858e-03
3.749907016754150391e-03
3.739659907296299934e-03
3.720629960298538208e-03
3.722093999385833740e-03
3.719165921211242676e-03
3.717702114954590797e-03
3.717702114954590797e-03
3.720629960298538208e-03
3.719165921211242676e-03
3.714774036779999733e-03
3.710383083671331406e-03
3.719165921211242676e-03
3.720629960298538208e-03
3.719165921211242676e-03
3.719165921211242676e-03
3.717702114954590797e-03
3.719165921211242676e-03
3.717702114954590797e-03
3.744051093235611916e-03
3.741123946383595467e-03
3.745514899492263794e-03
3.746978938579559326e-03
3.748442977666854858e-03
3.752835094928741455e-03
3.748442977666854858e-03
3.749907016754150391e-03
3.748442977666854858e-03
3.746978938579559326e-03
3.733803983777761459e-03
3.745514899492263794e-03
3.746978938579559326e-03
3.751371055841445923e-03
3.752835094928741455e-03
3.732341108843684196e-03
3.717702114954590797e-03
3.722093999385833740e-03
3.716238075867295265e-03
3.700135974213480949e-03
3.714774036779999733e-03
3.717702114954590797e-03
3.722093999385833740e-03
3.719165921211242676e-03
3.717702114954590797e-03
3.716238075867295265e-03
3.717702114954590797e-03
3.719165921211242676e-03
3.707455005496740341e-03
3.716238075867295265e-03
3.711846889927983284e-03
3.717702114954590797e-03
3.704526927322149277e-03
