3.796749981120228767e-03
3.735268022865056992e-03
3.736732061952352524e-03
3.742587985470890999e-03
3.730877069756388664e-03
3.744051093235611916e-03
3.742587985470890999e-03
3.751371055841445923e-03
3.742587985470890999e-03
3.752835094928741455e-03
3.749907016754150391e-03
3.744051093235611916e-03
3.746978938579559326e-03
3.730877069756388664e-03
3.742587985470890999e-03
3.745514899492263794e-03
3.708919044584035873e-03
3.713309997692704201e-03
3.714774036779999733e-03
3.714774036779999733e-03
3.714774036779999733e-03
3.716238075867295265e-03
3.713309997692704201e-03
3.710383083671331406e-03
3.713309997692704201e-03
3.711846889927983284e-03
3.714774036779999733e-03
3.713309997692704201e-03
3.711846889927983284e-03
3.717702114954590797e-03
3.719165921211242676e-03
3.695744089782238007e-03
3.733803983777761459e-03
3.741123946383595467e-03
3.745514899492263794e-03
3.745514899492263794e-03
3.748442977666854858e-03
3.741123946383595467e-03
3.744051093235611916e-03
3.748442977666854858e-03
3.749907016754150391e-03
3.742587985470890999e-03
3.745514899492263794e-03
3.745514899492263794e-03
3.744051093235611916e-03
3.751371055841445923e-03
3.741123946383595467e-03
3.742587985470890999e-03
3.707455005496740341e-03
3.716238075867295265e-03
3.703062888234853745e-03
3.713309997692704201e-03
3.717702114954590797e-03
3.713309997692704201e-03
3.710383083671331406e-03
3.719165921211242676e-03
3.713309997692704201e-03
3.707455005496740341e-03
3.714774036779999733e-03
3.701600013300776482e-03
3.711846889927983284e-03
3.710383083671331406e-03
3.708919044584035873e-03
3.714774036779999733e-03
3.738196101039648056e-03
3.744051093235611916e-03
3.741123946383595467e-03
3.741123946383595467e-03
3.727948991581797600e-03
3.741123946383595467e-03
3.746978938579559326e-03
3.746978938579559326e-03
3.745514899492263794e-03
3.744051093235611916e-03
3.745514899492263794e-03
3.748442977666854858e-03
3.746978938579559326e-03
3.736732061952352524e-03
3.736732061952352524e-03
3.742587985470890999e-03
3.716238075867295265e-03
3.713309997692704201e-03
3.717702114954590797e-03
3.710383083671331406e-03
3.713309997692704201e-03
3.708919044584035873e-03
3.707455005496740341e-03
3.704526927322149277e-03
3.713309997692704201e-03
3.714774036779999733e-03
3.714774036779999733e-03
3.713309997692704201e-03
3.710383083671331406e-03
3.711846889927983284e-03
3.710383083671331406e-03
3.714774036779999733e-03
3.704526927322149277e-03
