3.847985062748193741e-03
3.881654003635048866e-03
3.883118042722344398e-03
3.872870933264493942e-03
3.850912908092141151e-03
3.852376947179436684e-03
3.836273914203047752e-03
3.821636084467172623e-03
3.808460896834731102e-03
3.787966910749673843e-03
3.767472924664616585e-03
3.761617932468652725e-03
3.757226048037409782e-03
3.736732061952352524e-03
3.757226048037409782e-03
3.754297969862818718e-03
3.732341108843684196e-03
3.730877069756388664e-03
3.723557107150554657e-03
3.723557107150554657e-03
3.719165921211242676e-03
3.725020913407206535e-03
3.697207896038889885e-03
3.717702114954590797e-03
3.714774036779999733e-03
3.722093999385833740e-03
3.719165921211242676e-03
3.722093999385833740e-03
3.720629960298538208e-03
3.720629960298538208e-03
3.720629960298538208e-03
3.695744089782238007e-03
3.738196101039648056e-03
3.745514899492263794e-03
3.748442977666854858e-03
3.748442977666854858e-03
3.749907016754150391e-03
3.748442977666854858e-03
3.745514899492263794e-03
3.746978938579559326e-03
3.736732061952352524e-03
3.751371055841445923e-03
3.752835094928741455e-03
3.748442977666854858e-03
3.749907016754150391e-03
3.751371055841445923e-03
3.745514899492263794e-03
3.746978938579559326e-03
3.719165921211242676e-03
3.719165921211242676e-03
3.708919044584035873e-03
3.717702114954590797e-03
3.723557107150554657e-03
3.717702114954590797e-03
3.719165921211242676e-03
3.717702114954590797e-03
3.722093999385833740e-03
3.720629960298538208e-03
3.719165921211242676e-03
3.708919044584035873e-03
3.710383083671331406e-03
3.717702114954590797e-03
3.720629960298538208e-03
3.720629960298538208e-03
3.746978938579559326e-03
3.745514899492263794e-03
3.749907016754150391e-03
3.749907016754150391e-03
3.738196101039648056e-03
3.742587985470890999e-03
3.742587985470890999e-03
3.744051093235611916e-03
3.746978938579559326e-03
3.749907016754150391e-03
3.748442977666854858e-03
3.751371055841445923e-03
3.744051093235611916e-03
3.732341108843684196e-03
3.748442977666854858e-03
3.742587985470890999e-03
3.711846889927983284e-03
3.720629960298538208e-03
3.717702114954590797e-03
3.720629960298538208e-03
3.719165921211242676e-03
3.719165921211242676e-03
3.708919044584035873e-03
3.719165921211242676e-03
3.716238075867295265e-03
3.723557107150554657e-03
3.717702114954590797e-03
3.713309997692704201e-03
3.716238075867295265e-03
3.710383083671331406e-03
3.716238075867295265e-03
3.705990966409444809e-03
3.618160029873251915e-03
