3.856767900288105011e-03
3.856767900288105011e-03
3.852376947179436684e-03
3.853840986266732216e-03
3.855304094031453133e-03
3.859695978462696075e-03
3.858231939375400543e-03
3.839201992377638817e-03
3.853840986266732216e-03
3.859695978462696075e-03
3.856767900288105011e-03
3.858231939375400543e-03
3.853840986266732216e-03
3.858231939375400543e-03
3.861160017549991608e-03
3.861160017549991608e-03
3.804069012403488159e-03
3.826027037575840950e-03
3.824562998488545418e-03
3.827491076663136482e-03
3.828955115750432014e-03
3.828955115750432014e-03
3.830418922007083893e-03
3.830418922007083893e-03
3.827491076663136482e-03
3.814315889030694962e-03
3.831882961094379425e-03
3.827491076663136482e-03
3.828955115750432014e-03
3.827491076663136482e-03
3.824562998488545418e-03
3.827491076663136482e-03
3.859695978462696075e-03
3.861160017549991608e-03
3.847985062748193741e-03
3.858231939375400543e-03
3.850912908092141151e-03
3.855304094031453133e-03
3.856767900288105011e-03
3.856767900288105011e-03
3.858231939375400543e-03
3.862624056637287140e-03
3.853840986266732216e-03
3.845056984573602676e-03
3.862624056637287140e-03
3.858231939375400543e-03
3.853840986266732216e-03
3.859695978462696075e-03
3.826027037575840950e-03
3.826027037575840950e-03
3.823099890723824501e-03
3.823099890723824501e-03
3.827491076663136482e-03
3.831882961094379425e-03
3.828955115750432014e-03
3.828955115750432014e-03
3.826027037575840950e-03
3.823099890723824501e-03
3.828955115750432014e-03
3.830418922007083893e-03
3.828955115750432014e-03
3.821636084467172623e-03
3.823099890723824501e-03
3.821636084467172623e-03
3.856767900288105011e-03
3.853840986266732216e-03
3.856767900288105011e-03
3.855304094031453133e-03
3.855304094031453133e-03
3.858231939375400543e-03
3.852376947179436684e-03
3.850912908092141151e-03
3.856767900288105011e-03
3.853840986266732216e-03
3.853840986266732216e-03
3.852376947179436684e-03
3.853840986266732216e-03
3.850912908092141151e-03
3.837737953290343285e-03
3.852376947179436684e-03
3.823099890723824501e-03
3.823099890723824501e-03
3.818708006292581558e-03
3.831882961094379425e-03
3.823099890723824501e-03
3.828955115750432014e-03
3.826027037575840950e-03
3.804069012403488159e-03
3.821636084467172623e-03
3.818708006292581558e-03
3.823099890723824501e-03
3.826027037575840950e-03
3.828955115750432014e-03
3.831882961094379425e-03
3.827491076663136482e-03
3.824562998488545418e-03
3.811388975009322166e-03
