3.877261886373162270e-03
3.881654003635048866e-03
3.868479048833250999e-03
3.855304094031453133e-03
3.845056984573602676e-03
3.852376947179436684e-03
3.842130070552229881e-03
3.823099890723824501e-03
3.793821902945637703e-03
3.776255995035171509e-03
3.763081971555948257e-03
3.760153893381357193e-03
3.758690087124705315e-03
3.752835094928741455e-03
3.757226048037409782e-03
3.757226048037409782e-03
3.730877069756388664e-03
3.725020913407206535e-03
3.723557107150554657e-03
3.725020913407206535e-03
3.722093999385833740e-03
3.720629960298538208e-03
3.708919044584035873e-03
3.719165921211242676e-03
3.722093999385833740e-03
3.726484952494502068e-03
3.725020913407206535e-03
3.723557107150554657e-03
3.720629960298538208e-03
3.722093999385833740e-03
3.722093999385833740e-03
3.714774036779999733e-03
3.744051093235611916e-03
3.745514899492263794e-03
3.748442977666854858e-03
3.748442977666854858e-03
3.751371055841445923e-03
3.752835094928741455e-03
3.749907016754150391e-03
3.751371055841445923e-03
3.742587985470890999e-03
3.748442977666854858e-03
3.748442977666854858e-03
3.745514899492263794e-03
3.751371055841445923e-03
3.749907016754150391e-03
3.744051093235611916e-03
3.719165921211242676e-03
3.717702114954590797e-03
3.719165921211242676e-03
3.707455005496740341e-03
3.717702114954590797e-03
3.716238075867295265e-03
3.717702114954590797e-03
3.717702114954590797e-03
3.717702114954590797e-03
3.720629960298538208e-03
3.719165921211242676e-03
3.722093999385833740e-03
3.710383083671331406e-03
3.719165921211242676e-03
3.719165921211242676e-03
3.717702114954590797e-03
3.738196101039648056e-03
3.744051093235611916e-03
3.749907016754150391e-03
3.748442977666854858e-03
3.755762008950114250e-03
3.739659907296299934e-03
3.745514899492263794e-03
3.748442977666854858e-03
3.746978938579559326e-03
3.744051093235611916e-03
3.745514899492263794e-03
3.746978938579559326e-03
3.746978938579559326e-03
3.749907016754150391e-03
3.744051093235611916e-03
3.746978938579559326e-03
3.713309997692704201e-03
3.716238075867295265e-03
3.717702114954590797e-03
3.716238075867295265e-03
3.716238075867295265e-03
3.722093999385833740e-03
3.720629960298538208e-03
3.707455005496740341e-03
3.716238075867295265e-03
3.717702114954590797e-03
3.717702114954590797e-03
3.717702114954590797e-03
3.714774036779999733e-03
3.717702114954590797e-03
3.716238075867295265e-03
3.722093999385833740e-03
3.792359028011560440e-03
