3.732341108843684196e-03
3.732341108843684196e-03
3.739659907296299934e-03
3.744051093235611916e-03
3.752835094928741455e-03
3.752835094928741455e-03
3.730877069756388664e-03
3.745514899492263794e-03
3.746978938579559326e-03
3.745514899492263794e-03
3.744051093235611916e-03
3.745514899492263794e-03
3.746978938579559326e-03
3.749907016754150391e-03
3.749907016754150391e-03
3.749907016754150391e-03
3.711846889927983284e-03
3.711846889927983284e-03
3.716238075867295265e-03
3.722093999385833740e-03
3.717702114954590797e-03
3.719165921211242676e-03
3.717702114954590797e-03
3.717702114954590797e-03
3.716238075867295265e-03
3.705990966409444809e-03
3.713309997692704201e-03
3.714774036779999733e-03
3.714774036779999733e-03
3.716238075867295265e-03
3.717702114954590797e-03
3.764545079320669174e-03
3.744051093235611916e-03
3.745514899492263794e-03
3.733803983777761459e-03
3.742587985470890999e-03
3.751371055841445923e-03
3.749907016754150391e-03
3.749907016754150391e-03
3.745514899492263794e-03
3.748442977666854858e-03
3.746978938579559326e-03
3.748442977666854858e-03
3.730877069756388664e-03
3.749907016754150391e-03
3.745514899492263794e-03
3.748442977666854858e-03
3.725020913407206535e-03
3.717702114954590797e-03
3.713309997692704201e-03
3.711846889927983284e-03
3.719165921211242676e-03
3.700135974213480949e-03
3.714774036779999733e-03
3.716238075867295265e-03
3.714774036779999733e-03
3.713309997692704201e-03
3.713309997692704201e-03
3.713309997692704201e-03
3.711846889927983284e-03
3.716238075867295265e-03
3.716238075867295265e-03
3.708919044584035873e-03
3.751371055841445923e-03
3.744051093235611916e-03
3.745514899492263794e-03
3.748442977666854858e-03
3.745514899492263794e-03
3.748442977666854858e-03
3.748442977666854858e-03
3.749907016754150391e-03
3.744051093235611916e-03
3.746978938579559326e-03
3.748442977666854858e-03
3.744051093235611916e-03
3.748442977666854858e-03
3.749907016754150391e-03
3.749907016754150391e-03
3.746978938579559326e-03
3.720629960298538208e-03
3.704526927322149277e-03
3.710383083671331406e-03
3.713309997692704201e-03
3.708919044584035873e-03
3.713309997692704201e-03
3.714774036779999733e-03
3.711846889927983284e-03
3.713309997692704201e-03
3.713309997692704201e-03
3.704526927322149277e-03
3.711846889927983284e-03
3.710383083671331406e-03
3.716238075867295265e-03
3.714774036779999733e-03
3.711846889927983284e-03
3.713309997692704201e-03
