3.846521023660898209e-03
3.874334972351789474e-03
3.875798080116510391e-03
3.864088095724582672e-03
3.859695978462696075e-03
3.849449101835489273e-03
3.836273914203047752e-03
3.823099890723824501e-03
3.809924935922026634e-03
3.795285942032933235e-03
3.771865041926503181e-03
3.763081971555948257e-03
3.758690087124705315e-03
3.742587985470890999e-03
3.755762008950114250e-03
3.754297969862818718e-03
3.720629960298538208e-03
3.725020913407206535e-03
3.723557107150554657e-03
3.727948991581797600e-03
3.723557107150554657e-03
3.723557107150554657e-03
3.708919044584035873e-03
3.720629960298538208e-03
3.717702114954590797e-03
3.719165921211242676e-03
3.719165921211242676e-03
3.716238075867295265e-03
3.723557107150554657e-03
3.725020913407206535e-03
3.720629960298538208e-03
3.705990966409444809e-03
3.733803983777761459e-03
3.746978938579559326e-03
3.744051093235611916e-03
3.748442977666854858e-03
3.749907016754150391e-03
3.752835094928741455e-03
3.755762008950114250e-03
3.752835094928741455e-03
3.730877069756388664e-03
3.748442977666854858e-03
3.749907016754150391e-03
3.748442977666854858e-03
3.748442977666854858e-03
3.748442977666854858e-03
3.752835094928741455e-03
3.755762008950114250e-03
3.723557107150554657e-03
3.710383083671331406e-03
3.714774036779999733e-03
3.723557107150554657e-03
3.719165921211242676e-03
3.714774036779999733e-03
3.716238075867295265e-03
3.723557107150554657e-03
3.720629960298538208e-03
3.723557107150554657e-03
3.723557107150554657e-03
3.713309997692704201e-03
3.717702114954590797e-03
3.720629960298538208e-03
3.717702114954590797e-03
3.714774036779999733e-03
3.746978938579559326e-03
3.749907016754150391e-03
3.749907016754150391e-03
3.748442977666854858e-03
3.741123946383595467e-03
3.746978938579559326e-03
3.746978938579559326e-03
3.745514899492263794e-03
3.745514899492263794e-03
3.749907016754150391e-03
3.752835094928741455e-03
3.751371055841445923e-03
3.751371055841445923e-03
3.729413030669093132e-03
3.748442977666854858e-03
3.745514899492263794e-03
3.717702114954590797e-03
3.716238075867295265e-03
3.717702114954590797e-03
3.720629960298538208e-03
3.723557107150554657e-03
3.719165921211242676e-03
3.700135974213480949e-03
3.711846889927983284e-03
3.719165921211242676e-03
3.714774036779999733e-03
3.716238075867295265e-03
3.723557107150554657e-03
3.723557107150554657e-03
3.720629960298538208e-03
3.726484952494502068e-03
3.719165921211242676e-03
3.678177949041128159e-03
