3.989979159086942673e-03
4.029503092169761658e-03
4.009008873254060745e-03
4.025111906230449677e-03
4.025111906230449677e-03
4.028039053082466125e-03
4.026575945317745209e-03
4.023647867143154144e-03
4.022183828055858612e-03
4.029503092169761658e-03
4.030967131257057190e-03
4.030967131257057190e-03
4.020719788968563080e-03
4.028039053082466125e-03
4.020719788968563080e-03
4.022183828055858612e-03
4.019256215542554855e-03
3.992906771600246429e-03
3.992906771600246429e-03
4.003154113888740540e-03
4.004618152976036072e-03
3.991443198174238205e-03
3.997297957539558411e-03
3.994370810687541962e-03
3.998761996626853943e-03
4.000226035714149475e-03
3.995834849774837494e-03
3.994370810687541962e-03
3.997297957539558411e-03
3.998761996626853943e-03
3.987051080912351608e-03
3.997297957539558411e-03
4.038285929709672928e-03
4.035358782857656479e-03
4.026575945317745209e-03
4.023647867143154144e-03
4.022183828055858612e-03
4.025111906230449677e-03
4.028039053082466125e-03
4.030967131257057190e-03
4.023647867143154144e-03
4.022183828055858612e-03
4.025111906230449677e-03
4.022183828055858612e-03
4.023647867143154144e-03
4.020719788968563080e-03
4.014865029603242874e-03
4.020719788968563080e-03
3.989979159086942673e-03
3.994370810687541962e-03
3.991443198174238205e-03
3.994370810687541962e-03
3.997297957539558411e-03
3.998761996626853943e-03
3.998761996626853943e-03
3.992906771600246429e-03
3.994370810687541962e-03
3.984123934060335159e-03
3.997297957539558411e-03
3.994370810687541962e-03
3.991443198174238205e-03
3.994370810687541962e-03
3.994370810687541962e-03
3.998761996626853943e-03
4.029503092169761658e-03
4.030967131257057190e-03
4.017792176455259323e-03
4.026575945317745209e-03
4.023647867143154144e-03
4.022183828055858612e-03
4.020719788968563080e-03
4.022183828055858612e-03
4.022183828055858612e-03
4.014865029603242874e-03
4.019256215542554855e-03
4.000226035714149475e-03
4.026575945317745209e-03
4.019256215542554855e-03
4.026575945317745209e-03
4.022183828055858612e-03
3.989979159086942673e-03
3.991443198174238205e-03
3.985587973147630692e-03
3.987051080912351608e-03
3.982659894973039627e-03
3.998761996626853943e-03
3.994370810687541962e-03
3.991443198174238205e-03
3.992906771600246429e-03
3.992906771600246429e-03
3.994370810687541962e-03
3.994370810687541962e-03
3.991443198174238205e-03
3.979731816798448563e-03
3.994370810687541962e-03
3.991443198174238205e-03
3.903612028807401657e-03
