3.720629960298538208e-03
3.878725925460457802e-03
3.881654003635048866e-03
3.883118042722344398e-03
3.881654003635048866e-03
3.881654003635048866e-03
3.868479048833250999e-03
3.845056984573602676e-03
3.824562998488545418e-03
3.804069012403488159e-03
3.774791955947875977e-03
3.770401002839207649e-03
3.755762008950114250e-03
3.763081971555948257e-03
3.755762008950114250e-03
3.764545079320669174e-03
3.742587985470890999e-03
3.727948991581797600e-03
3.725020913407206535e-03
3.725020913407206535e-03
3.720629960298538208e-03
3.719165921211242676e-03
3.719165921211242676e-03
3.719165921211242676e-03
3.719165921211242676e-03
3.725020913407206535e-03
3.722093999385833740e-03
3.722093999385833740e-03
3.720629960298538208e-03
3.722093999385833740e-03
3.722093999385833740e-03
3.716238075867295265e-03
3.752835094928741455e-03
3.746978938579559326e-03
3.749907016754150391e-03
3.751371055841445923e-03
3.752835094928741455e-03
3.749907016754150391e-03
3.751371055841445923e-03
3.749907016754150391e-03
3.742587985470890999e-03
3.748442977666854858e-03
3.752835094928741455e-03
3.755762008950114250e-03
3.752835094928741455e-03
3.748442977666854858e-03
3.751371055841445923e-03
3.752835094928741455e-03
3.725020913407206535e-03
3.713309997692704201e-03
3.716238075867295265e-03
3.716238075867295265e-03
3.713309997692704201e-03
3.719165921211242676e-03
3.719165921211242676e-03
3.720629960298538208e-03
3.722093999385833740e-03
3.720629960298538208e-03
3.707455005496740341e-03
3.710383083671331406e-03
3.719165921211242676e-03
3.716238075867295265e-03
3.717702114954590797e-03
3.716238075867295265e-03
3.748442977666854858e-03
3.751371055841445923e-03
3.748442977666854858e-03
3.739659907296299934e-03
3.744051093235611916e-03
3.746978938579559326e-03
3.748442977666854858e-03
3.746978938579559326e-03
3.744051093235611916e-03
3.741123946383595467e-03
3.748442977666854858e-03
3.757226048037409782e-03
3.726484952494502068e-03
3.746978938579559326e-03
3.746978938579559326e-03
3.746978938579559326e-03
3.722093999385833740e-03
3.716238075867295265e-03
3.713309997692704201e-03
3.713309997692704201e-03
3.719165921211242676e-03
3.701600013300776482e-03
3.714774036779999733e-03
3.720629960298538208e-03
3.714774036779999733e-03
3.714774036779999733e-03
3.714774036779999733e-03
3.713309997692704201e-03
3.710383083671331406e-03
3.723557107150554657e-03
3.717702114954590797e-03
3.710383083671331406e-03
3.755762008950114250e-03
