3.622550982981920242e-03
3.736732061952352524e-03
3.729413030669093132e-03
3.736732061952352524e-03
3.744051093235611916e-03
3.748442977666854858e-03
3.748442977666854858e-03
3.746978938579559326e-03
3.742587985470890999e-03
3.749907016754150391e-03
3.741123946383595467e-03
3.739659907296299934e-03
3.746978938579559326e-03
3.741123946383595467e-03
3.745514899492263794e-03
3.748442977666854858e-03
3.710383083671331406e-03
3.716238075867295265e-03
3.726484952494502068e-03
3.720629960298538208e-03
3.701600013300776482e-03
3.707455005496740341e-03
3.714774036779999733e-03
3.719165921211242676e-03
3.720629960298538208e-03
3.723557107150554657e-03
3.719165921211242676e-03
3.717702114954590797e-03
3.717702114954590797e-03
3.692816011607646942e-03
3.714774036779999733e-03
3.716238075867295265e-03
3.741123946383595467e-03
3.742587985470890999e-03
3.741123946383595467e-03
3.742587985470890999e-03
3.742587985470890999e-03
3.755762008950114250e-03
3.738196101039648056e-03
3.746978938579559326e-03
3.751371055841445923e-03
3.748442977666854858e-03
3.746978938579559326e-03
3.744051093235611916e-03
3.745514899492263794e-03
3.748442977666854858e-03
3.745514899492263794e-03
3.735268022865056992e-03
3.708919044584035873e-03
3.711846889927983284e-03
3.713309997692704201e-03
3.719165921211242676e-03
3.716238075867295265e-03
3.716238075867295265e-03
3.717702114954590797e-03
3.713309997692704201e-03
3.703062888234853745e-03
3.717702114954590797e-03
3.713309997692704201e-03
3.711846889927983284e-03
3.714774036779999733e-03
3.713309997692704201e-03
3.713309997692704201e-03
3.710383083671331406e-03
3.746978938579559326e-03
3.744051093235611916e-03
3.744051093235611916e-03
3.745514899492263794e-03
3.744051093235611916e-03
3.742587985470890999e-03
3.746978938579559326e-03
3.748442977666854858e-03
3.748442977666854858e-03
3.741123946383595467e-03
3.745514899492263794e-03
3.738196101039648056e-03
3.745514899492263794e-03
3.751371055841445923e-03
3.745514899492263794e-03
3.745514899492263794e-03
3.711846889927983284e-03
3.714774036779999733e-03
3.710383083671331406e-03
3.716238075867295265e-03
3.698671935126185417e-03
3.713309997692704201e-03
3.710383083671331406e-03
3.708919044584035873e-03
3.713309997692704201e-03
3.711846889927983284e-03
3.719165921211242676e-03
3.714774036779999733e-03
3.710383083671331406e-03
3.692816011607646942e-03
3.708919044584035873e-03
3.713309997692704201e-03
3.760153893381357193e-03
