3.850912908092141151e-03
3.875798080116510391e-03
3.869943087920546532e-03
3.865550970658659935e-03
3.862624056637287140e-03
3.847985062748193741e-03
3.831882961094379425e-03
3.817243967205286026e-03
3.801142098382115364e-03
3.785039065405726433e-03
3.773329081013798714e-03
3.764545079320669174e-03
3.746978938579559326e-03
3.766008885577321053e-03
3.757226048037409782e-03
3.755762008950114250e-03
3.760153893381357193e-03
3.730877069756388664e-03
3.723557107150554657e-03
3.720629960298538208e-03
3.725020913407206535e-03
3.703062888234853745e-03
3.719165921211242676e-03
3.722093999385833740e-03
3.722093999385833740e-03
3.717702114954590797e-03
3.720629960298538208e-03
3.719165921211242676e-03
3.717702114954590797e-03
3.719165921211242676e-03
3.720629960298538208e-03
3.717702114954590797e-03
3.754297969862818718e-03
3.748442977666854858e-03
3.751371055841445923e-03
3.745514899492263794e-03
3.752835094928741455e-03
3.746978938579559326e-03
3.748442977666854858e-03
3.749907016754150391e-03
3.748442977666854858e-03
3.748442977666854858e-03
3.751371055841445923e-03
3.751371055841445923e-03
3.745514899492263794e-03
3.746978938579559326e-03
3.748442977666854858e-03
3.746978938579559326e-03
3.725020913407206535e-03
3.700135974213480949e-03
3.719165921211242676e-03
3.717702114954590797e-03
3.717702114954590797e-03
3.716238075867295265e-03
3.720629960298538208e-03
3.717702114954590797e-03
3.717702114954590797e-03
3.714774036779999733e-03
3.698671935126185417e-03
3.722093999385833740e-03
3.720629960298538208e-03
3.719165921211242676e-03
3.723557107150554657e-03
3.720629960298538208e-03
3.748442977666854858e-03
3.745514899492263794e-03
3.748442977666854858e-03
3.732341108843684196e-03
3.748442977666854858e-03
3.748442977666854858e-03
3.748442977666854858e-03
3.748442977666854858e-03
3.748442977666854858e-03
3.748442977666854858e-03
3.746978938579559326e-03
3.748442977666854858e-03
3.742587985470890999e-03
3.744051093235611916e-03
3.752835094928741455e-03
3.749907016754150391e-03
3.717702114954590797e-03
3.717702114954590797e-03
3.714774036779999733e-03
3.717702114954590797e-03
3.713309997692704201e-03
3.711846889927983284e-03
3.710383083671331406e-03
3.711846889927983284e-03
3.714774036779999733e-03
3.713309997692704201e-03
3.719165921211242676e-03
3.717702114954590797e-03
3.722093999385833740e-03
3.717702114954590797e-03
3.713309997692704201e-03
3.710383083671331406e-03
3.789430949836969376e-03
