4.142220132052898407e-03
4.143684171140193939e-03
4.136364907026290894e-03
4.139292985200881958e-03
4.149539861828088760e-03
4.149539861828088760e-03
4.149539861828088760e-03
4.152467008680105209e-03
4.152467008680105209e-03
4.158323165029287338e-03
4.153931047767400742e-03
4.142220132052898407e-03
4.148075822740793228e-03
4.148075822740793228e-03
4.146611783653497696e-03
4.151002969592809677e-03
4.115871153771877289e-03
4.114407114684581757e-03
4.118799231946468353e-03
4.098305013030767441e-03
4.111479036509990692e-03
4.111479036509990692e-03
4.108551889657974243e-03
4.111479036509990692e-03
4.115871153771877289e-03
4.111479036509990692e-03
4.115871153771877289e-03
4.115871153771877289e-03
4.105623811483383179e-03
4.111479036509990692e-03
4.114407114684581757e-03
4.112943075597286224e-03
4.145148210227489471e-03
4.149539861828088760e-03
4.148075822740793228e-03
4.155395086854696274e-03
4.155395086854696274e-03
4.149539861828088760e-03
4.148075822740793228e-03
4.152467008680105209e-03
4.148075822740793228e-03
4.151002969592809677e-03
4.153931047767400742e-03
4.149539861828088760e-03
4.149539861828088760e-03
4.124653991311788559e-03
4.146611783653497696e-03
4.168570041656494141e-03
4.111479036509990692e-03
4.115871153771877289e-03
4.114407114684581757e-03
4.110014997422695160e-03
4.111479036509990692e-03
4.111479036509990692e-03
4.104159772396087646e-03
4.107087850570678711e-03
4.105623811483383179e-03
4.114407114684581757e-03
4.112943075597286224e-03
4.112943075597286224e-03
4.114407114684581757e-03
4.112943075597286224e-03
4.086594097316265106e-03
4.126118030399084091e-03
4.146611783653497696e-03
4.143684171140193939e-03
4.148075822740793228e-03
4.146611783653497696e-03
4.151002969592809677e-03
4.149539861828088760e-03
4.151002969592809677e-03
4.129046108573675156e-03
4.148075822740793228e-03
4.146611783653497696e-03
4.143684171140193939e-03
4.142220132052898407e-03
4.152467008680105209e-03
4.153931047767400742e-03
4.155395086854696274e-03
4.114407114684581757e-03
4.104159772396087646e-03
4.111479036509990692e-03
4.107087850570678711e-03
4.108551889657974243e-03
4.107087850570678711e-03
4.107087850570678711e-03
4.114407114684581757e-03
4.112943075597286224e-03
4.096840973943471909e-03
4.108551889657974243e-03
4.111479036509990692e-03
4.107087850570678711e-03
4.107087850570678711e-03
4.107087850570678711e-03
4.105623811483383179e-03
4.111479036509990692e-03
4.067563917487859726e-03
