3.948991186916828156e-03
3.987051080912351608e-03
4.000226035714149475e-03
4.009008873254060745e-03
4.026575945317745209e-03
4.036822821944952011e-03
4.039749968796968460e-03
4.035358782857656479e-03
4.045606125146150589e-03
4.048532806336879730e-03
4.045606125146150589e-03
4.045606125146150589e-03
4.044142086058855057e-03
4.045606125146150589e-03
4.045606125146150589e-03
4.047070164233446121e-03
4.055853001773357391e-03
3.989979159086942673e-03
3.987051080912351608e-03
3.985587973147630692e-03
3.978267777711153030e-03
3.984123934060335159e-03
3.985587973147630692e-03
3.981195855885744095e-03
3.982659894973039627e-03
3.968020901083946228e-03
3.975341096520423889e-03
3.970948979258537292e-03
3.975341096520423889e-03
3.975341096520423889e-03
3.975341096520423889e-03
3.973877057433128357e-03
4.009008873254060745e-03
4.016329068690538406e-03
4.022183828055858612e-03
4.035358782857656479e-03
4.041214007884263992e-03
4.044142086058855057e-03
4.048532806336879730e-03
4.038285929709672928e-03
4.045606125146150589e-03
4.042678046971559525e-03
4.048532806336879730e-03
4.042678046971559525e-03
4.042678046971559525e-03
4.045606125146150589e-03
4.044142086058855057e-03
4.047070164233446121e-03
4.007544834166765213e-03
3.994370810687541962e-03
3.985587973147630692e-03
3.988515119999647141e-03
3.978267777711153030e-03
3.975341096520423889e-03
3.975341096520423889e-03
3.972413018345832825e-03
3.976804204285144806e-03
3.981195855885744095e-03
3.975341096520423889e-03
3.973877057433128357e-03
3.970948979258537292e-03
3.965094219893217087e-03
3.975341096520423889e-03
3.975341096520423889e-03
4.007544834166765213e-03
4.020719788968563080e-03
4.028039053082466125e-03
4.036822821944952011e-03
4.047070164233446121e-03
4.042678046971559525e-03
4.041214007884263992e-03
4.045606125146150589e-03
4.045606125146150589e-03
4.039749968796968460e-03
4.042678046971559525e-03
4.048532806336879730e-03
4.048532806336879730e-03
4.047070164233446121e-03
4.047070164233446121e-03
4.035358782857656479e-03
3.995834849774837494e-03
3.988515119999647141e-03
3.989979159086942673e-03
3.981195855885744095e-03
3.982659894973039627e-03
3.978267777711153030e-03
3.976804204285144806e-03
3.957774024456739426e-03
3.970948979258537292e-03
3.972413018345832825e-03
3.972413018345832825e-03
3.975341096520423889e-03
3.972413018345832825e-03
3.968020901083946228e-03
3.968020901083946228e-03
3.973877057433128357e-03
4.080737940967082977e-03
