4.348624031990766525e-03
4.342768806964159012e-03
4.344231914728879929e-03
4.333985038101673126e-03
4.341304767876863480e-03
4.339841194450855255e-03
4.338377155363559723e-03
4.339841194450855255e-03
4.338377155363559723e-03
4.347159992903470993e-03
4.345695953816175461e-03
4.345695953816175461e-03
4.332521930336952209e-03
4.341304767876863480e-03
4.341304767876863480e-03
4.336913116276264191e-03
4.306172020733356476e-03
4.304707981646060944e-03
4.310564137995243073e-03
4.312028177082538605e-03
4.313490819185972214e-03
4.301780834794044495e-03
4.307636059820652008e-03
4.303243942558765411e-03
4.303243942558765411e-03
4.303243942558765411e-03
4.304707981646060944e-03
4.304707981646060944e-03
4.304707981646060944e-03
4.288605879992246628e-03
4.306172020733356476e-03
4.304707981646060944e-03
4.344231914728879929e-03
4.342768806964159012e-03
4.341304767876863480e-03
4.338377155363559723e-03
4.339841194450855255e-03
4.339841194450855255e-03
4.329593852162361145e-03
4.338377155363559723e-03
4.341304767876863480e-03
4.336913116276264191e-03
4.338377155363559723e-03
4.339841194450855255e-03
4.336913116276264191e-03
4.339841194450855255e-03
4.342768806964159012e-03
4.350088071078062057e-03
4.297389183193445206e-03
4.306172020733356476e-03
4.303243942558765411e-03
4.303243942558765411e-03
4.306172020733356476e-03
4.306172020733356476e-03
4.298853222280740738e-03
4.300316795706748962e-03
4.306172020733356476e-03
4.300316795706748962e-03
4.306172020733356476e-03
4.307636059820652008e-03
4.306172020733356476e-03
4.303243942558765411e-03
4.301780834794044495e-03
4.304707981646060944e-03
4.341304767876863480e-03
4.323738161474466324e-03
4.339841194450855255e-03
4.338377155363559723e-03
4.342768806964159012e-03
4.339841194450855255e-03
4.336913116276264191e-03
4.336913116276264191e-03
4.341304767876863480e-03
4.339841194450855255e-03
4.342768806964159012e-03
4.339841194450855255e-03
4.339841194450855255e-03
4.339841194450855255e-03
4.339841194450855255e-03
4.341304767876863480e-03
4.306172020733356476e-03
4.304707981646060944e-03
4.303243942558765411e-03
4.279823042452335358e-03
4.295925144106149673e-03
4.306172020733356476e-03
4.309100098907947540e-03
4.303243942558765411e-03
4.306172020733356476e-03
4.306172020733356476e-03
4.295925144106149673e-03
4.303243942558765411e-03
4.285677801817655563e-03
4.298853222280740738e-03
4.303243942558765411e-03
4.306172020733356476e-03
4.243225790560245514e-03
