4.306172020733356476e-03
4.344231914728879929e-03
4.328129813075065613e-03
4.339841194450855255e-03
4.338377155363559723e-03
4.339841194450855255e-03
4.338377155363559723e-03
4.336913116276264191e-03
4.342768806964159012e-03
4.345695953816175461e-03
4.345695953816175461e-03
4.336913116276264191e-03
4.336913116276264191e-03
4.338377155363559723e-03
4.339841194450855255e-03
4.338377155363559723e-03
4.392540082335472107e-03
4.303243942558765411e-03
4.309100098907947540e-03
4.310564137995243073e-03
4.307636059820652008e-03
4.303243942558765411e-03
4.306172020733356476e-03
4.306172020733356476e-03
4.306172020733356476e-03
4.303243942558765411e-03
4.301780834794044495e-03
4.303243942558765411e-03
4.314954858273267746e-03
4.287141840904951096e-03
4.304707981646060944e-03
4.304707981646060944e-03
4.357406869530677795e-03
4.341304767876863480e-03
4.338377155363559723e-03
4.339841194450855255e-03
4.338377155363559723e-03
4.344231914728879929e-03
4.329593852162361145e-03
4.341304767876863480e-03
4.338377155363559723e-03
4.342768806964159012e-03
4.341304767876863480e-03
4.338377155363559723e-03
4.341304767876863480e-03
4.338377155363559723e-03
4.342768806964159012e-03
4.323738161474466324e-03
4.310564137995243073e-03
4.314954858273267746e-03
4.304707981646060944e-03
4.307636059820652008e-03
4.306172020733356476e-03
4.303243942558765411e-03
4.306172020733356476e-03
4.306172020733356476e-03
4.279823042452335358e-03
4.303243942558765411e-03
4.309100098907947540e-03
4.306172020733356476e-03
4.306172020733356476e-03
4.307636059820652008e-03
4.307636059820652008e-03
4.306172020733356476e-03
4.341304767876863480e-03
4.329593852162361145e-03
4.336913116276264191e-03
4.339841194450855255e-03
4.345695953816175461e-03
4.344231914728879929e-03
4.341304767876863480e-03
4.344231914728879929e-03
4.342768806964159012e-03
4.341304767876863480e-03
4.332521930336952209e-03
4.338377155363559723e-03
4.335449077188968658e-03
4.335449077188968658e-03
4.341304767876863480e-03
4.342768806964159012e-03
4.309100098907947540e-03
4.306172020733356476e-03
4.306172020733356476e-03
4.294461105018854141e-03
4.300316795706748962e-03
4.303243942558765411e-03
4.300316795706748962e-03
4.300316795706748962e-03
4.306172020733356476e-03
4.304707981646060944e-03
4.303243942558765411e-03
4.300316795706748962e-03
4.300316795706748962e-03
4.300316795706748962e-03
4.304707981646060944e-03
4.301780834794044495e-03
4.424745216965675354e-03
