4.112943075597286224e-03
4.137828946113586426e-03
4.143684171140193939e-03
4.142220132052898407e-03
4.146611783653497696e-03
4.148075822740793228e-03
4.126118030399084091e-03
4.148075822740793228e-03
4.151002969592809677e-03
4.153931047767400742e-03
4.153931047767400742e-03
4.149539861828088760e-03
4.149539861828088760e-03
4.149539861828088760e-03
4.152467008680105209e-03
4.130509216338396072e-03
4.121725913137197495e-03
4.118799231946468353e-03
4.115871153771877289e-03
4.117335192859172821e-03
4.115871153771877289e-03
4.115871153771877289e-03
4.111479036509990692e-03
4.104159772396087646e-03
4.102696198970079422e-03
4.111479036509990692e-03
4.121725913137197495e-03
4.114407114684581757e-03
4.117335192859172821e-03
4.115871153771877289e-03
4.112943075597286224e-03
4.114407114684581757e-03
4.130509216338396072e-03
4.146611783653497696e-03
4.146611783653497696e-03
4.151002969592809677e-03
4.153931047767400742e-03
4.153931047767400742e-03
4.152467008680105209e-03
4.152467008680105209e-03
4.151002969592809677e-03
4.145148210227489471e-03
4.152467008680105209e-03
4.145148210227489471e-03
4.145148210227489471e-03
4.149539861828088760e-03
4.155395086854696274e-03
4.153931047767400742e-03
4.115871153771877289e-03
4.095376934856176376e-03
4.108551889657974243e-03
4.111479036509990692e-03
4.111479036509990692e-03
4.110014997422695160e-03
4.108551889657974243e-03
4.110014997422695160e-03
4.112943075597286224e-03
4.118799231946468353e-03
4.101232159882783890e-03
4.112943075597286224e-03
4.107087850570678711e-03
4.110014997422695160e-03
4.112943075597286224e-03
4.108551889657974243e-03
4.145148210227489471e-03
4.146611783653497696e-03
4.126118030399084091e-03
4.146611783653497696e-03
4.152467008680105209e-03
4.151002969592809677e-03
4.149539861828088760e-03
4.149539861828088760e-03
4.149539861828088760e-03
4.149539861828088760e-03
4.146611783653497696e-03
4.121725913137197495e-03
4.151002969592809677e-03
4.149539861828088760e-03
4.151002969592809677e-03
4.151002969592809677e-03
4.111479036509990692e-03
4.108551889657974243e-03
4.110014997422695160e-03
4.110014997422695160e-03
4.095376934856176376e-03
4.108551889657974243e-03
4.117335192859172821e-03
4.114407114684581757e-03
4.111479036509990692e-03
4.111479036509990692e-03
4.108551889657974243e-03
4.110014997422695160e-03
4.090984817594289780e-03
4.107087850570678711e-03
4.111479036509990692e-03
4.118799231946468353e-03
4.061708226799964905e-03
