4.099768120795488358e-03
4.134900867938995361e-03
4.137828946113586426e-03
4.145148210227489471e-03
4.149539861828088760e-03
4.145148210227489471e-03
4.151002969592809677e-03
4.151002969592809677e-03
4.151002969592809677e-03
4.151002969592809677e-03
4.149539861828088760e-03
4.149539861828088760e-03
4.149539861828088760e-03
4.136364907026290894e-03
4.151002969592809677e-03
4.153931047767400742e-03
4.155395086854696274e-03
4.115871153771877289e-03
4.112943075597286224e-03
4.114407114684581757e-03
4.114407114684581757e-03
4.111479036509990692e-03
4.098305013030767441e-03
4.118799231946468353e-03
4.114407114684581757e-03
4.114407114684581757e-03
4.115871153771877289e-03
4.114407114684581757e-03
4.112943075597286224e-03
4.110014997422695160e-03
4.093912895768880844e-03
4.105623811483383179e-03
4.153931047767400742e-03
4.146611783653497696e-03
4.149539861828088760e-03
4.152467008680105209e-03
4.153931047767400742e-03
4.148075822740793228e-03
4.152467008680105209e-03
4.131972789764404297e-03
4.145148210227489471e-03
4.156859125941991806e-03
4.152467008680105209e-03
4.152467008680105209e-03
4.151002969592809677e-03
4.149539861828088760e-03
4.146611783653497696e-03
4.148075822740793228e-03
4.115871153771877289e-03
4.107087850570678711e-03
4.105623811483383179e-03
4.111479036509990692e-03
4.111479036509990692e-03
4.111479036509990692e-03
4.111479036509990692e-03
4.111479036509990692e-03
4.095376934856176376e-03
4.107087850570678711e-03
4.110014997422695160e-03
4.107087850570678711e-03
4.107087850570678711e-03
4.114407114684581757e-03
4.115871153771877289e-03
4.112943075597286224e-03
4.151002969592809677e-03
4.139292985200881958e-03
4.143684171140193939e-03
4.142220132052898407e-03
4.148075822740793228e-03
4.153931047767400742e-03
4.152467008680105209e-03
4.152467008680105209e-03
4.151002969592809677e-03
4.143684171140193939e-03
4.143684171140193939e-03
4.148075822740793228e-03
4.146611783653497696e-03
4.148075822740793228e-03
4.156859125941991806e-03
4.153931047767400742e-03
4.115871153771877289e-03
4.115871153771877289e-03
4.088058136403560638e-03
4.107087850570678711e-03
4.108551889657974243e-03
4.108551889657974243e-03
4.108551889657974243e-03
4.107087850570678711e-03
4.105623811483383179e-03
4.108551889657974243e-03
4.108551889657974243e-03
4.107087850570678711e-03
4.110014997422695160e-03
4.102696198970079422e-03
4.108551889657974243e-03
4.111479036509990692e-03
4.055853001773357391e-03
