4.080737940967082977e-03
4.137828946113586426e-03
4.139292985200881958e-03
4.134900867938995361e-03
4.143684171140193939e-03
4.142220132052898407e-03
4.146611783653497696e-03
4.145148210227489471e-03
4.151002969592809677e-03
4.133436828851699829e-03
4.142220132052898407e-03
4.140756092965602875e-03
4.139292985200881958e-03
4.146611783653497696e-03
4.146611783653497696e-03
4.151002969592809677e-03
4.177352879196405411e-03
4.124653991311788559e-03
4.114407114684581757e-03
4.117335192859172821e-03
4.124653991311788559e-03
4.117335192859172821e-03
4.114407114684581757e-03
4.118799231946468353e-03
4.120261874049901962e-03
4.124653991311788559e-03
4.123189952224493027e-03
4.114407114684581757e-03
4.117335192859172821e-03
4.120261874049901962e-03
4.111479036509990692e-03
4.121725913137197495e-03
4.162713885307312012e-03
4.149539861828088760e-03
4.146611783653497696e-03
4.136364907026290894e-03
4.140756092965602875e-03
4.142220132052898407e-03
4.143684171140193939e-03
4.145148210227489471e-03
4.142220132052898407e-03
4.145148210227489471e-03
4.149539861828088760e-03
4.146611783653497696e-03
4.140756092965602875e-03
4.142220132052898407e-03
4.142220132052898407e-03
4.143684171140193939e-03
4.120261874049901962e-03
4.114407114684581757e-03
4.123189952224493027e-03
4.126118030399084091e-03
4.096840973943471909e-03
4.117335192859172821e-03
4.115871153771877289e-03
4.115871153771877289e-03
4.117335192859172821e-03
4.115871153771877289e-03
4.117335192859172821e-03
4.123189952224493027e-03
4.121725913137197495e-03
4.111479036509990692e-03
4.121725913137197495e-03
4.124653991311788559e-03
4.146611783653497696e-03
4.143684171140193939e-03
4.143684171140193939e-03
4.145148210227489471e-03
4.151002969592809677e-03
4.142220132052898407e-03
4.143684171140193939e-03
4.145148210227489471e-03
4.149539861828088760e-03
4.142220132052898407e-03
4.143684171140193939e-03
4.146611783653497696e-03
4.142220132052898407e-03
4.143684171140193939e-03
4.136364907026290894e-03
4.134900867938995361e-03
4.117335192859172821e-03
4.118799231946468353e-03
4.121725913137197495e-03
4.121725913137197495e-03
4.118799231946468353e-03
4.120261874049901962e-03
4.118799231946468353e-03
4.105623811483383179e-03
4.114407114684581757e-03
4.117335192859172821e-03
4.118799231946468353e-03
4.115871153771877289e-03
4.117335192859172821e-03
4.117335192859172821e-03
4.118799231946468353e-03
4.107087850570678711e-03
4.203701857477426529e-03
