3.973877057433128357e-03
3.988515119999647141e-03
4.004618152976036072e-03
4.004618152976036072e-03
4.023647867143154144e-03
4.036822821944952011e-03
4.039749968796968460e-03
4.045606125146150589e-03
4.044142086058855057e-03
4.047070164233446121e-03
4.049996845424175262e-03
4.045606125146150589e-03
4.033895209431648254e-03
4.044142086058855057e-03
4.039749968796968460e-03
4.047070164233446121e-03
4.006082192063331604e-03
3.995834849774837494e-03
3.985587973147630692e-03
3.987051080912351608e-03
3.978267777711153030e-03
3.973877057433128357e-03
3.984123934060335159e-03
3.981195855885744095e-03
3.976804204285144806e-03
3.978267777711153030e-03
3.976804204285144806e-03
3.970948979258537292e-03
3.972413018345832825e-03
3.972413018345832825e-03
3.972413018345832825e-03
3.968020901083946228e-03
3.991443198174238205e-03
4.016329068690538406e-03
4.026575945317745209e-03
4.035358782857656479e-03
4.042678046971559525e-03
4.041214007884263992e-03
4.041214007884263992e-03
4.035358782857656479e-03
4.038285929709672928e-03
4.041214007884263992e-03
4.044142086058855057e-03
4.044142086058855057e-03
4.047070164233446121e-03
4.045606125146150589e-03
4.042678046971559525e-03
4.048532806336879730e-03
3.988515119999647141e-03
3.988515119999647141e-03
3.984123934060335159e-03
3.984123934060335159e-03
3.978267777711153030e-03
3.978267777711153030e-03
3.976804204285144806e-03
3.979731816798448563e-03
3.979731816798448563e-03
3.969484940171241760e-03
3.975341096520423889e-03
3.973877057433128357e-03
3.973877057433128357e-03
3.973877057433128357e-03
3.976804204285144806e-03
3.975341096520423889e-03
4.004618152976036072e-03
4.023647867143154144e-03
4.029503092169761658e-03
4.036822821944952011e-03
4.042678046971559525e-03
4.039749968796968460e-03
4.047070164233446121e-03
4.044142086058855057e-03
4.045606125146150589e-03
4.038285929709672928e-03
4.048532806336879730e-03
4.041214007884263992e-03
4.041214007884263992e-03
4.048532806336879730e-03
4.045606125146150589e-03
4.044142086058855057e-03
3.991443198174238205e-03
3.995834849774837494e-03
3.987051080912351608e-03
3.981195855885744095e-03
3.975341096520423889e-03
3.975341096520423889e-03
3.970948979258537292e-03
3.972413018345832825e-03
3.979731816798448563e-03
3.975341096520423889e-03
3.973877057433128357e-03
3.973877057433128357e-03
3.954846877604722977e-03
3.965094219893217087e-03
3.970948979258537292e-03
3.976804204285144806e-03
3.972413018345832825e-03
