4.152467008680105209e-03
4.137828946113586426e-03
4.143684171140193939e-03
4.140756092965602875e-03
4.142220132052898407e-03
4.146611783653497696e-03
4.142220132052898407e-03
4.145148210227489471e-03
4.130509216338396072e-03
4.148075822740793228e-03
4.145148210227489471e-03
4.143684171140193939e-03
4.143684171140193939e-03
4.142220132052898407e-03
4.139292985200881958e-03
4.140756092965602875e-03
4.114407114684581757e-03
4.112943075597286224e-03
4.114407114684581757e-03
4.118799231946468353e-03
4.117335192859172821e-03
4.111479036509990692e-03
4.118799231946468353e-03
4.121725913137197495e-03
4.121725913137197495e-03
4.123189952224493027e-03
4.108551889657974243e-03
4.118799231946468353e-03
4.123189952224493027e-03
4.123189952224493027e-03
4.120261874049901962e-03
4.117335192859172821e-03
4.143684171140193939e-03
4.143684171140193939e-03
4.126118030399084091e-03
4.139292985200881958e-03
4.142220132052898407e-03
4.149539861828088760e-03
4.137828946113586426e-03
4.142220132052898407e-03
4.146611783653497696e-03
4.142220132052898407e-03
4.146611783653497696e-03
4.131972789764404297e-03
4.146611783653497696e-03
4.145148210227489471e-03
4.142220132052898407e-03
4.145148210227489471e-03
4.120261874049901962e-03
4.117335192859172821e-03
4.120261874049901962e-03
4.121725913137197495e-03
4.105623811483383179e-03
4.117335192859172821e-03
4.117335192859172821e-03
4.117335192859172821e-03
4.123189952224493027e-03
4.121725913137197495e-03
4.121725913137197495e-03
4.120261874049901962e-03
4.093912895768880844e-03
4.115871153771877289e-03
4.112943075597286224e-03
4.115871153771877289e-03
4.149539861828088760e-03
4.143684171140193939e-03
4.143684171140193939e-03
4.140756092965602875e-03
4.143684171140193939e-03
4.129046108573675156e-03
4.143684171140193939e-03
4.145148210227489471e-03
4.143684171140193939e-03
4.146611783653497696e-03
4.146611783653497696e-03
4.142220132052898407e-03
4.142220132052898407e-03
4.142220132052898407e-03
4.142220132052898407e-03
4.142220132052898407e-03
4.115871153771877289e-03
4.115871153771877289e-03
4.117335192859172821e-03
4.115871153771877289e-03
4.117335192859172821e-03
4.120261874049901962e-03
4.099768120795488358e-03
4.117335192859172821e-03
4.114407114684581757e-03
4.120261874049901962e-03
4.120261874049901962e-03
4.115871153771877289e-03
4.118799231946468353e-03
4.120261874049901962e-03
4.117335192859172821e-03
4.111479036509990692e-03
4.074883181601762772e-03
