3.953382838517427444e-03
3.998761996626853943e-03
4.003154113888740540e-03
4.019256215542554855e-03
4.030967131257057190e-03
4.041214007884263992e-03
4.044142086058855057e-03
4.017792176455259323e-03
4.042678046971559525e-03
4.045606125146150589e-03
4.047070164233446121e-03
4.052924923598766327e-03
4.049996845424175262e-03
4.045606125146150589e-03
4.047070164233446121e-03
4.047070164233446121e-03
4.006082192063331604e-03
3.982659894973039627e-03
3.978267777711153030e-03
3.981195855885744095e-03
3.976804204285144806e-03
3.979731816798448563e-03
3.982659894973039627e-03
3.982659894973039627e-03
3.979731816798448563e-03
3.960702102631330490e-03
3.972413018345832825e-03
3.973877057433128357e-03
3.970948979258537292e-03
3.973877057433128357e-03
3.970948979258537292e-03
3.975341096520423889e-03
4.011936951428651810e-03
4.025111906230449677e-03
4.017792176455259323e-03
4.039749968796968460e-03
4.039749968796968460e-03
4.041214007884263992e-03
4.042678046971559525e-03
4.041214007884263992e-03
4.042678046971559525e-03
4.044142086058855057e-03
4.047070164233446121e-03
4.041214007884263992e-03
4.044142086058855057e-03
4.044142086058855057e-03
4.041214007884263992e-03
4.045606125146150589e-03
3.997297957539558411e-03
3.988515119999647141e-03
3.984123934060335159e-03
3.988515119999647141e-03
3.981195855885744095e-03
3.975341096520423889e-03
3.973877057433128357e-03
3.982659894973039627e-03
3.975341096520423889e-03
3.973877057433128357e-03
3.972413018345832825e-03
3.972413018345832825e-03
3.976804204285144806e-03
3.953382838517427444e-03
3.972413018345832825e-03
3.970948979258537292e-03
4.009008873254060745e-03
4.025111906230449677e-03
4.033895209431648254e-03
4.042678046971559525e-03
4.039749968796968460e-03
4.045606125146150589e-03
4.032431170344352722e-03
4.045606125146150589e-03
4.049996845424175262e-03
4.047070164233446121e-03
4.047070164233446121e-03
4.045606125146150589e-03
4.045606125146150589e-03
4.045606125146150589e-03
4.044142086058855057e-03
4.045606125146150589e-03
3.989979159086942673e-03
3.988515119999647141e-03
3.981195855885744095e-03
3.982659894973039627e-03
3.981195855885744095e-03
3.978267777711153030e-03
3.975341096520423889e-03
3.969484940171241760e-03
3.975341096520423889e-03
3.970948979258537292e-03
3.975341096520423889e-03
3.975341096520423889e-03
3.973877057433128357e-03
3.969484940171241760e-03
3.970948979258537292e-03
3.975341096520423889e-03
3.934353124350309372e-03
