3.951918799430131912e-03
3.989979159086942673e-03
3.994370810687541962e-03
4.006082192063331604e-03
4.026575945317745209e-03
4.033895209431648254e-03
4.044142086058855057e-03
4.039749968796968460e-03
4.039749968796968460e-03
4.045606125146150589e-03
4.045606125146150589e-03
4.039749968796968460e-03
4.044142086058855057e-03
4.041214007884263992e-03
4.048532806336879730e-03
4.049996845424175262e-03
4.077810794115066528e-03
3.989979159086942673e-03
3.985587973147630692e-03
3.981195855885744095e-03
3.978267777711153030e-03
3.979731816798448563e-03
3.975341096520423889e-03
3.975341096520423889e-03
3.978267777711153030e-03
3.975341096520423889e-03
3.975341096520423889e-03
3.975341096520423889e-03
3.972413018345832825e-03
3.975341096520423889e-03
3.973877057433128357e-03
3.973877057433128357e-03
4.000226035714149475e-03
4.016329068690538406e-03
4.013400990515947342e-03
4.029503092169761658e-03
4.042678046971559525e-03
4.044142086058855057e-03
4.044142086058855057e-03
4.044142086058855057e-03
4.048532806336879730e-03
4.044142086058855057e-03
4.045606125146150589e-03
4.032431170344352722e-03
4.045606125146150589e-03
4.047070164233446121e-03
4.047070164233446121e-03
4.042678046971559525e-03
4.001690074801445007e-03
3.991443198174238205e-03
3.985587973147630692e-03
3.982659894973039627e-03
3.960702102631330490e-03
3.975341096520423889e-03
3.975341096520423889e-03
3.979731816798448563e-03
3.976804204285144806e-03
3.973877057433128357e-03
3.975341096520423889e-03
3.973877057433128357e-03
3.973877057433128357e-03
3.946064040064811707e-03
3.966556861996650696e-03
3.975341096520423889e-03
4.009008873254060745e-03
4.017792176455259323e-03
4.035358782857656479e-03
4.036822821944952011e-03
4.041214007884263992e-03
4.039749968796968460e-03
4.020719788968563080e-03
4.039749968796968460e-03
4.047070164233446121e-03
4.051460884511470795e-03
4.047070164233446121e-03
4.047070164233446121e-03
4.048532806336879730e-03
4.044142086058855057e-03
4.047070164233446121e-03
4.030967131257057190e-03
3.994370810687541962e-03
3.987051080912351608e-03
3.991443198174238205e-03
3.985587973147630692e-03
3.984123934060335159e-03
3.981195855885744095e-03
3.981195855885744095e-03
3.975341096520423889e-03
3.960702102631330490e-03
3.972413018345832825e-03
3.972413018345832825e-03
3.966556861996650696e-03
3.969484940171241760e-03
3.972413018345832825e-03
3.969484940171241760e-03
3.972413018345832825e-03
4.126118030399084091e-03
