3.959238063544034958e-03
3.989979159086942673e-03
3.998761996626853943e-03
4.013400990515947342e-03
4.025111906230449677e-03
4.036822821944952011e-03
4.042678046971559525e-03
4.041214007884263992e-03
4.042678046971559525e-03
4.041214007884263992e-03
4.049996845424175262e-03
4.051460884511470795e-03
4.048532806336879730e-03
4.042678046971559525e-03
4.044142086058855057e-03
4.047070164233446121e-03
4.004618152976036072e-03
3.985587973147630692e-03
3.985587973147630692e-03
3.985587973147630692e-03
3.984123934060335159e-03
3.982659894973039627e-03
3.970948979258537292e-03
3.976804204285144806e-03
3.981195855885744095e-03
3.982659894973039627e-03
3.978267777711153030e-03
3.976804204285144806e-03
3.975341096520423889e-03
3.979731816798448563e-03
3.948991186916828156e-03
3.966556861996650696e-03
4.017792176455259323e-03
4.023647867143154144e-03
4.030967131257057190e-03
4.036822821944952011e-03
4.039749968796968460e-03
4.042678046971559525e-03
4.045606125146150589e-03
4.028039053082466125e-03
4.042678046971559525e-03
4.042678046971559525e-03
4.047070164233446121e-03
4.044142086058855057e-03
4.045606125146150589e-03
4.048532806336879730e-03
4.045606125146150589e-03
4.047070164233446121e-03
3.998761996626853943e-03
3.982659894973039627e-03
3.982659894973039627e-03
3.982659894973039627e-03
3.984123934060335159e-03
3.982659894973039627e-03
3.981195855885744095e-03
3.979731816798448563e-03
3.979731816798448563e-03
3.966556861996650696e-03
3.969484940171241760e-03
3.970948979258537292e-03
3.975341096520423889e-03
3.978267777711153030e-03
3.972413018345832825e-03
3.972413018345832825e-03
4.009008873254060745e-03
4.020719788968563080e-03
4.033895209431648254e-03
4.039749968796968460e-03
4.044142086058855057e-03
4.041214007884263992e-03
4.044142086058855057e-03
4.045606125146150589e-03
4.044142086058855057e-03
4.047070164233446121e-03
4.044142086058855057e-03
4.044142086058855057e-03
4.036822821944952011e-03
4.047070164233446121e-03
4.045606125146150589e-03
4.042678046971559525e-03
3.992906771600246429e-03
3.992906771600246429e-03
3.989979159086942673e-03
3.982659894973039627e-03
3.981195855885744095e-03
3.972413018345832825e-03
3.976804204285144806e-03
3.973877057433128357e-03
3.972413018345832825e-03
3.970948979258537292e-03
3.976804204285144806e-03
3.975341096520423889e-03
3.970948979258537292e-03
3.956309985369443893e-03
3.968020901083946228e-03
3.969484940171241760e-03
3.894828958436846733e-03
