4.316418897360563278e-03
4.336913116276264191e-03
4.323738161474466324e-03
4.333985038101673126e-03
4.338377155363559723e-03
4.335449077188968658e-03
4.345695953816175461e-03
4.345695953816175461e-03
4.339841194450855255e-03
4.341304767876863480e-03
4.341304767876863480e-03
4.306172020733356476e-03
4.338377155363559723e-03
4.335449077188968658e-03
4.338377155363559723e-03
4.347159992903470993e-03
4.306172020733356476e-03
4.306172020733356476e-03
4.301780834794044495e-03
4.309100098907947540e-03
4.291533958166837692e-03
4.298853222280740738e-03
4.306172020733356476e-03
4.303243942558765411e-03
4.306172020733356476e-03
4.312028177082538605e-03
4.310564137995243073e-03
4.304707981646060944e-03
4.304707981646060944e-03
4.288605879992246628e-03
4.301780834794044495e-03
4.301780834794044495e-03
4.341304767876863480e-03
4.339841194450855255e-03
4.335449077188968658e-03
4.338377155363559723e-03
4.344231914728879929e-03
4.341304767876863480e-03
4.332521930336952209e-03
4.338377155363559723e-03
4.339841194450855255e-03
4.338377155363559723e-03
4.339841194450855255e-03
4.341304767876863480e-03
4.344231914728879929e-03
4.348624031990766525e-03
4.344231914728879929e-03
4.317882936447858810e-03
4.301780834794044495e-03
4.303243942558765411e-03
4.304707981646060944e-03
4.309100098907947540e-03
4.304707981646060944e-03
4.300316795706748962e-03
4.307636059820652008e-03
4.307636059820652008e-03
4.294461105018854141e-03
4.309100098907947540e-03
4.304707981646060944e-03
4.304707981646060944e-03
4.306172020733356476e-03
4.304707981646060944e-03
4.304707981646060944e-03
4.304707981646060944e-03
4.341304767876863480e-03
4.335449077188968658e-03
4.341304767876863480e-03
4.341304767876863480e-03
4.341304767876863480e-03
4.339841194450855255e-03
4.338377155363559723e-03
4.336913116276264191e-03
4.338377155363559723e-03
4.336913116276264191e-03
4.332521930336952209e-03
4.335449077188968658e-03
4.336913116276264191e-03
4.345695953816175461e-03
4.341304767876863480e-03
4.339841194450855255e-03
4.307636059820652008e-03
4.306172020733356476e-03
4.303243942558765411e-03
4.285677801817655563e-03
4.304707981646060944e-03
4.306172020733356476e-03
4.309100098907947540e-03
4.307636059820652008e-03
4.306172020733356476e-03
4.303243942558765411e-03
4.303243942558765411e-03
4.303243942558765411e-03
4.290069919079542160e-03
4.298853222280740738e-03
4.310564137995243073e-03
4.306172020733356476e-03
4.316418897360563278e-03
