4.285677801817655563e-03
4.339841194450855255e-03
4.341304767876863480e-03
4.336913116276264191e-03
4.348624031990766525e-03
4.325202200561761856e-03
4.336913116276264191e-03
4.336913116276264191e-03
4.338377155363559723e-03
4.347159992903470993e-03
4.347159992903470993e-03
4.338377155363559723e-03
4.339841194450855255e-03
4.339841194450855255e-03
4.351552110165357590e-03
4.335449077188968658e-03
4.307636059820652008e-03
4.301780834794044495e-03
4.309100098907947540e-03
4.309100098907947540e-03
4.310564137995243073e-03
4.310564137995243073e-03
4.304707981646060944e-03
4.297389183193445206e-03
4.303243942558765411e-03
4.310564137995243073e-03
4.307636059820652008e-03
4.309100098907947540e-03
4.306172020733356476e-03
4.300316795706748962e-03
4.306172020733356476e-03
4.310564137995243073e-03
4.320811014622449875e-03
4.338377155363559723e-03
4.339841194450855255e-03
4.338377155363559723e-03
4.347159992903470993e-03
4.345695953816175461e-03
4.344231914728879929e-03
4.338377155363559723e-03
4.344231914728879929e-03
4.322275053709745407e-03
4.338377155363559723e-03
4.341304767876863480e-03
4.336913116276264191e-03
4.339841194450855255e-03
4.336913116276264191e-03
4.344231914728879929e-03
4.304707981646060944e-03
4.303243942558765411e-03
4.312028177082538605e-03
4.298853222280740738e-03
4.304707981646060944e-03
4.303243942558765411e-03
4.304707981646060944e-03
4.298853222280740738e-03
4.298853222280740738e-03
4.306172020733356476e-03
4.304707981646060944e-03
4.281287081539630890e-03
4.298853222280740738e-03
4.301780834794044495e-03
4.301780834794044495e-03
4.310564137995243073e-03
4.344231914728879929e-03
4.338377155363559723e-03
4.336913116276264191e-03
4.338377155363559723e-03
4.326665773987770081e-03
4.339841194450855255e-03
4.339841194450855255e-03
4.338377155363559723e-03
4.336913116276264191e-03
4.342768806964159012e-03
4.344231914728879929e-03
4.344231914728879929e-03
4.338377155363559723e-03
4.310564137995243073e-03
4.331057891249656677e-03
4.338377155363559723e-03
4.306172020733356476e-03
4.300316795706748962e-03
4.300316795706748962e-03
4.307636059820652008e-03
4.309100098907947540e-03
4.304707981646060944e-03
4.288605879992246628e-03
4.298853222280740738e-03
4.298853222280740738e-03
4.307636059820652008e-03
4.309100098907947540e-03
4.304707981646060944e-03
4.304707981646060944e-03
4.303243942558765411e-03
4.309100098907947540e-03
4.301780834794044495e-03
4.307636059820652008e-03
