3.963630180805921555e-03
4.131972789764404297e-03
4.139292985200881958e-03
4.136364907026290894e-03
4.145148210227489471e-03
4.137828946113586426e-03
4.143684171140193939e-03
4.149539861828088760e-03
4.146611783653497696e-03
4.140756092965602875e-03
4.131972789764404297e-03
4.137828946113586426e-03
4.143684171140193939e-03
4.149539861828088760e-03
4.145148210227489471e-03
4.148075822740793228e-03
4.129046108573675156e-03
4.118799231946468353e-03
4.090984817594289780e-03
4.114407114684581757e-03
4.124653991311788559e-03
4.121725913137197495e-03
4.117335192859172821e-03
4.121725913137197495e-03
4.127582069486379623e-03
4.121725913137197495e-03
4.123189952224493027e-03
4.102696198970079422e-03
4.120261874049901962e-03
4.121725913137197495e-03
4.115871153771877289e-03
4.117335192859172821e-03
4.140756092965602875e-03
4.146611783653497696e-03
4.155395086854696274e-03
4.134900867938995361e-03
4.140756092965602875e-03
4.145148210227489471e-03
4.145148210227489471e-03
4.143684171140193939e-03
4.148075822740793228e-03
4.149539861828088760e-03
4.153931047767400742e-03
4.145148210227489471e-03
4.142220132052898407e-03
4.142220132052898407e-03
4.142220132052898407e-03
4.145148210227489471e-03
4.123189952224493027e-03
4.120261874049901962e-03
4.120261874049901962e-03
4.121725913137197495e-03
4.120261874049901962e-03
4.098305013030767441e-03
4.111479036509990692e-03
4.121725913137197495e-03
4.121725913137197495e-03
4.117335192859172821e-03
4.118799231946468353e-03
4.117335192859172821e-03
4.121725913137197495e-03
4.120261874049901962e-03
4.121725913137197495e-03
4.120261874049901962e-03
4.142220132052898407e-03
4.146611783653497696e-03
4.143684171140193939e-03
4.142220132052898407e-03
4.142220132052898407e-03
4.149539861828088760e-03
4.130509216338396072e-03
4.140756092965602875e-03
4.140756092965602875e-03
4.139292985200881958e-03
4.140756092965602875e-03
4.149539861828088760e-03
4.149539861828088760e-03
4.145148210227489471e-03
4.145148210227489471e-03
4.133436828851699829e-03
4.114407114684581757e-03
4.112943075597286224e-03
4.118799231946468353e-03
4.111479036509990692e-03
4.123189952224493027e-03
4.123189952224493027e-03
4.120261874049901962e-03
4.118799231946468353e-03
4.108551889657974243e-03
4.115871153771877289e-03
4.123189952224493027e-03
4.121725913137197495e-03
4.121725913137197495e-03
4.117335192859172821e-03
4.120261874049901962e-03
4.115871153771877289e-03
4.153931047767400742e-03
