4.079273901879787445e-03
4.140756092965602875e-03
4.140756092965602875e-03
4.145148210227489471e-03
4.139292985200881958e-03
4.149539861828088760e-03
4.149539861828088760e-03
4.149539861828088760e-03
4.149539861828088760e-03
4.153931047767400742e-03
4.153931047767400742e-03
4.155395086854696274e-03
4.153931047767400742e-03
4.139292985200881958e-03
4.151002969592809677e-03
4.149539861828088760e-03
4.123189952224493027e-03
4.108551889657974243e-03
4.107087850570678711e-03
4.118799231946468353e-03
4.120261874049901962e-03
4.096840973943471909e-03
4.111479036509990692e-03
4.111479036509990692e-03
4.110014997422695160e-03
4.111479036509990692e-03
4.112943075597286224e-03
4.112943075597286224e-03
4.111479036509990692e-03
4.118799231946468353e-03
4.102696198970079422e-03
4.110014997422695160e-03
4.149539861828088760e-03
4.148075822740793228e-03
4.151002969592809677e-03
4.151002969592809677e-03
4.149539861828088760e-03
4.143684171140193939e-03
4.151002969592809677e-03
4.152467008680105209e-03
4.152467008680105209e-03
4.151002969592809677e-03
4.148075822740793228e-03
4.149539861828088760e-03
4.151002969592809677e-03
4.149539861828088760e-03
4.152467008680105209e-03
4.134900867938995361e-03
4.118799231946468353e-03
4.112943075597286224e-03
4.111479036509990692e-03
4.111479036509990692e-03
4.114407114684581757e-03
4.110014997422695160e-03
4.112943075597286224e-03
4.111479036509990692e-03
4.099768120795488358e-03
4.105623811483383179e-03
4.111479036509990692e-03
4.118799231946468353e-03
4.110014997422695160e-03
4.114407114684581757e-03
4.110014997422695160e-03
4.110014997422695160e-03
4.143684171140193939e-03
4.140756092965602875e-03
4.143684171140193939e-03
4.151002969592809677e-03
4.152467008680105209e-03
4.151002969592809677e-03
4.152467008680105209e-03
4.151002969592809677e-03
4.155395086854696274e-03
4.129046108573675156e-03
4.148075822740793228e-03
4.153931047767400742e-03
4.146611783653497696e-03
4.148075822740793228e-03
4.146611783653497696e-03
4.155395086854696274e-03
4.114407114684581757e-03
4.110014997422695160e-03
4.099768120795488358e-03
4.111479036509990692e-03
4.108551889657974243e-03
4.107087850570678711e-03
4.108551889657974243e-03
4.108551889657974243e-03
4.110014997422695160e-03
4.117335192859172821e-03
4.095376934856176376e-03
4.108551889657974243e-03
4.111479036509990692e-03
4.110014997422695160e-03
4.111479036509990692e-03
4.108551889657974243e-03
4.038285929709672928e-03
