4.000226035714149475e-03
3.994370810687541962e-03
4.000226035714149475e-03
4.013400990515947342e-03
4.035358782857656479e-03
4.045606125146150589e-03
4.039749968796968460e-03
4.042678046971559525e-03
4.047070164233446121e-03
4.045606125146150589e-03
4.041214007884263992e-03
4.045606125146150589e-03
4.045606125146150589e-03
4.047070164233446121e-03
4.045606125146150589e-03
4.032431170344352722e-03
3.997297957539558411e-03
3.992906771600246429e-03
3.988515119999647141e-03
3.982659894973039627e-03
3.984123934060335159e-03
3.982659894973039627e-03
3.975341096520423889e-03
3.979731816798448563e-03
3.965094219893217087e-03
3.973877057433128357e-03
3.976804204285144806e-03
3.981195855885744095e-03
3.976804204285144806e-03
3.972413018345832825e-03
3.975341096520423889e-03
3.975341096520423889e-03
4.007544834166765213e-03
4.013400990515947342e-03
4.029503092169761658e-03
4.035358782857656479e-03
4.038285929709672928e-03
4.047070164233446121e-03
4.047070164233446121e-03
4.047070164233446121e-03
4.047070164233446121e-03
4.048532806336879730e-03
4.038285929709672928e-03
4.042678046971559525e-03
4.047070164233446121e-03
4.047070164233446121e-03
4.047070164233446121e-03
4.047070164233446121e-03
3.997297957539558411e-03
3.991443198174238205e-03
3.985587973147630692e-03
3.973877057433128357e-03
3.975341096520423889e-03
3.978267777711153030e-03
3.984123934060335159e-03
3.982659894973039627e-03
3.978267777711153030e-03
3.976804204285144806e-03
3.975341096520423889e-03
3.956309985369443893e-03
3.968020901083946228e-03
3.972413018345832825e-03
3.969484940171241760e-03
3.966556861996650696e-03
4.010472912341356277e-03
4.026575945317745209e-03
4.038285929709672928e-03
4.041214007884263992e-03
4.025111906230449677e-03
4.038285929709672928e-03
4.041214007884263992e-03
4.041214007884263992e-03
4.044142086058855057e-03
4.047070164233446121e-03
4.044142086058855057e-03
4.047070164233446121e-03
4.044142086058855057e-03
4.045606125146150589e-03
4.036822821944952011e-03
4.054388962686061859e-03
3.988515119999647141e-03
3.988515119999647141e-03
3.982659894973039627e-03
3.984123934060335159e-03
3.982659894973039627e-03
3.982659894973039627e-03
3.982659894973039627e-03
3.970948979258537292e-03
3.969484940171241760e-03
3.972413018345832825e-03
3.972413018345832825e-03
3.975341096520423889e-03
3.978267777711153030e-03
3.972413018345832825e-03
3.969484940171241760e-03
3.946064040064811707e-03
3.903612028807401657e-03
