4.339841194450855255e-03
4.292997065931558609e-03
4.294461105018854141e-03
4.290069919079542160e-03
4.297389183193445206e-03
4.284214228391647339e-03
4.292997065931558609e-03
4.291533958166837692e-03
4.297389183193445206e-03
4.285677801817655563e-03
4.287141840904951096e-03
4.291533958166837692e-03
4.291533958166837692e-03
4.292997065931558609e-03
4.273966886103153229e-03
4.285677801817655563e-03
4.275430925190448761e-03
4.288605879992246628e-03
4.298853222280740738e-03
4.301780834794044495e-03
4.300316795706748962e-03
4.301780834794044495e-03
4.300316795706748962e-03
4.287141840904951096e-03
4.294461105018854141e-03
4.294461105018854141e-03
4.294461105018854141e-03
4.300316795706748962e-03
4.298853222280740738e-03
4.298853222280740738e-03
4.295925144106149673e-03
4.297389183193445206e-03
4.301780834794044495e-03
4.294461105018854141e-03
4.292997065931558609e-03
4.291533958166837692e-03
4.288605879992246628e-03
4.287141840904951096e-03
4.288605879992246628e-03
4.287141840904951096e-03
4.266648087650537491e-03
4.285677801817655563e-03
4.291533958166837692e-03
4.287141840904951096e-03
4.287141840904951096e-03
4.284214228391647339e-03
4.282750189304351807e-03
4.282750189304351807e-03
4.271040204912424088e-03
4.271040204912424088e-03
4.291533958166837692e-03
4.292997065931558609e-03
4.287141840904951096e-03
4.290069919079542160e-03
4.291533958166837692e-03
4.287141840904951096e-03
4.297389183193445206e-03
4.291533958166837692e-03
4.281287081539630890e-03
4.285677801817655563e-03
4.288605879992246628e-03
4.284214228391647339e-03
4.285677801817655563e-03
4.288605879992246628e-03
4.307636059820652008e-03
4.292997065931558609e-03
4.290069919079542160e-03
4.276894964277744293e-03
4.281287081539630890e-03
4.284214228391647339e-03
4.290069919079542160e-03
4.282750189304351807e-03
4.284214228391647339e-03
4.287141840904951096e-03
4.281287081539630890e-03
4.263720009475946426e-03
4.275430925190448761e-03
4.282750189304351807e-03
4.284214228391647339e-03
4.284214228391647339e-03
4.265184048563241959e-03
4.276894964277744293e-03
4.275430925190448761e-03
4.281287081539630890e-03
4.269576165825128555e-03
4.282750189304351807e-03
4.282750189304351807e-03
4.282750189304351807e-03
4.279823042452335358e-03
4.281287081539630890e-03
4.278359003365039825e-03
4.273966886103153229e-03
4.252009093761444092e-03
4.276894964277744293e-03
4.273966886103153229e-03
4.276894964277744293e-03
4.167106002569198608e-03
