4.276894964277744293e-03
4.263720009475946426e-03
4.278359003365039825e-03
4.276894964277744293e-03
4.276894964277744293e-03
4.281287081539630890e-03
4.288605879992246628e-03
4.281287081539630890e-03
4.285677801817655563e-03
4.282750189304351807e-03
4.269576165825128555e-03
4.279823042452335358e-03
4.278359003365039825e-03
4.275430925190448761e-03
4.284214228391647339e-03
4.285677801817655563e-03
4.265184048563241959e-03
4.275430925190448761e-03
4.272502847015857697e-03
4.269576165825128555e-03
4.272502847015857697e-03
4.273966886103153229e-03
4.272502847015857697e-03
4.273966886103153229e-03
4.275430925190448761e-03
4.275430925190448761e-03
4.271040204912424088e-03
4.257864784449338913e-03
4.268112126737833023e-03
4.269576165825128555e-03
4.268112126737833023e-03
4.268112126737833023e-03
4.288605879992246628e-03
4.284214228391647339e-03
4.287141840904951096e-03
4.281287081539630890e-03
4.265184048563241959e-03
4.272502847015857697e-03
4.271040204912424088e-03
4.273966886103153229e-03
4.269576165825128555e-03
4.269576165825128555e-03
4.268112126737833023e-03
4.266648087650537491e-03
4.269576165825128555e-03
4.263720009475946426e-03
4.269576165825128555e-03
4.262255970388650894e-03
4.237371031194925308e-03
4.225660115480422974e-03
4.227124154567718506e-03
4.228588193655014038e-03
4.227124154567718506e-03
4.211021121591329575e-03
4.231514874845743179e-03
4.218340851366519928e-03
4.193454980850219727e-03
4.177352879196405411e-03
4.158323165029287338e-03
4.133436828851699829e-03
4.110014997422695160e-03
4.092448856681585312e-03
4.073419142514467239e-03
4.134900867938995361e-03
4.099768120795488358e-03
4.095376934856176376e-03
4.088058136403560638e-03
4.088058136403560638e-03
4.086594097316265106e-03
4.086594097316265106e-03
4.086594097316265106e-03
4.073419142514467239e-03
4.073419142514467239e-03
4.080737940967082977e-03
4.083666019141674042e-03
4.083666019141674042e-03
4.079273901879787445e-03
4.080737940967082977e-03
4.077810794115066528e-03
4.066099878400564194e-03
4.055853001773357391e-03
4.063171800225973129e-03
4.064635839313268661e-03
4.069027025252580643e-03
4.071955103427171707e-03
4.069027025252580643e-03
4.070491064339876175e-03
4.069027025252580643e-03
4.057317040860652924e-03
4.069027025252580643e-03
4.066099878400564194e-03
4.067563917487859726e-03
4.064635839313268661e-03
4.067563917487859726e-03
4.073419142514467239e-03
4.071955103427171707e-03
4.016329068690538406e-03
