4.070491064339876175e-03
4.090984817594289780e-03
4.112943075597286224e-03
4.117335192859172821e-03
4.126118030399084091e-03
4.131972789764404297e-03
4.131972789764404297e-03
4.137828946113586426e-03
4.136364907026290894e-03
4.134900867938995361e-03
4.133436828851699829e-03
4.124653991311788559e-03
4.131972789764404297e-03
4.127582069486379623e-03
4.133436828851699829e-03
4.133436828851699829e-03
4.146611783653497696e-03
4.108551889657974243e-03
4.102696198970079422e-03
4.105623811483383179e-03
4.095376934856176376e-03
4.099768120795488358e-03
4.101232159882783890e-03
4.098305013030767441e-03
4.108551889657974243e-03
4.101232159882783890e-03
4.102696198970079422e-03
4.098305013030767441e-03
4.099768120795488358e-03
4.092448856681585312e-03
4.095376934856176376e-03
4.098305013030767441e-03
4.133436828851699829e-03
4.129046108573675156e-03
4.131972789764404297e-03
4.124653991311788559e-03
4.134900867938995361e-03
4.129046108573675156e-03
4.121725913137197495e-03
4.124653991311788559e-03
4.124653991311788559e-03
4.123189952224493027e-03
4.124653991311788559e-03
4.126118030399084091e-03
4.126118030399084091e-03
4.126118030399084091e-03
4.126118030399084091e-03
4.118799231946468353e-03
4.104159772396087646e-03
4.092448856681585312e-03
4.093912895768880844e-03
4.089520778506994247e-03
4.088058136403560638e-03
4.079273901879787445e-03
4.092448856681585312e-03
4.092448856681585312e-03
4.085130058228969574e-03
4.088058136403560638e-03
4.086594097316265106e-03
4.083666019141674042e-03
4.085130058228969574e-03
4.090984817594289780e-03
4.080737940967082977e-03
4.082201980054378510e-03
4.112943075597286224e-03
4.107087850570678711e-03
4.110014997422695160e-03
4.111479036509990692e-03
4.110014997422695160e-03
4.107087850570678711e-03
4.108551889657974243e-03
4.102696198970079422e-03
4.101232159882783890e-03
4.098305013030767441e-03
4.092448856681585312e-03
4.099768120795488358e-03
4.082201980054378510e-03
4.069027025252580643e-03
4.051460884511470795e-03
4.038285929709672928e-03
4.003154113888740540e-03
3.978267777711153030e-03
3.950455226004123688e-03
3.924105782061815262e-03
3.921178169548511505e-03
3.909466788172721863e-03
3.903612028807401657e-03
3.905076067894697189e-03
3.900683950632810593e-03
3.905076067894697189e-03
3.899219911545515060e-03
3.896292066201567650e-03
3.881654003635048866e-03
3.899219911545515060e-03
3.896292066201567650e-03
3.896292066201567650e-03
3.890437074005603790e-03
