4.282750189304351807e-03
4.290069919079542160e-03
4.292997065931558609e-03
4.281287081539630890e-03
4.287141840904951096e-03
4.285677801817655563e-03
4.285677801817655563e-03
4.285677801817655563e-03
4.281287081539630890e-03
4.284214228391647339e-03
4.294461105018854141e-03
4.288605879992246628e-03
4.279823042452335358e-03
4.288605879992246628e-03
4.285677801817655563e-03
4.284214228391647339e-03
4.278359003365039825e-03
4.285677801817655563e-03
4.285677801817655563e-03
4.294461105018854141e-03
4.276894964277744293e-03
4.288605879992246628e-03
4.291533958166837692e-03
4.294461105018854141e-03
4.291533958166837692e-03
4.288605879992246628e-03
4.288605879992246628e-03
4.282750189304351807e-03
4.285677801817655563e-03
4.282750189304351807e-03
4.290069919079542160e-03
4.290069919079542160e-03
4.300316795706748962e-03
4.290069919079542160e-03
4.291533958166837692e-03
4.282750189304351807e-03
4.281287081539630890e-03
4.275430925190448761e-03
4.272502847015857697e-03
4.279823042452335358e-03
4.284214228391647339e-03
4.279823042452335358e-03
4.281287081539630890e-03
4.281287081539630890e-03
4.278359003365039825e-03
4.281287081539630890e-03
4.276894964277744293e-03
4.263720009475946426e-03
4.271040204912424088e-03
4.281287081539630890e-03
4.282750189304351807e-03
4.281287081539630890e-03
4.281287081539630890e-03
4.281287081539630890e-03
4.273966886103153229e-03
4.268112126737833023e-03
4.273966886103153229e-03
4.272502847015857697e-03
4.272502847015857697e-03
4.272502847015857697e-03
4.275430925190448761e-03
4.276894964277744293e-03
4.275430925190448761e-03
4.271040204912424088e-03
4.279823042452335358e-03
4.269576165825128555e-03
4.275430925190448761e-03
4.266648087650537491e-03
4.266648087650537491e-03
4.268112126737833023e-03
4.266648087650537491e-03
4.268112126737833023e-03
4.254937171936035156e-03
4.260792862623929977e-03
4.262255970388650894e-03
4.259328823536634445e-03
4.262255970388650894e-03
4.257864784449338913e-03
4.254937171936035156e-03
4.232978913933038712e-03
4.203701857477426529e-03
4.164177924394607544e-03
4.156859125941991806e-03
4.136364907026290894e-03
4.110014997422695160e-03
4.095376934856176376e-03
4.085130058228969574e-03
4.083666019141674042e-03
4.086594097316265106e-03
4.079273901879787445e-03
4.082201980054378510e-03
4.080737940967082977e-03
4.080737940967082977e-03
4.080737940967082977e-03
4.076347220689058304e-03
4.080737940967082977e-03
4.010472912341356277e-03
