4.055853001773357391e-03
4.055853001773357391e-03
4.052924923598766327e-03
4.051460884511470795e-03
4.055853001773357391e-03
4.057317040860652924e-03
4.055853001773357391e-03
4.048532806336879730e-03
4.051460884511470795e-03
4.051460884511470795e-03
4.055853001773357391e-03
4.057317040860652924e-03
4.055853001773357391e-03
4.055853001773357391e-03
4.055853001773357391e-03
4.029503092169761658e-03
4.019256215542554855e-03
4.023647867143154144e-03
4.025111906230449677e-03
4.023647867143154144e-03
4.033895209431648254e-03
4.032431170344352722e-03
4.026575945317745209e-03
4.028039053082466125e-03
4.006082192063331604e-03
4.025111906230449677e-03
4.026575945317745209e-03
4.029503092169761658e-03
4.028039053082466125e-03
4.026575945317745209e-03
4.022183828055858612e-03
4.023647867143154144e-03
4.058780148625373840e-03
4.045606125146150589e-03
4.055853001773357391e-03
4.049996845424175262e-03
4.052924923598766327e-03
4.051460884511470795e-03
4.051460884511470795e-03
4.048532806336879730e-03
4.048532806336879730e-03
4.023647867143154144e-03
4.045606125146150589e-03
4.052924923598766327e-03
4.049996845424175262e-03
4.048532806336879730e-03
4.051460884511470795e-03
4.066099878400564194e-03
4.022183828055858612e-03
4.022183828055858612e-03
3.998761996626853943e-03
4.022183828055858612e-03
4.022183828055858612e-03
4.022183828055858612e-03
4.022183828055858612e-03
4.023647867143154144e-03
4.025111906230449677e-03
4.023647867143154144e-03
4.020719788968563080e-03
4.014865029603242874e-03
4.023647867143154144e-03
4.030967131257057190e-03
4.028039053082466125e-03
4.044142086058855057e-03
4.052924923598766327e-03
4.051460884511470795e-03
4.048532806336879730e-03
4.036822821944952011e-03
4.047070164233446121e-03
4.045606125146150589e-03
4.045606125146150589e-03
4.044142086058855057e-03
4.049996845424175262e-03
4.051460884511470795e-03
4.052924923598766327e-03
4.049996845424175262e-03
4.044142086058855057e-03
4.039749968796968460e-03
4.042678046971559525e-03
4.019256215542554855e-03
4.017792176455259323e-03
4.017792176455259323e-03
4.020719788968563080e-03
4.029503092169761658e-03
4.022183828055858612e-03
3.998761996626853943e-03
4.016329068690538406e-03
4.020719788968563080e-03
4.017792176455259323e-03
4.017792176455259323e-03
4.017792176455259323e-03
4.020719788968563080e-03
4.023647867143154144e-03
4.026575945317745209e-03
4.010472912341356277e-03
4.022183828055858612e-03
4.004618152976036072e-03
