4.083666019141674042e-03
4.105623811483383179e-03
4.111479036509990692e-03
4.120261874049901962e-03
4.133436828851699829e-03
4.130509216338396072e-03
4.129046108573675156e-03
4.130509216338396072e-03
4.121725913137197495e-03
4.126118030399084091e-03
4.124653991311788559e-03
4.124653991311788559e-03
4.127582069486379623e-03
4.126118030399084091e-03
4.126118030399084091e-03
4.126118030399084091e-03
4.104159772396087646e-03
4.082201980054378510e-03
4.092448856681585312e-03
4.092448856681585312e-03
4.089520778506994247e-03
4.090984817594289780e-03
4.089520778506994247e-03
4.092448856681585312e-03
4.092448856681585312e-03
4.095376934856176376e-03
4.082201980054378510e-03
4.086594097316265106e-03
4.089520778506994247e-03
4.083666019141674042e-03
4.086594097316265106e-03
4.086594097316265106e-03
4.111479036509990692e-03
4.115871153771877289e-03
4.118799231946468353e-03
4.112943075597286224e-03
4.118799231946468353e-03
4.115871153771877289e-03
4.117335192859172821e-03
4.112943075597286224e-03
4.114407114684581757e-03
4.108551889657974243e-03
4.111479036509990692e-03
4.108551889657974243e-03
4.092448856681585312e-03
4.108551889657974243e-03
4.104159772396087646e-03
4.095376934856176376e-03
4.069027025252580643e-03
4.049996845424175262e-03
4.035358782857656479e-03
4.011936951428651810e-03
3.991443198174238205e-03
3.963630180805921555e-03
3.976804204285144806e-03
3.954846877604722977e-03
3.927032928913831711e-03
3.912394866347312927e-03
3.906539175659418106e-03
3.905076067894697189e-03
3.909466788172721863e-03
3.902147989720106125e-03
3.886044956743717194e-03
3.899219911545515060e-03
3.932889085263013840e-03
3.935817163437604904e-03
3.932889085263013840e-03
3.934353124350309372e-03
3.931425046175718307e-03
3.931425046175718307e-03
3.932889085263013840e-03
3.913858905434608459e-03
3.927032928913831711e-03
3.928496968001127243e-03
3.929961007088422775e-03
3.931425046175718307e-03
3.929961007088422775e-03
3.929961007088422775e-03
3.931425046175718307e-03
3.912394866347312927e-03
3.875798080116510391e-03
3.887508995831012726e-03
3.896292066201567650e-03
3.897756105288863182e-03
3.899219911545515060e-03
3.893364919349551201e-03
3.894828958436846733e-03
3.894828958436846733e-03
3.894828958436846733e-03
3.868479048833250999e-03
3.893364919349551201e-03
3.894828958436846733e-03
3.891901113092899323e-03
3.894828958436846733e-03
3.897756105288863182e-03
3.897756105288863182e-03
3.846521023660898209e-03
