4.508183803409337997e-03
4.535998217761516571e-03
4.531606100499629974e-03
4.531606100499629974e-03
4.530142061412334442e-03
4.530142061412334442e-03
4.525750875473022461e-03
4.524286836385726929e-03
4.518431145697832108e-03
4.524286836385726929e-03
4.530142061412334442e-03
4.525750875473022461e-03
4.525750875473022461e-03
4.525750875473022461e-03
4.524286836385726929e-03
4.524286836385726929e-03
4.519895184785127640e-03
4.519895184785127640e-03
4.537461791187524796e-03
4.543317016214132309e-03
4.540388938039541245e-03
4.537461791187524796e-03
4.535998217761516571e-03
4.533070139586925507e-03
4.533070139586925507e-03
4.541852977126836777e-03
4.524286836385726929e-03
4.533070139586925507e-03
4.534534178674221039e-03
4.531606100499629974e-03
4.533070139586925507e-03
4.535998217761516571e-03
4.559419117867946625e-03
4.535998217761516571e-03
4.524286836385726929e-03
4.515503998845815659e-03
4.519895184785127640e-03
4.515503998845815659e-03
4.516968037933111191e-03
4.524286836385726929e-03
4.516968037933111191e-03
4.519895184785127640e-03
4.519895184785127640e-03
4.518431145697832108e-03
4.508183803409337997e-03
4.521359223872423172e-03
4.516968037933111191e-03
4.516968037933111191e-03
4.502329044044017792e-03
4.516968037933111191e-03
4.519895184785127640e-03
4.528678022325038910e-03
4.524286836385726929e-03
4.516968037933111191e-03
4.519895184785127640e-03
4.524286836385726929e-03
4.525750875473022461e-03
4.521359223872423172e-03
4.522822797298431396e-03
4.516968037933111191e-03
4.515503998845815659e-03
4.500865004956722260e-03
4.516968037933111191e-03
4.515503998845815659e-03
4.525750875473022461e-03
4.518431145697832108e-03
4.508183803409337997e-03
4.514039959758520126e-03
4.514039959758520126e-03
4.509647842496633530e-03
4.480370786041021347e-03
4.502329044044017792e-03
4.506721161305904388e-03
4.503793083131313324e-03
4.505257122218608856e-03
4.506721161305904388e-03
4.497936926782131195e-03
4.496473819017410278e-03
4.496473819017410278e-03
4.500865004956722260e-03
4.452557768672704697e-03
4.429135937243700027e-03
4.401322919875383377e-03
4.377901088446378708e-03
4.354478791356086731e-03
4.339841194450855255e-03
4.332521930336952209e-03
4.329593852162361145e-03
4.303243942558765411e-03
4.317882936447858810e-03
4.320811014622449875e-03
4.320811014622449875e-03
4.320811014622449875e-03
4.319346975535154343e-03
4.317882936447858810e-03
4.314954858273267746e-03
4.284214228391647339e-03
