4.069027025252580643e-03
4.036822821944952011e-03
4.035358782857656479e-03
4.033895209431648254e-03
4.036822821944952011e-03
4.045606125146150589e-03
4.035358782857656479e-03
4.038285929709672928e-03
4.041214007884263992e-03
4.041214007884263992e-03
4.038285929709672928e-03
4.039749968796968460e-03
4.035358782857656479e-03
4.039749968796968460e-03
4.035358782857656479e-03
4.016329068690538406e-03
4.003154113888740540e-03
4.000226035714149475e-03
4.006082192063331604e-03
4.009008873254060745e-03
4.010472912341356277e-03
4.004618152976036072e-03
4.004618152976036072e-03
4.006082192063331604e-03
3.997297957539558411e-03
4.003154113888740540e-03
4.009008873254060745e-03
4.014865029603242874e-03
4.011936951428651810e-03
4.006082192063331604e-03
4.007544834166765213e-03
4.009008873254060745e-03
4.011936951428651810e-03
4.022183828055858612e-03
4.029503092169761658e-03
4.029503092169761658e-03
4.033895209431648254e-03
4.036822821944952011e-03
4.035358782857656479e-03
4.039749968796968460e-03
4.036822821944952011e-03
4.020719788968563080e-03
4.030967131257057190e-03
4.032431170344352722e-03
4.030967131257057190e-03
4.039749968796968460e-03
4.039749968796968460e-03
4.038285929709672928e-03
4.007544834166765213e-03
4.017792176455259323e-03
3.998761996626853943e-03
4.000226035714149475e-03
4.003154113888740540e-03
4.003154113888740540e-03
4.001690074801445007e-03
4.001690074801445007e-03
4.009008873254060745e-03
4.007544834166765213e-03
3.997297957539558411e-03
4.000226035714149475e-03
4.001690074801445007e-03
4.000226035714149475e-03
3.998761996626853943e-03
3.998761996626853943e-03
4.022183828055858612e-03
4.026575945317745209e-03
4.033895209431648254e-03
4.013400990515947342e-03
4.029503092169761658e-03
4.033895209431648254e-03
4.030967131257057190e-03
4.029503092169761658e-03
4.030967131257057190e-03
4.033895209431648254e-03
4.036822821944952011e-03
4.044142086058855057e-03
4.022183828055858612e-03
4.030967131257057190e-03
4.032431170344352722e-03
4.029503092169761658e-03
4.007544834166765213e-03
4.003154113888740540e-03
3.998761996626853943e-03
3.997297957539558411e-03
3.997297957539558411e-03
3.984123934060335159e-03
4.001690074801445007e-03
4.001690074801445007e-03
4.000226035714149475e-03
3.997297957539558411e-03
4.000226035714149475e-03
3.998761996626853943e-03
3.997297957539558411e-03
3.970948979258537292e-03
3.991443198174238205e-03
3.994370810687541962e-03
4.004618152976036072e-03
