4.115871153771877289e-03
4.114407114684581757e-03
4.118799231946468353e-03
4.124653991311788559e-03
4.131972789764404297e-03
4.124653991311788559e-03
4.136364907026290894e-03
4.137828946113586426e-03
4.139292985200881958e-03
4.137828946113586426e-03
4.137828946113586426e-03
4.136364907026290894e-03
4.136364907026290894e-03
4.131972789764404297e-03
4.121725913137197495e-03
4.134900867938995361e-03
4.108551889657974243e-03
4.111479036509990692e-03
4.108551889657974243e-03
4.107087850570678711e-03
4.110014997422695160e-03
4.107087850570678711e-03
4.105623811483383179e-03
4.092448856681585312e-03
4.102696198970079422e-03
4.110014997422695160e-03
4.108551889657974243e-03
4.110014997422695160e-03
4.104159772396087646e-03
4.107087850570678711e-03
4.105623811483383179e-03
4.101232159882783890e-03
4.117335192859172821e-03
4.130509216338396072e-03
4.134900867938995361e-03
4.134900867938995361e-03
4.136364907026290894e-03
4.133436828851699829e-03
4.131972789764404297e-03
4.131972789764404297e-03
4.133436828851699829e-03
4.120261874049901962e-03
4.133436828851699829e-03
4.133436828851699829e-03
4.133436828851699829e-03
4.133436828851699829e-03
4.134900867938995361e-03
4.130509216338396072e-03
4.102696198970079422e-03
4.098305013030767441e-03
4.086594097316265106e-03
4.102696198970079422e-03
4.107087850570678711e-03
4.104159772396087646e-03
4.101232159882783890e-03
4.099768120795488358e-03
4.104159772396087646e-03
4.099768120795488358e-03
4.098305013030767441e-03
4.082201980054378510e-03
4.095376934856176376e-03
4.108551889657974243e-03
4.104159772396087646e-03
4.142220132052898407e-03
4.124653991311788559e-03
4.130509216338396072e-03
4.133436828851699829e-03
4.131972789764404297e-03
4.107087850570678711e-03
4.123189952224493027e-03
4.129046108573675156e-03
4.124653991311788559e-03
4.129046108573675156e-03
4.131972789764404297e-03
4.130509216338396072e-03
4.130509216338396072e-03
4.127582069486379623e-03
4.114407114684581757e-03
4.118799231946468353e-03
4.095376934856176376e-03
4.096840973943471909e-03
4.090984817594289780e-03
4.098305013030767441e-03
4.089520778506994247e-03
4.090984817594289780e-03
4.092448856681585312e-03
4.076347220689058304e-03
4.086594097316265106e-03
4.089520778506994247e-03
4.095376934856176376e-03
4.080737940967082977e-03
4.086594097316265106e-03
4.093912895768880844e-03
4.089520778506994247e-03
4.088058136403560638e-03
4.064635839313268661e-03
3.988515119999647141e-03
