4.309100098907947540e-03
4.276894964277744293e-03
4.295925144106149673e-03
4.303243942558765411e-03
4.298853222280740738e-03
4.298853222280740738e-03
4.297389183193445206e-03
4.294461105018854141e-03
4.298853222280740738e-03
4.295925144106149673e-03
4.285677801817655563e-03
4.297389183193445206e-03
4.300316795706748962e-03
4.298853222280740738e-03
4.298853222280740738e-03
4.297389183193445206e-03
4.292997065931558609e-03
4.303243942558765411e-03
4.300316795706748962e-03
4.291533958166837692e-03
4.300316795706748962e-03
4.301780834794044495e-03
4.304707981646060944e-03
4.304707981646060944e-03
4.304707981646060944e-03
4.303243942558765411e-03
4.303243942558765411e-03
4.287141840904951096e-03
4.297389183193445206e-03
4.297389183193445206e-03
4.298853222280740738e-03
4.309100098907947540e-03
4.316418897360563278e-03
4.312028177082538605e-03
4.306172020733356476e-03
4.304707981646060944e-03
4.297389183193445206e-03
4.297389183193445206e-03
4.297389183193445206e-03
4.297389183193445206e-03
4.295925144106149673e-03
4.294461105018854141e-03
4.297389183193445206e-03
4.297389183193445206e-03
4.294461105018854141e-03
4.291533958166837692e-03
4.295925144106149673e-03
4.291533958166837692e-03
4.284214228391647339e-03
4.294461105018854141e-03
4.288605879992246628e-03
4.292997065931558609e-03
4.298853222280740738e-03
4.287141840904951096e-03
4.294461105018854141e-03
4.295925144106149673e-03
4.297389183193445206e-03
4.294461105018854141e-03
4.292997065931558609e-03
4.292997065931558609e-03
4.291533958166837692e-03
4.298853222280740738e-03
4.297389183193445206e-03
4.297389183193445206e-03
4.307636059820652008e-03
4.303243942558765411e-03
4.298853222280740738e-03
4.294461105018854141e-03
4.297389183193445206e-03
4.295925144106149673e-03
4.275430925190448761e-03
4.297389183193445206e-03
4.294461105018854141e-03
4.292997065931558609e-03
4.295925144106149673e-03
4.294461105018854141e-03
4.294461105018854141e-03
4.290069919079542160e-03
4.288605879992246628e-03
4.263720009475946426e-03
4.288605879992246628e-03
4.291533958166837692e-03
4.291533958166837692e-03
4.290069919079542160e-03
4.291533958166837692e-03
4.290069919079542160e-03
4.290069919079542160e-03
4.288605879992246628e-03
4.273966886103153229e-03
4.291533958166837692e-03
4.291533958166837692e-03
4.291533958166837692e-03
4.290069919079542160e-03
4.288605879992246628e-03
4.288605879992246628e-03
4.288605879992246628e-03
4.193454980850219727e-03
