3.711846889927983284e-03
3.881654003635048866e-03
3.883118042722344398e-03
3.893364919349551201e-03
3.900683950632810593e-03
3.903612028807401657e-03
3.903612028807401657e-03
3.906539175659418106e-03
3.903612028807401657e-03
3.903612028807401657e-03
3.909466788172721863e-03
3.897756105288863182e-03
3.908003214746713638e-03
3.908003214746713638e-03
3.910930827260017395e-03
3.912394866347312927e-03
3.883118042722344398e-03
3.865550970658659935e-03
3.859695978462696075e-03
3.862624056637287140e-03
3.845056984573602676e-03
3.855304094031453133e-03
3.861160017549991608e-03
3.861160017549991608e-03
3.858231939375400543e-03
3.861160017549991608e-03
3.855304094031453133e-03
3.855304094031453133e-03
3.853840986266732216e-03
3.842130070552229881e-03
3.850912908092141151e-03
3.856767900288105011e-03
3.886044956743717194e-03
3.891901113092899323e-03
3.902147989720106125e-03
3.899219911545515060e-03
3.903612028807401657e-03
3.902147989720106125e-03
3.887508995831012726e-03
3.899219911545515060e-03
3.910930827260017395e-03
3.908003214746713638e-03
3.909466788172721863e-03
3.903612028807401657e-03
3.905076067894697189e-03
3.905076067894697189e-03
3.906539175659418106e-03
3.893364919349551201e-03
3.862624056637287140e-03
3.862624056637287140e-03
3.859695978462696075e-03
3.859695978462696075e-03
3.858231939375400543e-03
3.858231939375400543e-03
3.859695978462696075e-03
3.855304094031453133e-03
3.836273914203047752e-03
3.850912908092141151e-03
3.853840986266732216e-03
3.849449101835489273e-03
3.847985062748193741e-03
3.856767900288105011e-03
3.856767900288105011e-03
3.850912908092141151e-03
3.883118042722344398e-03
3.871406894177198410e-03
3.891901113092899323e-03
3.897756105288863182e-03
3.897756105288863182e-03
3.897756105288863182e-03
3.912394866347312927e-03
3.909466788172721863e-03
3.902147989720106125e-03
3.902147989720106125e-03
3.905076067894697189e-03
3.897756105288863182e-03
3.899219911545515060e-03
3.905076067894697189e-03
3.900683950632810593e-03
3.900683950632810593e-03
3.867015009745955467e-03
3.862624056637287140e-03
3.856767900288105011e-03
3.856767900288105011e-03
3.852376947179436684e-03
3.850912908092141151e-03
3.849449101835489273e-03
3.850912908092141151e-03
3.850912908092141151e-03
3.855304094031453133e-03
3.852376947179436684e-03
3.845056984573602676e-03
3.847985062748193741e-03
3.843594109639525414e-03
3.850912908092141151e-03
3.846521023660898209e-03
3.922642208635807037e-03
