4.051460884511470795e-03
4.077810794115066528e-03
4.076347220689058304e-03
4.076347220689058304e-03
4.077810794115066528e-03
4.061708226799964905e-03
4.080737940967082977e-03
4.079273901879787445e-03
4.074883181601762772e-03
4.076347220689058304e-03
4.073419142514467239e-03
4.074883181601762772e-03
4.085130058228969574e-03
4.082201980054378510e-03
4.073419142514467239e-03
4.074883181601762772e-03
4.051460884511470795e-03
4.058780148625373840e-03
4.058780148625373840e-03
4.064635839313268661e-03
4.069027025252580643e-03
4.071955103427171707e-03
4.066099878400564194e-03
4.063171800225973129e-03
4.057317040860652924e-03
4.061708226799964905e-03
4.063171800225973129e-03
4.063171800225973129e-03
4.063171800225973129e-03
4.061708226799964905e-03
4.058780148625373840e-03
4.042678046971559525e-03
4.083666019141674042e-03
4.086594097316265106e-03
4.076347220689058304e-03
4.080737940967082977e-03
4.079273901879787445e-03
4.076347220689058304e-03
4.071955103427171707e-03
4.076347220689058304e-03
4.060244187712669373e-03
4.076347220689058304e-03
4.074883181601762772e-03
4.074883181601762772e-03
4.073419142514467239e-03
4.073419142514467239e-03
4.074883181601762772e-03
4.071955103427171707e-03
4.048532806336879730e-03
4.047070164233446121e-03
4.055853001773357391e-03
4.060244187712669373e-03
4.066099878400564194e-03
4.060244187712669373e-03
4.060244187712669373e-03
4.061708226799964905e-03
4.057317040860652924e-03
4.042678046971559525e-03
4.051460884511470795e-03
4.055853001773357391e-03
4.063171800225973129e-03
4.055853001773357391e-03
4.069027025252580643e-03
4.058780148625373840e-03
4.079273901879787445e-03
4.076347220689058304e-03
4.064635839313268661e-03
4.070491064339876175e-03
4.067563917487859726e-03
4.074883181601762772e-03
4.079273901879787445e-03
4.070491064339876175e-03
4.073419142514467239e-03
4.073419142514467239e-03
4.071955103427171707e-03
4.060244187712669373e-03
4.067563917487859726e-03
4.058780148625373840e-03
4.069027025252580643e-03
4.057317040860652924e-03
4.045606125146150589e-03
4.051460884511470795e-03
4.049996845424175262e-03
4.026575945317745209e-03
4.051460884511470795e-03
4.052924923598766327e-03
4.051460884511470795e-03
4.054388962686061859e-03
4.058780148625373840e-03
4.058780148625373840e-03
4.048532806336879730e-03
4.055853001773357391e-03
4.039749968796968460e-03
4.054388962686061859e-03
4.049996845424175262e-03
4.051460884511470795e-03
4.006082192063331604e-03
