3.987051080912351608e-03
3.995834849774837494e-03
3.998761996626853943e-03
3.998761996626853943e-03
4.001690074801445007e-03
3.998761996626853943e-03
4.001690074801445007e-03
3.991443198174238205e-03
3.995834849774837494e-03
4.001690074801445007e-03
4.001690074801445007e-03
3.998761996626853943e-03
3.998761996626853943e-03
4.001690074801445007e-03
4.006082192063331604e-03
4.000226035714149475e-03
3.968020901083946228e-03
3.956309985369443893e-03
3.954846877604722977e-03
3.953382838517427444e-03
3.953382838517427444e-03
3.954846877604722977e-03
3.954846877604722977e-03
3.956309985369443893e-03
3.934353124350309372e-03
3.951918799430131912e-03
3.956309985369443893e-03
3.959238063544034958e-03
3.957774024456739426e-03
3.954846877604722977e-03
3.954846877604722977e-03
3.956309985369443893e-03
3.992906771600246429e-03
3.989979159086942673e-03
3.992906771600246429e-03
3.995834849774837494e-03
3.998761996626853943e-03
3.998761996626853943e-03
3.994370810687541962e-03
3.995834849774837494e-03
3.998761996626853943e-03
3.998761996626853943e-03
3.979731816798448563e-03
3.992906771600246429e-03
3.994370810687541962e-03
3.991443198174238205e-03
4.000226035714149475e-03
3.998761996626853943e-03
3.970948979258537292e-03
3.957774024456739426e-03
3.953382838517427444e-03
3.941671922802925110e-03
3.951918799430131912e-03
3.960702102631330490e-03
3.953382838517427444e-03
3.954846877604722977e-03
3.954846877604722977e-03
3.953382838517427444e-03
3.954846877604722977e-03
3.940207883715629578e-03
3.951918799430131912e-03
3.950455226004123688e-03
3.951918799430131912e-03
3.951918799430131912e-03
3.982659894973039627e-03
3.991443198174238205e-03
3.992906771600246429e-03
3.994370810687541962e-03
3.976804204285144806e-03
3.985587973147630692e-03
3.992906771600246429e-03
3.995834849774837494e-03
4.001690074801445007e-03
4.001690074801445007e-03
3.997297957539558411e-03
3.998761996626853943e-03
3.998761996626853943e-03
3.984123934060335159e-03
3.991443198174238205e-03
4.014865029603242874e-03
3.969484940171241760e-03
3.956309985369443893e-03
3.951918799430131912e-03
3.951918799430131912e-03
3.950455226004123688e-03
3.963630180805921555e-03
3.946064040064811707e-03
3.954846877604722977e-03
3.953382838517427444e-03
3.951918799430131912e-03
3.951918799430131912e-03
3.954846877604722977e-03
3.957774024456739426e-03
3.954846877604722977e-03
3.931425046175718307e-03
3.948991186916828156e-03
3.987051080912351608e-03
