4.287141840904951096e-03
4.316418897360563278e-03
4.312028177082538605e-03
4.317882936447858810e-03
4.301780834794044495e-03
4.309100098907947540e-03
4.309100098907947540e-03
4.309100098907947540e-03
4.313490819185972214e-03
4.314954858273267746e-03
4.310564137995243073e-03
4.310564137995243073e-03
4.309100098907947540e-03
4.297389183193445206e-03
4.304707981646060944e-03
4.316418897360563278e-03
4.297389183193445206e-03
4.291533958166837692e-03
4.294461105018854141e-03
4.298853222280740738e-03
4.304707981646060944e-03
4.285677801817655563e-03
4.306172020733356476e-03
4.306172020733356476e-03
4.304707981646060944e-03
4.307636059820652008e-03
4.309100098907947540e-03
4.309100098907947540e-03
4.304707981646060944e-03
4.306172020733356476e-03
4.287141840904951096e-03
4.303243942558765411e-03
4.329593852162361145e-03
4.323738161474466324e-03
4.307636059820652008e-03
4.306172020733356476e-03
4.304707981646060944e-03
4.303243942558765411e-03
4.309100098907947540e-03
4.282750189304351807e-03
4.301780834794044495e-03
4.303243942558765411e-03
4.301780834794044495e-03
4.301780834794044495e-03
4.303243942558765411e-03
4.313490819185972214e-03
4.310564137995243073e-03
4.304707981646060944e-03
4.282750189304351807e-03
4.276894964277744293e-03
4.278359003365039825e-03
4.285677801817655563e-03
4.290069919079542160e-03
4.297389183193445206e-03
4.304707981646060944e-03
4.297389183193445206e-03
4.301780834794044495e-03
4.278359003365039825e-03
4.292997065931558609e-03
4.291533958166837692e-03
4.291533958166837692e-03
4.295925144106149673e-03
4.297389183193445206e-03
4.297389183193445206e-03
4.314954858273267746e-03
4.313490819185972214e-03
4.282750189304351807e-03
4.291533958166837692e-03
4.300316795706748962e-03
4.304707981646060944e-03
4.306172020733356476e-03
4.300316795706748962e-03
4.297389183193445206e-03
4.298853222280740738e-03
4.292997065931558609e-03
4.285677801817655563e-03
4.300316795706748962e-03
4.301780834794044495e-03
4.298853222280740738e-03
4.298853222280740738e-03
4.279823042452335358e-03
4.275430925190448761e-03
4.273966886103153229e-03
4.278359003365039825e-03
4.254937171936035156e-03
4.282750189304351807e-03
4.282750189304351807e-03
4.284214228391647339e-03
4.285677801817655563e-03
4.279823042452335358e-03
4.284214228391647339e-03
4.287141840904951096e-03
4.290069919079542160e-03
4.266648087650537491e-03
4.282750189304351807e-03
4.281287081539630890e-03
4.246153868734836578e-03
