3.865550970658659935e-03
3.869943087920546532e-03
3.893364919349551201e-03
3.903612028807401657e-03
3.912394866347312927e-03
3.921178169548511505e-03
3.921178169548511505e-03
3.921178169548511505e-03
3.921178169548511505e-03
3.918250091373920441e-03
3.903612028807401657e-03
3.916786052286624908e-03
3.918250091373920441e-03
3.924105782061815262e-03
3.924105782061815262e-03
3.922642208635807037e-03
3.890437074005603790e-03
3.884582081809639931e-03
3.881654003635048866e-03
3.865550970658659935e-03
3.871406894177198410e-03
3.877261886373162270e-03
3.875798080116510391e-03
3.881654003635048866e-03
3.881654003635048866e-03
3.881654003635048866e-03
3.877261886373162270e-03
3.877261886373162270e-03
3.869943087920546532e-03
3.872870933264493942e-03
3.874334972351789474e-03
3.878725925460457802e-03
3.906539175659418106e-03
3.915322944521903992e-03
3.918250091373920441e-03
3.921178169548511505e-03
3.922642208635807037e-03
3.919714130461215973e-03
3.906539175659418106e-03
3.916786052286624908e-03
3.918250091373920441e-03
3.916786052286624908e-03
3.918250091373920441e-03
3.919714130461215973e-03
3.925569821149110794e-03
3.921178169548511505e-03
3.919714130461215973e-03
3.900683950632810593e-03
3.875798080116510391e-03
3.880189964547753334e-03
3.880189964547753334e-03
3.872870933264493942e-03
3.880189964547753334e-03
3.874334972351789474e-03
3.878725925460457802e-03
3.875798080116510391e-03
3.864088095724582672e-03
3.874334972351789474e-03
3.871406894177198410e-03
3.872870933264493942e-03
3.872870933264493942e-03
3.881654003635048866e-03
3.877261886373162270e-03
3.878725925460457802e-03
3.905076067894697189e-03
3.900683950632810593e-03
3.913858905434608459e-03
3.913858905434608459e-03
3.915322944521903992e-03
3.912394866347312927e-03
3.913858905434608459e-03
3.927032928913831711e-03
3.919714130461215973e-03
3.921178169548511505e-03
3.903612028807401657e-03
3.915322944521903992e-03
3.916786052286624908e-03
3.916786052286624908e-03
3.912394866347312927e-03
3.915322944521903992e-03
3.877261886373162270e-03
3.871406894177198410e-03
3.874334972351789474e-03
3.853840986266732216e-03
3.872870933264493942e-03
3.878725925460457802e-03
3.872870933264493942e-03
3.871406894177198410e-03
3.875798080116510391e-03
3.868479048833250999e-03
3.872870933264493942e-03
3.867015009745955467e-03
3.859695978462696075e-03
3.869943087920546532e-03
3.869943087920546532e-03
3.869943087920546532e-03
3.868479048833250999e-03
