4.241762217134237289e-03
4.279823042452335358e-03
4.278359003365039825e-03
4.278359003365039825e-03
4.272502847015857697e-03
4.276894964277744293e-03
4.276894964277744293e-03
4.282750189304351807e-03
4.281287081539630890e-03
4.275430925190448761e-03
4.275430925190448761e-03
4.273966886103153229e-03
4.275430925190448761e-03
4.262255970388650894e-03
4.276894964277744293e-03
4.276894964277744293e-03
4.313490819185972214e-03
4.256401211023330688e-03
4.263720009475946426e-03
4.268112126737833023e-03
4.266648087650537491e-03
4.252009093761444092e-03
4.259328823536634445e-03
4.268112126737833023e-03
4.263720009475946426e-03
4.262255970388650894e-03
4.257864784449338913e-03
4.262255970388650894e-03
4.263720009475946426e-03
4.263720009475946426e-03
4.252009093761444092e-03
4.254937171936035156e-03
4.281287081539630890e-03
4.269576165825128555e-03
4.263720009475946426e-03
4.260792862623929977e-03
4.252009093761444092e-03
4.244689829647541046e-03
4.222732037305831909e-03
4.218340851366519928e-03
4.203701857477426529e-03
4.183208104223012924e-03
4.158323165029287338e-03
4.137828946113586426e-03
4.108551889657974243e-03
4.095376934856176376e-03
4.086594097316265106e-03
4.086594097316265106e-03
4.069027025252580643e-03
4.066099878400564194e-03
4.070491064339876175e-03
4.069027025252580643e-03
4.079273901879787445e-03
4.077810794115066528e-03
4.070491064339876175e-03
4.073419142514467239e-03
4.058780148625373840e-03
4.070491064339876175e-03
4.066099878400564194e-03
4.067563917487859726e-03
4.063171800225973129e-03
4.073419142514467239e-03
4.067563917487859726e-03
4.070491064339876175e-03
4.073419142514467239e-03
4.083666019141674042e-03
4.083666019141674042e-03
4.077810794115066528e-03
4.082201980054378510e-03
4.086594097316265106e-03
4.082201980054378510e-03
4.080737940967082977e-03
4.080737940967082977e-03
4.057317040860652924e-03
4.069027025252580643e-03
4.079273901879787445e-03
4.082201980054378510e-03
4.076347220689058304e-03
4.074883181601762772e-03
4.076347220689058304e-03
4.054388962686061859e-03
4.058780148625373840e-03
4.047070164233446121e-03
4.064635839313268661e-03
4.066099878400564194e-03
4.064635839313268661e-03
4.063171800225973129e-03
4.064635839313268661e-03
4.060244187712669373e-03
4.060244187712669373e-03
4.055853001773357391e-03
4.058780148625373840e-03
4.064635839313268661e-03
4.064635839313268661e-03
4.060244187712669373e-03
4.063171800225973129e-03
4.130509216338396072e-03
