3.883118042722344398e-03
3.881654003635048866e-03
3.894828958436846733e-03
3.899219911545515060e-03
3.905076067894697189e-03
3.893364919349551201e-03
3.906539175659418106e-03
3.906539175659418106e-03
3.910930827260017395e-03
3.909466788172721863e-03
3.909466788172721863e-03
3.909466788172721863e-03
3.906539175659418106e-03
3.905076067894697189e-03
3.893364919349551201e-03
3.902147989720106125e-03
3.864088095724582672e-03
3.865550970658659935e-03
3.867015009745955467e-03
3.864088095724582672e-03
3.862624056637287140e-03
3.862624056637287140e-03
3.859695978462696075e-03
3.845056984573602676e-03
3.853840986266732216e-03
3.856767900288105011e-03
3.859695978462696075e-03
3.859695978462696075e-03
3.862624056637287140e-03
3.864088095724582672e-03
3.858231939375400543e-03
3.858231939375400543e-03
3.874334972351789474e-03
3.893364919349551201e-03
3.896292066201567650e-03
3.908003214746713638e-03
3.906539175659418106e-03
3.908003214746713638e-03
3.909466788172721863e-03
3.908003214746713638e-03
3.906539175659418106e-03
3.891901113092899323e-03
3.903612028807401657e-03
3.902147989720106125e-03
3.908003214746713638e-03
3.910930827260017395e-03
3.910930827260017395e-03
3.908003214746713638e-03
3.868479048833250999e-03
3.865550970658659935e-03
3.852376947179436684e-03
3.853840986266732216e-03
3.856767900288105011e-03
3.853840986266732216e-03
3.858231939375400543e-03
3.861160017549991608e-03
3.858231939375400543e-03
3.859695978462696075e-03
3.856767900288105011e-03
3.856767900288105011e-03
3.850912908092141151e-03
3.850912908092141151e-03
3.850912908092141151e-03
3.883118042722344398e-03
3.888973034918308258e-03
3.900683950632810593e-03
3.903612028807401657e-03
3.900683950632810593e-03
3.906539175659418106e-03
3.897756105288863182e-03
3.902147989720106125e-03
3.905076067894697189e-03
3.900683950632810593e-03
3.905076067894697189e-03
3.908003214746713638e-03
3.906539175659418106e-03
3.906539175659418106e-03
3.906539175659418106e-03
3.899219911545515060e-03
3.875798080116510391e-03
3.859695978462696075e-03
3.856767900288105011e-03
3.853840986266732216e-03
3.856767900288105011e-03
3.856767900288105011e-03
3.858231939375400543e-03
3.858231939375400543e-03
3.845056984573602676e-03
3.850912908092141151e-03
3.849449101835489273e-03
3.850912908092141151e-03
3.852376947179436684e-03
3.852376947179436684e-03
3.850912908092141151e-03
3.858231939375400543e-03
3.856767900288105011e-03
3.833347000181674957e-03
