3.902147989720106125e-03
3.881654003635048866e-03
3.899219911545515060e-03
3.906539175659418106e-03
3.909466788172721863e-03
3.908003214746713638e-03
3.910930827260017395e-03
3.912394866347312927e-03
3.909466788172721863e-03
3.909466788172721863e-03
3.912394866347312927e-03
3.909466788172721863e-03
3.908003214746713638e-03
3.912394866347312927e-03
3.906539175659418106e-03
3.912394866347312927e-03
3.869943087920546532e-03
3.869943087920546532e-03
3.862624056637287140e-03
3.861160017549991608e-03
3.865550970658659935e-03
3.868479048833250999e-03
3.864088095724582672e-03
3.862624056637287140e-03
3.864088095724582672e-03
3.864088095724582672e-03
3.868479048833250999e-03
3.864088095724582672e-03
3.861160017549991608e-03
3.862624056637287140e-03
3.862624056637287140e-03
3.859695978462696075e-03
3.880189964547753334e-03
3.894828958436846733e-03
3.902147989720106125e-03
3.909466788172721863e-03
3.905076067894697189e-03
3.912394866347312927e-03
3.909466788172721863e-03
3.909466788172721863e-03
3.906539175659418106e-03
3.891901113092899323e-03
3.906539175659418106e-03
3.909466788172721863e-03
3.910930827260017395e-03
3.909466788172721863e-03
3.910930827260017395e-03
3.910930827260017395e-03
3.865550970658659935e-03
3.865550970658659935e-03
3.840666031464934349e-03
3.856767900288105011e-03
3.862624056637287140e-03
3.859695978462696075e-03
3.862624056637287140e-03
3.861160017549991608e-03
3.862624056637287140e-03
3.864088095724582672e-03
3.861160017549991608e-03
3.847985062748193741e-03
3.855304094031453133e-03
3.849449101835489273e-03
3.858231939375400543e-03
3.862624056637287140e-03
3.896292066201567650e-03
3.899219911545515060e-03
3.902147989720106125e-03
3.905076067894697189e-03
3.891901113092899323e-03
3.903612028807401657e-03
3.903612028807401657e-03
3.902147989720106125e-03
3.908003214746713638e-03
3.908003214746713638e-03
3.906539175659418106e-03
3.908003214746713638e-03
3.909466788172721863e-03
3.894828958436846733e-03
3.900683950632810593e-03
3.893364919349551201e-03
3.869943087920546532e-03
3.864088095724582672e-03
3.862624056637287140e-03
3.859695978462696075e-03
3.859695978462696075e-03
3.861160017549991608e-03
3.850912908092141151e-03
3.856767900288105011e-03
3.856767900288105011e-03
3.859695978462696075e-03
3.859695978462696075e-03
3.858231939375400543e-03
3.859695978462696075e-03
3.855304094031453133e-03
3.858231939375400543e-03
3.852376947179436684e-03
3.828955115750432014e-03
