5.020534154027700424e-03
5.099582951515913010e-03
5.115685053169727325e-03
5.123003851622343063e-03
5.120077170431613922e-03
5.120077170431613922e-03
5.115685053169727325e-03
5.117149092257022858e-03
5.111293867230415344e-03
5.114221014082431793e-03
5.102510098367929459e-03
5.120077170431613922e-03
5.114221014082431793e-03
5.114221014082431793e-03
5.106902215629816055e-03
5.108365789055824280e-03
5.101046990603208542e-03
5.095190834254026413e-03
5.093726795166730881e-03
5.096654873341321945e-03
5.121541209518909454e-03
5.125931929796934128e-03
5.128860007971525192e-03
5.139106884598731995e-03
5.137642845511436462e-03
5.146426148712635040e-03
5.142034962773323059e-03
5.115685053169727325e-03
5.144962109625339508e-03
5.144962109625339508e-03
5.139106884598731995e-03
5.134714767336845398e-03
5.143498070538043976e-03
5.108365789055824280e-03
5.082015879452228546e-03
5.070305895060300827e-03
5.058594979345798492e-03
5.060059018433094025e-03
5.058594979345798492e-03
5.055666901171207428e-03
5.052738822996616364e-03
5.048348102718591690e-03
5.035173147916793823e-03
5.026389844715595245e-03
5.019071046262979507e-03
4.998576827347278595e-03
5.019071046262979507e-03
5.020534154027700424e-03
5.011750850826501846e-03
5.001503974199295044e-03
5.001503974199295044e-03
5.014678929001092911e-03
5.026389844715595245e-03
5.026389844715595245e-03
5.023462232202291489e-03
5.038101226091384888e-03
5.045420024544000626e-03
5.039564799517393112e-03
5.036637187004089355e-03
5.038101226091384888e-03
5.039564799517393112e-03
5.036637187004089355e-03
5.008824169635772705e-03
5.035173147916793823e-03
5.042491946369409561e-03
5.004432052373886108e-03
4.995649214833974838e-03
4.981010220944881439e-03
4.976619035005569458e-03
4.970762878656387329e-03
4.973690956830978394e-03
4.963444080203771591e-03
4.966372158378362656e-03
4.964908119291067123e-03
4.966372158378362656e-03
4.964908119291067123e-03
4.963444080203771591e-03
4.964908119291067123e-03
4.959051962941884995e-03
4.970762878656387329e-03
4.937095101922750473e-03
4.964908119291067123e-03
4.982473794370889664e-03
4.995649214833974838e-03
5.010286811739206314e-03
5.011750850826501846e-03
5.008824169635772705e-03
5.023462232202291489e-03
5.024925805628299713e-03
5.010286811739206314e-03
5.014678929001092911e-03
5.019071046262979507e-03
5.014678929001092911e-03
5.020534154027700424e-03
5.029317922890186310e-03
5.024925805628299713e-03
4.909281153231859207e-03
