5.200589075684547424e-03
5.090800113976001740e-03
5.118613131344318390e-03
5.115685053169727325e-03
5.123003851622343063e-03
5.121541209518909454e-03
5.121541209518909454e-03
5.123003851622343063e-03
5.120077170431613922e-03
5.117149092257022858e-03
5.096654873341321945e-03
5.111293867230415344e-03
5.111293867230415344e-03
5.114221014082431793e-03
5.118613131344318390e-03
5.115685053169727325e-03
5.099582951515913010e-03
5.096654873341321945e-03
5.098118912428617477e-03
5.093726795166730881e-03
5.131788086146116257e-03
5.144962109625339508e-03
5.152281839400529861e-03
5.161065142601728439e-03
5.162529181689023972e-03
5.158137064427137375e-03
5.156673025339841843e-03
5.153744947165250778e-03
5.149354226887226105e-03
5.159601103514432907e-03
5.163993220776319504e-03
5.159601103514432907e-03
5.166919901967048645e-03
5.118613131344318390e-03
5.103974137455224991e-03
5.084943957626819611e-03
5.049812141805887222e-03
5.083479918539524078e-03
5.073233041912317276e-03
5.064450204372406006e-03
5.060059018433094025e-03
5.055666901171207428e-03
5.052738822996616364e-03
5.048348102718591690e-03
5.061522126197814941e-03
5.042491946369409561e-03
5.036637187004089355e-03
5.039564799517393112e-03
5.023462232202291489e-03
5.017607007175683975e-03
5.023462232202291489e-03
5.030781030654907227e-03
5.041027907282114029e-03
5.051274783909320831e-03
5.021998193114995956e-03
5.049812141805887222e-03
5.048348102718591690e-03
5.052738822996616364e-03
5.045420024544000626e-03
5.046884063631296158e-03
5.045420024544000626e-03
5.048348102718591690e-03
5.049812141805887222e-03
5.038101226091384888e-03
5.049812141805887222e-03
5.001503974199295044e-03
4.994185175746679306e-03
4.991257097572088242e-03
4.982473794370889664e-03
4.982473794370889664e-03
4.981010220944881439e-03
4.957588855177164078e-03
4.976619035005569458e-03
4.976619035005569458e-03
4.973690956830978394e-03
4.970762878656387329e-03
4.967836197465658188e-03
4.967836197465658188e-03
4.964908119291067123e-03
4.961980041116476059e-03
4.957588855177164078e-03
4.959051962941884995e-03
4.983937833458185196e-03
5.000039935111999512e-03
5.005896091461181641e-03
5.014678929001092911e-03
5.021998193114995956e-03
5.019071046262979507e-03
5.020534154027700424e-03
4.995649214833974838e-03
5.013214889913797379e-03
5.013214889913797379e-03
5.017607007175683975e-03
5.020534154027700424e-03
5.019071046262979507e-03
5.019071046262979507e-03
4.839016124606132507e-03
