5.060059018433094025e-03
5.106902215629816055e-03
5.115685053169727325e-03
5.118613131344318390e-03
5.124467890709638596e-03
5.124467890709638596e-03
5.120077170431613922e-03
5.121541209518909454e-03
5.118613131344318390e-03
5.111293867230415344e-03
5.109829828143119812e-03
5.112756974995136261e-03
5.112756974995136261e-03
5.115685053169727325e-03
5.115685053169727325e-03
5.118613131344318390e-03
5.102510098367929459e-03
5.096654873341321945e-03
5.112756974995136261e-03
5.133251193910837173e-03
5.134714767336845398e-03
5.142034962773323059e-03
5.144962109625339508e-03
5.152281839400529861e-03
5.150817800313234329e-03
5.153744947165250778e-03
5.159601103514432907e-03
5.152281839400529861e-03
5.168383941054344177e-03
5.162529181689023972e-03
5.153744947165250778e-03
5.155208986252546310e-03
5.163993220776319504e-03
5.114221014082431793e-03
5.095190834254026413e-03
5.055666901171207428e-03
5.093726795166730881e-03
5.083479918539524078e-03
5.073233041912317276e-03
5.076161120086908340e-03
5.064450204372406006e-03
5.058594979345798492e-03
5.055666901171207428e-03
5.052738822996616364e-03
5.048348102718591690e-03
5.036637187004089355e-03
5.035173147916793823e-03
5.030781030654907227e-03
5.019071046262979507e-03
5.016142968088388443e-03
5.019071046262979507e-03
5.042491946369409561e-03
5.041027907282114029e-03
5.008824169635772705e-03
5.045420024544000626e-03
5.049812141805887222e-03
5.048348102718591690e-03
5.048348102718591690e-03
5.048348102718591690e-03
5.054202862083911896e-03
5.052738822996616364e-03
5.048348102718591690e-03
5.039564799517393112e-03
5.046884063631296158e-03
5.043955985456705093e-03
4.998576827347278595e-03
4.992721136659383774e-03
4.994185175746679306e-03
4.988329950720071793e-03
4.982473794370889664e-03
4.979546181857585907e-03
4.963444080203771591e-03
4.972226917743682861e-03
4.975154995918273926e-03
4.981010220944881439e-03
4.981010220944881439e-03
4.970762878656387329e-03
4.966372158378362656e-03
4.966372158378362656e-03
4.964908119291067123e-03
4.947341978549957275e-03
4.963444080203771591e-03
4.991257097572088242e-03
5.005896091461181641e-03
5.013214889913797379e-03
5.023462232202291489e-03
5.023462232202291489e-03
5.020534154027700424e-03
4.992721136659383774e-03
5.013214889913797379e-03
5.024925805628299713e-03
5.020534154027700424e-03
5.024925805628299713e-03
5.027853883802890778e-03
5.020534154027700424e-03
5.021998193114995956e-03
4.839016124606132507e-03
