5.115685053169727325e-03
5.112756974995136261e-03
5.117149092257022858e-03
5.118613131344318390e-03
5.118613131344318390e-03
5.114221014082431793e-03
5.118613131344318390e-03
5.112756974995136261e-03
5.121541209518909454e-03
5.093726795166730881e-03
5.106902215629816055e-03
5.115685053169727325e-03
5.111293867230415344e-03
5.111293867230415344e-03
5.111293867230415344e-03
5.108365789055824280e-03
5.096654873341321945e-03
5.109829828143119812e-03
5.083479918539524078e-03
5.118613131344318390e-03
5.127395968884229660e-03
5.130324047058820724e-03
5.134714767336845398e-03
5.137642845511436462e-03
5.133251193910837173e-03
5.140570923686027527e-03
5.137642845511436462e-03
5.137642845511436462e-03
5.153744947165250778e-03
5.146426148712635040e-03
5.142034962773323059e-03
5.130324047058820724e-03
5.136178806424140930e-03
5.087872035801410675e-03
5.074697080999612808e-03
5.030781030654907227e-03
5.064450204372406006e-03
5.064450204372406006e-03
5.058594979345798492e-03
5.049812141805887222e-03
5.033709108829498291e-03
5.036637187004089355e-03
5.027853883802890778e-03
5.021998193114995956e-03
5.026389844715595245e-03
5.027853883802890778e-03
5.026389844715595245e-03
5.011750850826501846e-03
5.000039935111999512e-03
5.002968013286590576e-03
5.004432052373886108e-03
5.017607007175683975e-03
5.029317922890186310e-03
5.019071046262979507e-03
5.042491946369409561e-03
5.039564799517393112e-03
5.039564799517393112e-03
5.033709108829498291e-03
5.038101226091384888e-03
5.036637187004089355e-03
5.035173147916793823e-03
5.033709108829498291e-03
5.021998193114995956e-03
5.035173147916793823e-03
5.023462232202291489e-03
4.995649214833974838e-03
4.995649214833974838e-03
4.983937833458185196e-03
4.983937833458185196e-03
4.979546181857585907e-03
4.969298839569091797e-03
4.966372158378362656e-03
4.970762878656387329e-03
4.964908119291067123e-03
4.970762878656387329e-03
4.976619035005569458e-03
4.967836197465658188e-03
4.967836197465658188e-03
4.966372158378362656e-03
5.098118912428617477e-03
4.950269125401973724e-03
4.964908119291067123e-03
4.983937833458185196e-03
5.001503974199295044e-03
5.020534154027700424e-03
5.020534154027700424e-03
5.021998193114995956e-03
5.024925805628299713e-03
5.007360130548477173e-03
5.016142968088388443e-03
5.014678929001092911e-03
5.017607007175683975e-03
5.017607007175683975e-03
5.013214889913797379e-03
5.021998193114995956e-03
5.023462232202291489e-03
4.787780810147523880e-03
