5.197660997509956360e-03
5.125931929796934128e-03
5.123003851622343063e-03
5.106902215629816055e-03
5.120077170431613922e-03
5.115685053169727325e-03
5.114221014082431793e-03
5.115685053169727325e-03
5.115685053169727325e-03
5.114221014082431793e-03
5.112756974995136261e-03
5.114221014082431793e-03
5.105438176542520523e-03
5.111293867230415344e-03
5.111293867230415344e-03
5.108365789055824280e-03
5.092263221740722656e-03
5.087872035801410675e-03
5.095190834254026413e-03
5.108365789055824280e-03
5.111293867230415344e-03
5.121541209518909454e-03
5.140570923686027527e-03
5.147890187799930573e-03
5.147890187799930573e-03
5.147890187799930573e-03
5.142034962773323059e-03
5.142034962773323059e-03
5.142034962773323059e-03
5.124467890709638596e-03
5.142034962773323059e-03
5.144962109625339508e-03
5.153744947165250778e-03
5.103974137455224991e-03
5.084943957626819611e-03
5.070305895060300827e-03
5.062986165285110474e-03
5.052738822996616364e-03
5.029317922890186310e-03
5.048348102718591690e-03
5.048348102718591690e-03
5.043955985456705093e-03
5.051274783909320831e-03
5.041027907282114029e-03
5.026389844715595245e-03
5.020534154027700424e-03
5.014678929001092911e-03
4.988329950720071793e-03
5.002968013286590576e-03
5.004432052373886108e-03
5.007360130548477173e-03
5.020534154027700424e-03
5.030781030654907227e-03
5.036637187004089355e-03
5.032245069742202759e-03
5.036637187004089355e-03
5.021998193114995956e-03
5.036637187004089355e-03
5.038101226091384888e-03
5.035173147916793823e-03
5.042491946369409561e-03
5.046884063631296158e-03
5.042491946369409561e-03
5.035173147916793823e-03
5.008824169635772705e-03
4.992721136659383774e-03
4.989793058484792709e-03
4.981010220944881439e-03
4.979546181857585907e-03
4.976619035005569458e-03
4.979546181857585907e-03
4.978083074092864990e-03
4.975154995918273926e-03
4.948805086314678192e-03
4.970762878656387329e-03
4.966372158378362656e-03
4.963444080203771591e-03
4.961980041116476059e-03
4.954660777002573013e-03
4.967836197465658188e-03
4.964908119291067123e-03
4.966372158378362656e-03
4.963444080203771591e-03
4.995649214833974838e-03
5.008824169635772705e-03
5.013214889913797379e-03
5.014678929001092911e-03
5.019071046262979507e-03
5.017607007175683975e-03
5.014678929001092911e-03
5.024925805628299713e-03
5.016142968088388443e-03
5.019071046262979507e-03
5.019071046262979507e-03
5.020534154027700424e-03
5.017607007175683975e-03
4.856581799685955048e-03
