5.117149092257022858e-03
5.098118912428617477e-03
5.117149092257022858e-03
5.114221014082431793e-03
5.112756974995136261e-03
5.118613131344318390e-03
5.120077170431613922e-03
5.117149092257022858e-03
5.118613131344318390e-03
5.118613131344318390e-03
5.106902215629816055e-03
5.114221014082431793e-03
5.117149092257022858e-03
5.115685053169727325e-03
5.117149092257022858e-03
5.111293867230415344e-03
5.096654873341321945e-03
5.103974137455224991e-03
5.115685053169727325e-03
5.131788086146116257e-03
5.139106884598731995e-03
5.147890187799930573e-03
5.153744947165250778e-03
5.155208986252546310e-03
5.162529181689023972e-03
5.163993220776319504e-03
5.174240097403526306e-03
5.169847980141639709e-03
5.162529181689023972e-03
5.163993220776319504e-03
5.161065142601728439e-03
5.159601103514432907e-03
5.142034962773323059e-03
5.103974137455224991e-03
5.093726795166730881e-03
5.080552771687507629e-03
5.051274783909320831e-03
5.079089198261499405e-03
5.076161120086908340e-03
5.065913777798414230e-03
5.070305895060300827e-03
5.073233041912317276e-03
5.055666901171207428e-03
5.046884063631296158e-03
5.041027907282114029e-03
5.033709108829498291e-03
5.027853883802890778e-03
5.118613131344318390e-03
5.027853883802890778e-03
5.024925805628299713e-03
5.029317922890186310e-03
5.036637187004089355e-03
5.038101226091384888e-03
5.041027907282114029e-03
5.029317922890186310e-03
5.060059018433094025e-03
5.057130940258502960e-03
5.054202862083911896e-03
5.048348102718591690e-03
5.043955985456705093e-03
5.043955985456705093e-03
5.046884063631296158e-03
5.049812141805887222e-03
5.083479918539524078e-03
5.020534154027700424e-03
5.000039935111999512e-03
4.994185175746679306e-03
4.985401872545480728e-03
4.981010220944881439e-03
4.982473794370889664e-03
4.982473794370889664e-03
4.961980041116476059e-03
4.975154995918273926e-03
4.973690956830978394e-03
4.973690956830978394e-03
4.961980041116476059e-03
4.966372158378362656e-03
4.960516002029180527e-03
4.970762878656387329e-03
4.964908119291067123e-03
4.964908119291067123e-03
4.957588855177164078e-03
4.992721136659383774e-03
5.002968013286590576e-03
5.005896091461181641e-03
5.020534154027700424e-03
5.024925805628299713e-03
5.017607007175683975e-03
5.021998193114995956e-03
5.005896091461181641e-03
5.016142968088388443e-03
5.021998193114995956e-03
5.029317922890186310e-03
5.024925805628299713e-03
5.017607007175683975e-03
5.021998193114995956e-03
4.746792837977409363e-03
