4.692629911005496979e-03
4.702876787632703781e-03
4.702876787632703781e-03
4.705804865807294846e-03
4.705804865807294846e-03
4.692629911005496979e-03
4.705804865807294846e-03
4.708732943981885910e-03
4.704340826719999313e-03
4.708732943981885910e-03
4.707268904894590378e-03
4.702876787632703781e-03
4.704340826719999313e-03
4.701414145529270172e-03
4.688239190727472305e-03
4.704340826719999313e-03
4.699950106441974640e-03
4.716052208095788956e-03
4.736545961350202560e-03
4.740938078612089157e-03
4.743865225464105606e-03
4.749720916152000427e-03
4.735081922262907028e-03
4.738010000437498093e-03
4.743865225464105606e-03
4.746792837977409363e-03
4.752648994326591492e-03
4.743865225464105606e-03
4.740938078612089157e-03
4.748256877064704895e-03
4.732154775410890579e-03
4.739474039524793625e-03
4.736545961350202560e-03
4.718979820609092712e-03
4.701414145529270172e-03
4.711661022156476974e-03
4.697022028267383575e-03
4.697022028267383575e-03
4.676527809351682663e-03
4.698486067354679108e-03
4.698486067354679108e-03
4.697022028267383575e-03
4.695557989180088043e-03
4.694093950092792511e-03
4.699950106441974640e-03
4.697022028267383575e-03
4.699950106441974640e-03
4.672136157751083374e-03
4.695557989180088043e-03
4.701414145529270172e-03
4.713124129921197891e-03
4.724835045635700226e-03
4.727763123810291290e-03
4.733617883175611496e-03
4.733617883175611496e-03
4.714588169008493423e-03
4.730691201984882355e-03
4.735081922262907028e-03
4.735081922262907028e-03
4.730691201984882355e-03
4.733617883175611496e-03
4.736545961350202560e-03
4.730691201984882355e-03
4.717515781521797180e-03
4.721907898783683777e-03
4.699950106441974640e-03
4.679455887526273727e-03
4.670673049986362457e-03
4.666280932724475861e-03
4.661888815462589264e-03
4.666280932724475861e-03
4.666280932724475861e-03
4.658962134271860123e-03
4.677991848438978195e-03
4.667744971811771393e-03
4.666280932724475861e-03
4.664816893637180328e-03
4.661888815462589264e-03
4.658962134271860123e-03
4.642859101295471191e-03
4.635539837181568146e-03
4.661888815462589264e-03
4.669209010899066925e-03
4.663352854549884796e-03
4.664816893637180328e-03
4.661888815462589264e-03
4.666280932724475861e-03
4.663352854549884796e-03
4.666280932724475861e-03
4.673600196838378906e-03
4.683847073465585709e-03
4.679455887526273727e-03
4.677991848438978195e-03
4.673600196838378906e-03
4.670673049986362457e-03
4.667744971811771393e-03
