5.083479918539524078e-03
5.083479918539524078e-03
5.114221014082431793e-03
5.118613131344318390e-03
5.118613131344318390e-03
5.115685053169727325e-03
5.112756974995136261e-03
5.112756974995136261e-03
5.114221014082431793e-03
5.121541209518909454e-03
5.087872035801410675e-03
5.115685053169727325e-03
5.114221014082431793e-03
5.112756974995136261e-03
5.114221014082431793e-03
5.109829828143119812e-03
5.292811896651983261e-03
5.101046990603208542e-03
5.102510098367929459e-03
5.082015879452228546e-03
5.118613131344318390e-03
5.133251193910837173e-03
5.128860007971525192e-03
5.136178806424140930e-03
5.134714767336845398e-03
5.142034962773323059e-03
5.146426148712635040e-03
5.147890187799930573e-03
5.134714767336845398e-03
5.146426148712635040e-03
5.143498070538043976e-03
5.140570923686027527e-03
5.162529181689023972e-03
5.108365789055824280e-03
5.070305895060300827e-03
5.070305895060300827e-03
5.076161120086908340e-03
5.065913777798414230e-03
5.061522126197814941e-03
5.052738822996616364e-03
5.046884063631296158e-03
5.041027907282114029e-03
5.030781030654907227e-03
5.029317922890186310e-03
5.026389844715595245e-03
5.020534154027700424e-03
5.014678929001092911e-03
5.032245069742202759e-03
5.013214889913797379e-03
5.007360130548477173e-03
5.008824169635772705e-03
5.014678929001092911e-03
5.024925805628299713e-03
5.027853883802890778e-03
5.005896091461181641e-03
5.038101226091384888e-03
5.052738822996616364e-03
5.045420024544000626e-03
5.039564799517393112e-03
5.038101226091384888e-03
5.041027907282114029e-03
5.038101226091384888e-03
5.042491946369409561e-03
5.033709108829498291e-03
5.048348102718591690e-03
4.998576827347278595e-03
4.998576827347278595e-03
4.978083074092864990e-03
4.983937833458185196e-03
4.981010220944881439e-03
4.970762878656387329e-03
4.972226917743682861e-03
4.967836197465658188e-03
4.970762878656387329e-03
4.967836197465658188e-03
4.969298839569091797e-03
4.975154995918273926e-03
4.969298839569091797e-03
4.960516002029180527e-03
4.972226917743682861e-03
4.959051962941884995e-03
4.945877939462661743e-03
4.973690956830978394e-03
4.989793058484792709e-03
5.005896091461181641e-03
5.019071046262979507e-03
5.023462232202291489e-03
5.021998193114995956e-03
5.023462232202291489e-03
4.997112788259983063e-03
5.017607007175683975e-03
5.016142968088388443e-03
5.014678929001092911e-03
5.016142968088388443e-03
5.016142968088388443e-03
5.021998193114995956e-03
5.118613131344318390e-03
