5.215228069573640823e-03
5.115685053169727325e-03
5.117149092257022858e-03
5.118613131344318390e-03
5.123003851622343063e-03
5.124467890709638596e-03
5.108365789055824280e-03
5.112756974995136261e-03
5.112756974995136261e-03
5.120077170431613922e-03
5.123003851622343063e-03
5.114221014082431793e-03
5.117149092257022858e-03
5.109829828143119812e-03
5.103974137455224991e-03
5.105438176542520523e-03
5.105438176542520523e-03
5.090800113976001740e-03
5.093726795166730881e-03
5.105438176542520523e-03
5.118613131344318390e-03
5.128860007971525192e-03
5.130324047058820724e-03
5.098118912428617477e-03
5.137642845511436462e-03
5.146426148712635040e-03
5.146426148712635040e-03
5.139106884598731995e-03
5.137642845511436462e-03
5.133251193910837173e-03
5.128860007971525192e-03
5.131788086146116257e-03
5.146426148712635040e-03
5.098118912428617477e-03
5.076161120086908340e-03
5.065913777798414230e-03
5.062986165285110474e-03
5.057130940258502960e-03
5.048348102718591690e-03
5.039564799517393112e-03
5.033709108829498291e-03
5.030781030654907227e-03
5.039564799517393112e-03
5.030781030654907227e-03
5.024925805628299713e-03
5.021998193114995956e-03
5.011750850826501846e-03
5.019071046262979507e-03
5.004432052373886108e-03
4.998576827347278595e-03
5.001503974199295044e-03
5.017607007175683975e-03
5.035173147916793823e-03
5.041027907282114029e-03
5.035173147916793823e-03
5.036637187004089355e-03
5.033709108829498291e-03
5.038101226091384888e-03
5.027853883802890778e-03
5.036637187004089355e-03
5.035173147916793823e-03
5.033709108829498291e-03
5.039564799517393112e-03
5.042491946369409561e-03
5.039564799517393112e-03
4.994185175746679306e-03
4.985401872545480728e-03
4.975154995918273926e-03
4.979546181857585907e-03
4.976619035005569458e-03
4.975154995918273926e-03
4.972226917743682861e-03
4.963444080203771591e-03
4.970762878656387329e-03
4.969298839569091797e-03
4.967836197465658188e-03
4.942949861288070679e-03
4.959051962941884995e-03
4.972226917743682861e-03
4.964908119291067123e-03
4.966372158378362656e-03
4.963444080203771591e-03
4.975154995918273926e-03
4.998576827347278595e-03
5.002968013286590576e-03
5.005896091461181641e-03
5.013214889913797379e-03
5.011750850826501846e-03
5.021998193114995956e-03
5.024925805628299713e-03
5.020534154027700424e-03
5.017607007175683975e-03
5.017607007175683975e-03
4.983937833458185196e-03
5.013214889913797379e-03
5.016142968088388443e-03
4.799492191523313522e-03
