5.086407996714115143e-03
5.112756974995136261e-03
5.120077170431613922e-03
5.115685053169727325e-03
5.124467890709638596e-03
5.120077170431613922e-03
5.109829828143119812e-03
5.111293867230415344e-03
5.115685053169727325e-03
5.117149092257022858e-03
5.112756974995136261e-03
5.112756974995136261e-03
5.112756974995136261e-03
5.109829828143119812e-03
5.111293867230415344e-03
5.111293867230415344e-03
5.093726795166730881e-03
5.099582951515913010e-03
5.096654873341321945e-03
5.106902215629816055e-03
5.118613131344318390e-03
5.123003851622343063e-03
5.133251193910837173e-03
5.139106884598731995e-03
5.144962109625339508e-03
5.134714767336845398e-03
5.147890187799930573e-03
5.143498070538043976e-03
5.139106884598731995e-03
5.134714767336845398e-03
5.131788086146116257e-03
5.131788086146116257e-03
5.143498070538043976e-03
5.098118912428617477e-03
5.093726795166730881e-03
5.076161120086908340e-03
5.062986165285110474e-03
5.055666901171207428e-03
5.048348102718591690e-03
5.046884063631296158e-03
5.041027907282114029e-03
5.038101226091384888e-03
5.027853883802890778e-03
5.036637187004089355e-03
5.024925805628299713e-03
5.027853883802890778e-03
5.014678929001092911e-03
5.011750850826501846e-03
5.000039935111999512e-03
4.997112788259983063e-03
5.005896091461181641e-03
5.001503974199295044e-03
5.033709108829498291e-03
5.033709108829498291e-03
5.036637187004089355e-03
5.035173147916793823e-03
5.033709108829498291e-03
5.036637187004089355e-03
5.035173147916793823e-03
5.013214889913797379e-03
5.038101226091384888e-03
5.041027907282114029e-03
5.041027907282114029e-03
5.036637187004089355e-03
5.041027907282114029e-03
4.998576827347278595e-03
4.989793058484792709e-03
4.960516002029180527e-03
4.983937833458185196e-03
4.982473794370889664e-03
4.979546181857585907e-03
4.973690956830978394e-03
4.972226917743682861e-03
4.959051962941884995e-03
4.963444080203771591e-03
4.961980041116476059e-03
4.966372158378362656e-03
4.953197203576564789e-03
4.966372158378362656e-03
4.966372158378362656e-03
4.954660777002573013e-03
4.963444080203771591e-03
4.975154995918273926e-03
4.992721136659383774e-03
5.005896091461181641e-03
5.013214889913797379e-03
5.013214889913797379e-03
5.013214889913797379e-03
5.021998193114995956e-03
5.029317922890186310e-03
5.019071046262979507e-03
5.013214889913797379e-03
5.019071046262979507e-03
5.013214889913797379e-03
5.001503974199295044e-03
5.021998193114995956e-03
4.840480163693428040e-03
