5.102510098367929459e-03
5.112756974995136261e-03
5.120077170431613922e-03
5.118613131344318390e-03
5.120077170431613922e-03
5.115685053169727325e-03
5.117149092257022858e-03
5.117149092257022858e-03
5.111293867230415344e-03
5.114221014082431793e-03
5.111293867230415344e-03
5.098118912428617477e-03
5.120077170431613922e-03
5.111293867230415344e-03
5.111293867230415344e-03
5.109829828143119812e-03
5.095190834254026413e-03
5.087872035801410675e-03
5.090800113976001740e-03
5.101046990603208542e-03
5.121541209518909454e-03
5.140570923686027527e-03
5.131788086146116257e-03
5.137642845511436462e-03
5.130324047058820724e-03
5.128860007971525192e-03
5.130324047058820724e-03
5.128860007971525192e-03
5.118613131344318390e-03
5.136178806424140930e-03
5.133251193910837173e-03
5.133251193910837173e-03
5.150817800313234329e-03
5.099582951515913010e-03
5.080552771687507629e-03
5.060059018433094025e-03
5.054202862083911896e-03
5.048348102718591690e-03
5.049812141805887222e-03
5.043955985456705093e-03
5.039564799517393112e-03
5.035173147916793823e-03
5.036637187004089355e-03
5.033709108829498291e-03
5.024925805628299713e-03
5.017607007175683975e-03
4.989793058484792709e-03
5.010286811739206314e-03
5.001503974199295044e-03
4.994185175746679306e-03
5.004432052373886108e-03
5.021998193114995956e-03
5.029317922890186310e-03
5.035173147916793823e-03
5.036637187004089355e-03
5.026389844715595245e-03
5.038101226091384888e-03
5.035173147916793823e-03
5.033709108829498291e-03
5.035173147916793823e-03
5.042491946369409561e-03
5.042491946369409561e-03
5.038101226091384888e-03
5.013214889913797379e-03
5.032245069742202759e-03
4.986865911632776260e-03
4.986865911632776260e-03
4.978083074092864990e-03
4.975154995918273926e-03
4.979546181857585907e-03
4.973690956830978394e-03
4.970762878656387329e-03
4.944413900375366211e-03
4.964908119291067123e-03
4.972226917743682861e-03
4.963444080203771591e-03
4.963444080203771591e-03
4.961980041116476059e-03
4.959051962941884995e-03
4.967836197465658188e-03
4.964908119291067123e-03
4.938558209687471390e-03
4.979546181857585907e-03
5.000039935111999512e-03
5.007360130548477173e-03
5.011750850826501846e-03
5.016142968088388443e-03
5.016142968088388443e-03
5.016142968088388443e-03
5.021998193114995956e-03
5.016142968088388443e-03
5.017607007175683975e-03
5.021998193114995956e-03
5.019071046262979507e-03
5.016142968088388443e-03
5.011750850826501846e-03
4.805346950888633728e-03
