5.076161120086908340e-03
5.111293867230415344e-03
5.121541209518909454e-03
5.101046990603208542e-03
5.115685053169727325e-03
5.117149092257022858e-03
5.112756974995136261e-03
5.112756974995136261e-03
5.111293867230415344e-03
5.114221014082431793e-03
5.121541209518909454e-03
5.112756974995136261e-03
5.112756974995136261e-03
5.105438176542520523e-03
5.108365789055824280e-03
5.106902215629816055e-03
5.253287963569164276e-03
5.087872035801410675e-03
5.087872035801410675e-03
5.111293867230415344e-03
5.112756974995136261e-03
5.084943957626819611e-03
5.123003851622343063e-03
5.127395968884229660e-03
5.125931929796934128e-03
5.130324047058820724e-03
5.127395968884229660e-03
5.134714767336845398e-03
5.127395968884229660e-03
5.133251193910837173e-03
5.137642845511436462e-03
5.144962109625339508e-03
5.136178806424140930e-03
5.108365789055824280e-03
5.062986165285110474e-03
5.060059018433094025e-03
5.054202862083911896e-03
5.048348102718591690e-03
5.021998193114995956e-03
5.045420024544000626e-03
5.054202862083911896e-03
5.042491946369409561e-03
5.033709108829498291e-03
5.024925805628299713e-03
5.019071046262979507e-03
5.017607007175683975e-03
5.010286811739206314e-03
5.007360130548477173e-03
4.995649214833974838e-03
5.001503974199295044e-03
5.004432052373886108e-03
5.013214889913797379e-03
5.024925805628299713e-03
5.027853883802890778e-03
5.029317922890186310e-03
5.033709108829498291e-03
5.004432052373886108e-03
5.035173147916793823e-03
5.039564799517393112e-03
5.039564799517393112e-03
5.035173147916793823e-03
5.033709108829498291e-03
5.032245069742202759e-03
5.033709108829498291e-03
5.036637187004089355e-03
4.989793058484792709e-03
5.000039935111999512e-03
4.988329950720071793e-03
4.982473794370889664e-03
4.976619035005569458e-03
4.969298839569091797e-03
4.969298839569091797e-03
4.969298839569091797e-03
4.961980041116476059e-03
4.964908119291067123e-03
4.960516002029180527e-03
4.966372158378362656e-03
4.964908119291067123e-03
4.964908119291067123e-03
4.961980041116476059e-03
4.956124816089868546e-03
4.960516002029180527e-03
4.972226917743682861e-03
4.982473794370889664e-03
5.002968013286590576e-03
5.001503974199295044e-03
5.016142968088388443e-03
5.017607007175683975e-03
5.020534154027700424e-03
5.021998193114995956e-03
5.017607007175683975e-03
4.997112788259983063e-03
5.014678929001092911e-03
5.014678929001092911e-03
5.010286811739206314e-03
5.019071046262979507e-03
5.304522812366485596e-03
