4.376437049359083176e-03
4.521359223872423172e-03
4.515503998845815659e-03
4.518431145697832108e-03
4.527214914560317993e-03
4.525750875473022461e-03
4.516968037933111191e-03
4.511111881583929062e-03
4.519895184785127640e-03
4.525750875473022461e-03
4.527214914560317993e-03
4.533070139586925507e-03
4.525750875473022461e-03
4.524286836385726929e-03
4.525750875473022461e-03
4.522822797298431396e-03
4.503793083131313324e-03
4.511111881583929062e-03
4.525750875473022461e-03
4.537461791187524796e-03
4.540388938039541245e-03
4.534534178674221039e-03
4.541852977126836777e-03
4.543317016214132309e-03
4.531606100499629974e-03
4.537461791187524796e-03
4.528678022325038910e-03
4.540388938039541245e-03
4.541852977126836777e-03
4.541852977126836777e-03
4.538924898952245712e-03
4.540388938039541245e-03
4.553563892841339111e-03
4.549171775579452515e-03
4.546245094388723373e-03
4.547709133476018906e-03
4.538924898952245712e-03
4.541852977126836777e-03
4.547709133476018906e-03
4.534534178674221039e-03
4.530142061412334442e-03
4.525750875473022461e-03
4.527214914560317993e-03
4.525750875473022461e-03
4.522822797298431396e-03
4.521359223872423172e-03
4.521359223872423172e-03
4.518431145697832108e-03
4.509647842496633530e-03
4.503793083131313324e-03
4.522822797298431396e-03
4.528678022325038910e-03
4.533070139586925507e-03
4.535998217761516571e-03
4.538924898952245712e-03
4.533070139586925507e-03
4.535998217761516571e-03
4.525750875473022461e-03
4.534534178674221039e-03
4.537461791187524796e-03
4.538924898952245712e-03
4.538924898952245712e-03
4.537461791187524796e-03
4.534534178674221039e-03
4.557956010103225708e-03
4.521359223872423172e-03
4.541852977126836777e-03
4.541852977126836777e-03
4.544781055301427841e-03
4.535998217761516571e-03
4.534534178674221039e-03
4.533070139586925507e-03
4.531606100499629974e-03
4.528678022325038910e-03
4.516968037933111191e-03
4.516968037933111191e-03
4.516968037933111191e-03
4.524286836385726929e-03
4.525750875473022461e-03
4.525750875473022461e-03
4.505257122218608856e-03
4.514039959758520126e-03
4.511111881583929062e-03
4.521359223872423172e-03
4.528678022325038910e-03
4.528678022325038910e-03
4.528678022325038910e-03
4.537461791187524796e-03
4.540388938039541245e-03
4.535998217761516571e-03
4.534534178674221039e-03
4.531606100499629974e-03
4.530142061412334442e-03
4.534534178674221039e-03
4.534534178674221039e-03
4.531606100499629974e-03
4.446702077984809875e-03
