5.123003851622343063e-03
5.098118912428617477e-03
5.112756974995136261e-03
5.121541209518909454e-03
5.115685053169727325e-03
5.114221014082431793e-03
5.114221014082431793e-03
5.109829828143119812e-03
5.125931929796934128e-03
5.120077170431613922e-03
5.080552771687507629e-03
5.109829828143119812e-03
5.117149092257022858e-03
5.115685053169727325e-03
5.109829828143119812e-03
5.106902215629816055e-03
5.099582951515913010e-03
5.098118912428617477e-03
5.099582951515913010e-03
5.093726795166730881e-03
5.121541209518909454e-03
5.128860007971525192e-03
5.134714767336845398e-03
5.139106884598731995e-03
5.143498070538043976e-03
5.140570923686027527e-03
5.139106884598731995e-03
5.139106884598731995e-03
5.133251193910837173e-03
5.146426148712635040e-03
5.144962109625339508e-03
5.144962109625339508e-03
5.118613131344318390e-03
5.071769002825021744e-03
5.065913777798414230e-03
5.049812141805887222e-03
5.045420024544000626e-03
5.051274783909320831e-03
5.049812141805887222e-03
5.052738822996616364e-03
5.041027907282114029e-03
5.038101226091384888e-03
5.029317922890186310e-03
5.027853883802890778e-03
5.019071046262979507e-03
5.010286811739206314e-03
5.013214889913797379e-03
5.163993220776319504e-03
5.010286811739206314e-03
5.010286811739206314e-03
5.016142968088388443e-03
5.017607007175683975e-03
5.024925805628299713e-03
5.033709108829498291e-03
5.008824169635772705e-03
5.046884063631296158e-03
5.049812141805887222e-03
5.041027907282114029e-03
5.036637187004089355e-03
5.036637187004089355e-03
5.038101226091384888e-03
5.032245069742202759e-03
5.041027907282114029e-03
5.039564799517393112e-03
5.010286811739206314e-03
4.983937833458185196e-03
4.986865911632776260e-03
4.985401872545480728e-03
4.976619035005569458e-03
4.981010220944881439e-03
4.975154995918273926e-03
4.969298839569091797e-03
4.963444080203771591e-03
4.964908119291067123e-03
4.966372158378362656e-03
4.966372158378362656e-03
4.960516002029180527e-03
4.966372158378362656e-03
4.963444080203771591e-03
4.956124816089868546e-03
4.957588855177164078e-03
4.953197203576564789e-03
4.991257097572088242e-03
5.001503974199295044e-03
5.010286811739206314e-03
5.024925805628299713e-03
5.019071046262979507e-03
5.014678929001092911e-03
5.020534154027700424e-03
5.001503974199295044e-03
5.016142968088388443e-03
5.011750850826501846e-03
5.017607007175683975e-03
5.020534154027700424e-03
5.023462232202291489e-03
5.020534154027700424e-03
4.754112102091312408e-03
