5.086407996714115143e-03
5.114221014082431793e-03
5.118613131344318390e-03
5.128860007971525192e-03
5.105438176542520523e-03
5.120077170431613922e-03
5.120077170431613922e-03
5.115685053169727325e-03
5.112756974995136261e-03
5.121541209518909454e-03
5.123003851622343063e-03
5.114221014082431793e-03
5.114221014082431793e-03
5.099582951515913010e-03
5.108365789055824280e-03
5.111293867230415344e-03
5.292811896651983261e-03
5.101046990603208542e-03
5.098118912428617477e-03
5.105438176542520523e-03
5.111293867230415344e-03
5.120077170431613922e-03
5.099582951515913010e-03
5.143498070538043976e-03
5.147890187799930573e-03
5.156673025339841843e-03
5.159601103514432907e-03
5.147890187799930573e-03
5.143498070538043976e-03
5.149354226887226105e-03
5.121541209518909454e-03
5.152281839400529861e-03
5.190342199057340622e-03
5.121541209518909454e-03
5.082015879452228546e-03
5.077625159174203873e-03
5.067377816885709763e-03
5.062986165285110474e-03
5.057130940258502960e-03
5.035173147916793823e-03
5.058594979345798492e-03
5.052738822996616364e-03
5.041027907282114029e-03
5.036637187004089355e-03
5.029317922890186310e-03
5.026389844715595245e-03
5.033709108829498291e-03
5.024925805628299713e-03
4.975154995918273926e-03
4.998576827347278595e-03
5.008824169635772705e-03
5.019071046262979507e-03
5.023462232202291489e-03
5.033709108829498291e-03
5.046884063631296158e-03
5.045420024544000626e-03
5.036637187004089355e-03
5.019071046262979507e-03
5.038101226091384888e-03
5.041027907282114029e-03
5.039564799517393112e-03
5.032245069742202759e-03
5.039564799517393112e-03
5.036637187004089355e-03
5.049812141805887222e-03
4.983937833458185196e-03
4.989793058484792709e-03
4.986865911632776260e-03
4.976619035005569458e-03
4.981010220944881439e-03
4.978083074092864990e-03
4.973690956830978394e-03
4.970762878656387329e-03
4.970762878656387329e-03
4.948805086314678192e-03
4.959051962941884995e-03
4.963444080203771591e-03
4.969298839569091797e-03
4.966372158378362656e-03
4.967836197465658188e-03
4.959051962941884995e-03
4.960516002029180527e-03
4.973690956830978394e-03
4.963444080203771591e-03
5.000039935111999512e-03
5.011750850826501846e-03
5.014678929001092911e-03
5.019071046262979507e-03
5.016142968088388443e-03
5.019071046262979507e-03
5.016142968088388443e-03
5.017607007175683975e-03
5.010286811739206314e-03
5.021998193114995956e-03
5.021998193114995956e-03
5.019071046262979507e-03
5.125931929796934128e-03
