5.082015879452228546e-03
5.117149092257022858e-03
5.123003851622343063e-03
5.121541209518909454e-03
5.120077170431613922e-03
5.090800113976001740e-03
5.111293867230415344e-03
5.114221014082431793e-03
5.115685053169727325e-03
5.118613131344318390e-03
5.117149092257022858e-03
5.112756974995136261e-03
5.112756974995136261e-03
5.112756974995136261e-03
5.109829828143119812e-03
5.095190834254026413e-03
5.095190834254026413e-03
5.093726795166730881e-03
5.096654873341321945e-03
5.102510098367929459e-03
5.109829828143119812e-03
5.117149092257022858e-03
5.125931929796934128e-03
5.108365789055824280e-03
5.136178806424140930e-03
5.137642845511436462e-03
5.137642845511436462e-03
5.131788086146116257e-03
5.128860007971525192e-03
5.140570923686027527e-03
5.134714767336845398e-03
5.127395968884229660e-03
5.127395968884229660e-03
5.083479918539524078e-03
5.070305895060300827e-03
5.061522126197814941e-03
5.055666901171207428e-03
5.055666901171207428e-03
5.045420024544000626e-03
5.036637187004089355e-03
5.029317922890186310e-03
5.021998193114995956e-03
5.035173147916793823e-03
5.026389844715595245e-03
5.030781030654907227e-03
5.021998193114995956e-03
5.011750850826501846e-03
5.008824169635772705e-03
4.995649214833974838e-03
5.000039935111999512e-03
5.000039935111999512e-03
5.024925805628299713e-03
5.029317922890186310e-03
5.029317922890186310e-03
5.033709108829498291e-03
5.032245069742202759e-03
5.027853883802890778e-03
5.041027907282114029e-03
5.016142968088388443e-03
5.033709108829498291e-03
5.035173147916793823e-03
5.036637187004089355e-03
5.030781030654907227e-03
5.033709108829498291e-03
5.030781030654907227e-03
4.989793058484792709e-03
4.988329950720071793e-03
4.975154995918273926e-03
4.978083074092864990e-03
4.972226917743682861e-03
4.969298839569091797e-03
4.970762878656387329e-03
4.972226917743682861e-03
4.972226917743682861e-03
4.969298839569091797e-03
4.967836197465658188e-03
4.944413900375366211e-03
4.959051962941884995e-03
4.960516002029180527e-03
4.961980041116476059e-03
4.961980041116476059e-03
4.967836197465658188e-03
4.982473794370889664e-03
4.997112788259983063e-03
5.008824169635772705e-03
5.004432052373886108e-03
5.016142968088388443e-03
5.021998193114995956e-03
5.020534154027700424e-03
5.021998193114995956e-03
5.019071046262979507e-03
5.016142968088388443e-03
5.026389844715595245e-03
5.004432052373886108e-03
5.021998193114995956e-03
5.020534154027700424e-03
4.806810989975929260e-03
