4.478907212615013123e-03
4.521359223872423172e-03
4.515503998845815659e-03
4.519895184785127640e-03
4.522822797298431396e-03
4.519895184785127640e-03
4.503793083131313324e-03
4.527214914560317993e-03
4.527214914560317993e-03
4.527214914560317993e-03
4.528678022325038910e-03
4.525750875473022461e-03
4.519895184785127640e-03
4.521359223872423172e-03
4.495009779930114746e-03
4.524286836385726929e-03
4.604799207299947739e-03
4.512575920671224594e-03
4.521359223872423172e-03
4.527214914560317993e-03
4.531606100499629974e-03
4.537461791187524796e-03
4.540388938039541245e-03
4.534534178674221039e-03
4.538924898952245712e-03
4.535998217761516571e-03
4.537461791187524796e-03
4.537461791187524796e-03
4.534534178674221039e-03
4.531606100499629974e-03
4.540388938039541245e-03
4.530142061412334442e-03
4.574058111757040024e-03
4.555027931928634644e-03
4.547709133476018906e-03
4.543317016214132309e-03
4.544781055301427841e-03
4.544781055301427841e-03
4.541852977126836777e-03
4.528678022325038910e-03
4.525750875473022461e-03
4.525750875473022461e-03
4.524286836385726929e-03
4.516968037933111191e-03
4.527214914560317993e-03
4.524286836385726929e-03
4.521359223872423172e-03
4.530142061412334442e-03
4.493546206504106522e-03
4.506721161305904388e-03
4.516968037933111191e-03
4.530142061412334442e-03
4.535998217761516571e-03
4.531606100499629974e-03
4.534534178674221039e-03
4.533070139586925507e-03
4.518431145697832108e-03
4.538924898952245712e-03
4.541852977126836777e-03
4.538924898952245712e-03
4.535998217761516571e-03
4.535998217761516571e-03
4.535998217761516571e-03
4.537461791187524796e-03
4.540388938039541245e-03
4.547709133476018906e-03
4.555027931928634644e-03
4.543317016214132309e-03
4.538924898952245712e-03
4.537461791187524796e-03
4.533070139586925507e-03
4.524286836385726929e-03
4.537461791187524796e-03
4.519895184785127640e-03
4.525750875473022461e-03
4.522822797298431396e-03
4.519895184785127640e-03
4.519895184785127640e-03
4.521359223872423172e-03
4.519895184785127640e-03
4.497936926782131195e-03
4.499400965869426727e-03
4.515503998845815659e-03
4.527214914560317993e-03
4.525750875473022461e-03
4.530142061412334442e-03
4.525750875473022461e-03
4.535998217761516571e-03
4.543317016214132309e-03
4.537461791187524796e-03
4.528678022325038910e-03
4.528678022325038910e-03
4.530142061412334442e-03
4.533070139586925507e-03
4.530142061412334442e-03
4.533070139586925507e-03
4.533070139586925507e-03
