5.133251193910837173e-03
5.124467890709638596e-03
5.127395968884229660e-03
5.099582951515913010e-03
5.117149092257022858e-03
5.118613131344318390e-03
5.117149092257022858e-03
5.115685053169727325e-03
5.112756974995136261e-03
5.118613131344318390e-03
5.118613131344318390e-03
5.114221014082431793e-03
5.087872035801410675e-03
5.109829828143119812e-03
5.109829828143119812e-03
5.109829828143119812e-03
5.095190834254026413e-03
5.093726795166730881e-03
5.098118912428617477e-03
5.105438176542520523e-03
5.124467890709638596e-03
5.109829828143119812e-03
5.134714767336845398e-03
5.137642845511436462e-03
5.130324047058820724e-03
5.133251193910837173e-03
5.130324047058820724e-03
5.130324047058820724e-03
5.131788086146116257e-03
5.111293867230415344e-03
5.134714767336845398e-03
5.130324047058820724e-03
5.130324047058820724e-03
5.077625159174203873e-03
5.067377816885709763e-03
5.055666901171207428e-03
5.049812141805887222e-03
5.042491946369409561e-03
5.024925805628299713e-03
5.039564799517393112e-03
5.039564799517393112e-03
5.033709108829498291e-03
5.021998193114995956e-03
5.016142968088388443e-03
5.013214889913797379e-03
5.011750850826501846e-03
5.005896091461181641e-03
5.001503974199295044e-03
4.985401872545480728e-03
4.997112788259983063e-03
5.017607007175683975e-03
5.021998193114995956e-03
5.027853883802890778e-03
5.030781030654907227e-03
5.033709108829498291e-03
5.036637187004089355e-03
5.004432052373886108e-03
5.035173147916793823e-03
5.036637187004089355e-03
5.042491946369409561e-03
5.042491946369409561e-03
5.036637187004089355e-03
5.033709108829498291e-03
5.030781030654907227e-03
5.020534154027700424e-03
4.981010220944881439e-03
4.983937833458185196e-03
4.976619035005569458e-03
4.975154995918273926e-03
4.978083074092864990e-03
4.973690956830978394e-03
4.975154995918273926e-03
4.963444080203771591e-03
4.966372158378362656e-03
4.959051962941884995e-03
4.963444080203771591e-03
4.961980041116476059e-03
4.960516002029180527e-03
4.959051962941884995e-03
4.923920147120952606e-03
4.964908119291067123e-03
4.970762878656387329e-03
4.986865911632776260e-03
4.992721136659383774e-03
5.010286811739206314e-03
5.016142968088388443e-03
5.011750850826501846e-03
5.017607007175683975e-03
5.019071046262979507e-03
5.017607007175683975e-03
5.017607007175683975e-03
5.002968013286590576e-03
5.020534154027700424e-03
5.023462232202291489e-03
5.019071046262979507e-03
5.017607007175683975e-03
4.778997972607612610e-03
