5.082015879452228546e-03
5.118613131344318390e-03
5.101046990603208542e-03
5.121541209518909454e-03
5.128860007971525192e-03
5.121541209518909454e-03
5.120077170431613922e-03
5.118613131344318390e-03
5.117149092257022858e-03
5.112756974995136261e-03
5.112756974995136261e-03
5.087872035801410675e-03
5.111293867230415344e-03
5.117149092257022858e-03
5.111293867230415344e-03
5.106902215629816055e-03
5.295739974826574326e-03
5.093726795166730881e-03
5.093726795166730881e-03
5.103974137455224991e-03
5.093726795166730881e-03
5.134714767336845398e-03
5.137642845511436462e-03
5.136178806424140930e-03
5.139106884598731995e-03
5.139106884598731995e-03
5.137642845511436462e-03
5.139106884598731995e-03
5.134714767336845398e-03
5.139106884598731995e-03
5.153744947165250778e-03
5.143498070538043976e-03
5.169847980141639709e-03
5.109829828143119812e-03
5.073233041912317276e-03
5.067377816885709763e-03
5.060059018433094025e-03
5.048348102718591690e-03
5.058594979345798492e-03
5.054202862083911896e-03
5.051274783909320831e-03
5.042491946369409561e-03
5.051274783909320831e-03
5.041027907282114029e-03
5.029317922890186310e-03
5.023462232202291489e-03
5.017607007175683975e-03
5.011750850826501846e-03
5.007360130548477173e-03
5.005896091461181641e-03
5.007360130548477173e-03
5.030781030654907227e-03
5.032245069742202759e-03
5.033709108829498291e-03
5.035173147916793823e-03
5.020534154027700424e-03
5.042491946369409561e-03
5.039564799517393112e-03
5.039564799517393112e-03
5.039564799517393112e-03
5.042491946369409561e-03
5.042491946369409561e-03
5.041027907282114029e-03
5.005896091461181641e-03
5.045420024544000626e-03
5.001503974199295044e-03
4.994185175746679306e-03
4.986865911632776260e-03
4.985401872545480728e-03
4.982473794370889664e-03
4.978083074092864990e-03
4.973690956830978394e-03
4.948805086314678192e-03
4.969298839569091797e-03
4.966372158378362656e-03
4.961980041116476059e-03
4.960516002029180527e-03
4.964908119291067123e-03
4.967836197465658188e-03
4.969298839569091797e-03
4.960516002029180527e-03
4.944413900375366211e-03
4.969298839569091797e-03
4.989793058484792709e-03
5.002968013286590576e-03
5.010286811739206314e-03
5.030781030654907227e-03
5.024925805628299713e-03
5.020534154027700424e-03
5.020534154027700424e-03
5.005896091461181641e-03
5.017607007175683975e-03
5.021998193114995956e-03
5.019071046262979507e-03
5.016142968088388443e-03
5.020534154027700424e-03
5.098118912428617477e-03
