5.121541209518909454e-03
5.120077170431613922e-03
5.120077170431613922e-03
5.084943957626819611e-03
5.108365789055824280e-03
5.118613131344318390e-03
5.117149092257022858e-03
5.121541209518909454e-03
5.120077170431613922e-03
5.121541209518909454e-03
5.114221014082431793e-03
5.115685053169727325e-03
5.114221014082431793e-03
5.101046990603208542e-03
5.106902215629816055e-03
5.108365789055824280e-03
5.098118912428617477e-03
5.101046990603208542e-03
5.111293867230415344e-03
5.115685053169727325e-03
5.123003851622343063e-03
5.111293867230415344e-03
5.153744947165250778e-03
5.153744947165250778e-03
5.158137064427137375e-03
5.169847980141639709e-03
5.159601103514432907e-03
5.158137064427137375e-03
5.153744947165250778e-03
5.150817800313234329e-03
5.147890187799930573e-03
5.351366009563207626e-03
5.133251193910837173e-03
5.095190834254026413e-03
5.096654873341321945e-03
5.080552771687507629e-03
5.077625159174203873e-03
5.070305895060300827e-03
5.067377816885709763e-03
5.051274783909320831e-03
5.054202862083911896e-03
5.057130940258502960e-03
5.058594979345798492e-03
5.045420024544000626e-03
5.033709108829498291e-03
5.039564799517393112e-03
5.029317922890186310e-03
5.007360130548477173e-03
4.994185175746679306e-03
5.010286811739206314e-03
5.023462232202291489e-03
5.027853883802890778e-03
5.038101226091384888e-03
5.057130940258502960e-03
5.043955985456705093e-03
5.043955985456705093e-03
5.010286811739206314e-03
5.038101226091384888e-03
5.045420024544000626e-03
5.051274783909320831e-03
5.043955985456705093e-03
5.033709108829498291e-03
5.042491946369409561e-03
5.049812141805887222e-03
5.026389844715595245e-03
4.994185175746679306e-03
4.989793058484792709e-03
4.988329950720071793e-03
4.981010220944881439e-03
4.976619035005569458e-03
4.973690956830978394e-03
4.970762878656387329e-03
4.970762878656387329e-03
4.970762878656387329e-03
4.959051962941884995e-03
4.979546181857585907e-03
4.975154995918273926e-03
4.970762878656387329e-03
4.966372158378362656e-03
4.957588855177164078e-03
4.961980041116476059e-03
4.969298839569091797e-03
4.983937833458185196e-03
4.997112788259983063e-03
5.019071046262979507e-03
5.021998193114995956e-03
5.023462232202291489e-03
5.021998193114995956e-03
5.017607007175683975e-03
5.014678929001092911e-03
5.017607007175683975e-03
4.998576827347278595e-03
5.017607007175683975e-03
5.013214889913797379e-03
5.014678929001092911e-03
5.019071046262979507e-03
