5.118613131344318390e-03
5.125931929796934128e-03
5.115685053169727325e-03
5.118613131344318390e-03
5.117149092257022858e-03
5.117149092257022858e-03
5.117149092257022858e-03
5.115685053169727325e-03
5.115685053169727325e-03
5.115685053169727325e-03
5.112756974995136261e-03
5.105438176542520523e-03
5.115685053169727325e-03
5.114221014082431793e-03
5.111293867230415344e-03
5.108365789055824280e-03
5.089336074888706207e-03
5.095190834254026413e-03
5.103974137455224991e-03
5.118613131344318390e-03
5.131788086146116257e-03
5.137642845511436462e-03
5.142034962773323059e-03
5.139106884598731995e-03
5.140570923686027527e-03
5.144962109625339508e-03
5.142034962773323059e-03
5.143498070538043976e-03
5.125931929796934128e-03
5.161065142601728439e-03
5.153744947165250778e-03
5.314770154654979706e-03
5.123003851622343063e-03
5.080552771687507629e-03
5.071769002825021744e-03
5.064450204372406006e-03
5.064450204372406006e-03
5.052738822996616364e-03
5.065913777798414230e-03
5.057130940258502960e-03
5.049812141805887222e-03
5.043955985456705093e-03
5.036637187004089355e-03
5.026389844715595245e-03
5.024925805628299713e-03
5.023462232202291489e-03
5.005896091461181641e-03
5.017607007175683975e-03
5.011750850826501846e-03
5.013214889913797379e-03
5.019071046262979507e-03
5.030781030654907227e-03
5.035173147916793823e-03
5.033709108829498291e-03
5.035173147916793823e-03
5.035173147916793823e-03
5.041027907282114029e-03
5.043955985456705093e-03
5.042491946369409561e-03
5.043955985456705093e-03
5.038101226091384888e-03
5.039564799517393112e-03
5.036637187004089355e-03
5.020534154027700424e-03
5.004432052373886108e-03
4.992721136659383774e-03
4.989793058484792709e-03
4.982473794370889664e-03
4.981010220944881439e-03
4.973690956830978394e-03
4.970762878656387329e-03
4.969298839569091797e-03
4.947341978549957275e-03
4.967836197465658188e-03
4.964908119291067123e-03
4.960516002029180527e-03
4.975154995918273926e-03
4.970762878656387329e-03
4.967836197465658188e-03
4.956124816089868546e-03
4.961980041116476059e-03
4.948805086314678192e-03
4.986865911632776260e-03
5.002968013286590576e-03
5.010286811739206314e-03
5.021998193114995956e-03
5.021998193114995956e-03
5.024925805628299713e-03
5.024925805628299713e-03
5.019071046262979507e-03
5.010286811739206314e-03
5.017607007175683975e-03
5.017607007175683975e-03
5.017607007175683975e-03
5.019071046262979507e-03
5.021998193114995956e-03
