4.502329044044017792e-03
4.512575920671224594e-03
4.516968037933111191e-03
4.521359223872423172e-03
4.524286836385726929e-03
4.522822797298431396e-03
4.524286836385726929e-03
4.525750875473022461e-03
4.522822797298431396e-03
4.516968037933111191e-03
4.518431145697832108e-03
4.524286836385726929e-03
4.525750875473022461e-03
4.525750875473022461e-03
4.524286836385726929e-03
4.518431145697832108e-03
4.508183803409337997e-03
4.486226942390203476e-03
4.521359223872423172e-03
4.533070139586925507e-03
4.538924898952245712e-03
4.538924898952245712e-03
4.535998217761516571e-03
4.540388938039541245e-03
4.537461791187524796e-03
4.524286836385726929e-03
4.538924898952245712e-03
4.537461791187524796e-03
4.537461791187524796e-03
4.537461791187524796e-03
4.537461791187524796e-03
4.535998217761516571e-03
4.553563892841339111e-03
4.544781055301427841e-03
4.544781055301427841e-03
4.540388938039541245e-03
4.537461791187524796e-03
4.533070139586925507e-03
4.534534178674221039e-03
4.528678022325038910e-03
4.527214914560317993e-03
4.528678022325038910e-03
4.505257122218608856e-03
4.519895184785127640e-03
4.522822797298431396e-03
4.518431145697832108e-03
4.521359223872423172e-03
4.596015904098749161e-03
4.505257122218608856e-03
4.518431145697832108e-03
4.530142061412334442e-03
4.519895184785127640e-03
4.530142061412334442e-03
4.535998217761516571e-03
4.535998217761516571e-03
4.533070139586925507e-03
4.534534178674221039e-03
4.534534178674221039e-03
4.533070139586925507e-03
4.524286836385726929e-03
4.537461791187524796e-03
4.535998217761516571e-03
4.533070139586925507e-03
4.571130033582448959e-03
4.549171775579452515e-03
4.544781055301427841e-03
4.547709133476018906e-03
4.525750875473022461e-03
4.534534178674221039e-03
4.531606100499629974e-03
4.530142061412334442e-03
4.528678022325038910e-03
4.530142061412334442e-03
4.531606100499629974e-03
4.525750875473022461e-03
4.522822797298431396e-03
4.509647842496633530e-03
4.518431145697832108e-03
4.518431145697832108e-03
4.499400965869426727e-03
4.509647842496633530e-03
4.516968037933111191e-03
4.521359223872423172e-03
4.534534178674221039e-03
4.518431145697832108e-03
4.527214914560317993e-03
4.534534178674221039e-03
4.530142061412334442e-03
4.527214914560317993e-03
4.533070139586925507e-03
4.541852977126836777e-03
4.538924898952245712e-03
4.512575920671224594e-03
4.525750875473022461e-03
4.533070139586925507e-03
4.533070139586925507e-03
4.316418897360563278e-03
