5.115685053169727325e-03
5.115685053169727325e-03
5.117149092257022858e-03
5.118613131344318390e-03
5.115685053169727325e-03
5.114221014082431793e-03
5.099582951515913010e-03
5.109829828143119812e-03
5.111293867230415344e-03
5.123003851622343063e-03
5.108365789055824280e-03
5.108365789055824280e-03
5.106902215629816055e-03
5.103974137455224991e-03
5.106902215629816055e-03
5.073233041912317276e-03
5.095190834254026413e-03
5.099582951515913010e-03
5.102510098367929459e-03
5.102510098367929459e-03
5.108365789055824280e-03
5.111293867230415344e-03
5.109829828143119812e-03
5.118613131344318390e-03
5.112756974995136261e-03
5.121541209518909454e-03
5.117149092257022858e-03
5.112756974995136261e-03
5.108365789055824280e-03
5.105438176542520523e-03
5.106902215629816055e-03
5.269390065222978592e-03
5.080552771687507629e-03
5.054202862083911896e-03
5.045420024544000626e-03
5.038101226091384888e-03
5.033709108829498291e-03
5.030781030654907227e-03
5.019071046262979507e-03
5.019071046262979507e-03
5.023462232202291489e-03
5.013214889913797379e-03
5.016142968088388443e-03
5.010286811739206314e-03
5.004432052373886108e-03
5.000039935111999512e-03
4.992721136659383774e-03
4.994185175746679306e-03
4.989793058484792709e-03
4.989793058484792709e-03
4.994185175746679306e-03
5.013214889913797379e-03
5.021998193114995956e-03
5.023462232202291489e-03
5.026389844715595245e-03
5.026389844715595245e-03
5.033709108829498291e-03
5.032245069742202759e-03
4.998576827347278595e-03
5.032245069742202759e-03
5.027853883802890778e-03
5.027853883802890778e-03
5.029317922890186310e-03
5.046884063631296158e-03
5.004432052373886108e-03
5.001503974199295044e-03
4.982473794370889664e-03
4.960516002029180527e-03
4.967836197465658188e-03
4.970762878656387329e-03
4.970762878656387329e-03
4.967836197465658188e-03
4.961980041116476059e-03
4.963444080203771591e-03
4.960516002029180527e-03
4.957588855177164078e-03
4.932702984660863876e-03
4.959051962941884995e-03
4.966372158378362656e-03
4.957588855177164078e-03
4.959051962941884995e-03
4.970762878656387329e-03
4.988329950720071793e-03
5.001503974199295044e-03
5.007360130548477173e-03
5.002968013286590576e-03
5.024925805628299713e-03
5.021998193114995956e-03
5.019071046262979507e-03
5.019071046262979507e-03
5.019071046262979507e-03
5.013214889913797379e-03
5.017607007175683975e-03
4.992721136659383774e-03
5.011750850826501846e-03
5.021998193114995956e-03
