5.086407996714115143e-03
5.118613131344318390e-03
5.115685053169727325e-03
5.118613131344318390e-03
5.115685053169727325e-03
5.120077170431613922e-03
5.099582951515913010e-03
5.109829828143119812e-03
5.118613131344318390e-03
5.117149092257022858e-03
5.112756974995136261e-03
5.114221014082431793e-03
5.111293867230415344e-03
5.111293867230415344e-03
5.114221014082431793e-03
5.099582951515913010e-03
5.092263221740722656e-03
5.102510098367929459e-03
5.103974137455224991e-03
5.111293867230415344e-03
5.117149092257022858e-03
5.125931929796934128e-03
5.124467890709638596e-03
5.127395968884229660e-03
5.124467890709638596e-03
5.142034962773323059e-03
5.144962109625339508e-03
5.142034962773323059e-03
5.137642845511436462e-03
5.133251193910837173e-03
5.131788086146116257e-03
5.128860007971525192e-03
5.106902215629816055e-03
5.079089198261499405e-03
5.073233041912317276e-03
5.068841855973005295e-03
5.064450204372406006e-03
5.054202862083911896e-03
5.048348102718591690e-03
5.038101226091384888e-03
5.027853883802890778e-03
5.027853883802890778e-03
5.021998193114995956e-03
5.026389844715595245e-03
5.019071046262979507e-03
5.016142968088388443e-03
5.010286811739206314e-03
5.010286811739206314e-03
5.005896091461181641e-03
5.008824169635772705e-03
5.005896091461181641e-03
5.011750850826501846e-03
5.026389844715595245e-03
5.030781030654907227e-03
5.035173147916793823e-03
5.038101226091384888e-03
5.032245069742202759e-03
5.043955985456705093e-03
5.042491946369409561e-03
5.017607007175683975e-03
5.036637187004089355e-03
5.032245069742202759e-03
5.030781030654907227e-03
5.033709108829498291e-03
5.023462232202291489e-03
4.988329950720071793e-03
4.985401872545480728e-03
4.988329950720071793e-03
4.975154995918273926e-03
4.975154995918273926e-03
4.975154995918273926e-03
4.973690956830978394e-03
4.963444080203771591e-03
4.963444080203771591e-03
4.963444080203771591e-03
4.959051962941884995e-03
4.978083074092864990e-03
4.960516002029180527e-03
4.966372158378362656e-03
4.957588855177164078e-03
4.950269125401973724e-03
4.967836197465658188e-03
4.973690956830978394e-03
4.992721136659383774e-03
5.010286811739206314e-03
5.010286811739206314e-03
5.016142968088388443e-03
5.024925805628299713e-03
5.014678929001092911e-03
5.017607007175683975e-03
5.019071046262979507e-03
5.019071046262979507e-03
5.016142968088388443e-03
5.021998193114995956e-03
5.001503974199295044e-03
5.010286811739206314e-03
4.805346950888633728e-03
