5.086407996714115143e-03
5.121541209518909454e-03
5.124467890709638596e-03
5.105438176542520523e-03
5.117149092257022858e-03
5.118613131344318390e-03
5.112756974995136261e-03
5.115685053169727325e-03
5.123003851622343063e-03
5.124467890709638596e-03
5.118613131344318390e-03
5.118613131344318390e-03
5.087872035801410675e-03
5.111293867230415344e-03
5.103974137455224991e-03
5.111293867230415344e-03
5.156673025339841843e-03
5.098118912428617477e-03
5.108365789055824280e-03
5.128860007971525192e-03
5.136178806424140930e-03
5.136178806424140930e-03
5.153744947165250778e-03
5.153744947165250778e-03
5.159601103514432907e-03
5.159601103514432907e-03
5.161065142601728439e-03
5.159601103514432907e-03
5.161065142601728439e-03
5.161065142601728439e-03
5.161065142601728439e-03
5.172776058316230774e-03
5.191805772483348846e-03
5.121541209518909454e-03
5.087872035801410675e-03
5.084943957626819611e-03
5.080552771687507629e-03
5.076161120086908340e-03
5.055666901171207428e-03
5.071769002825021744e-03
5.082015879452228546e-03
5.067377816885709763e-03
5.055666901171207428e-03
5.052738822996616364e-03
5.042491946369409561e-03
5.036637187004089355e-03
5.029317922890186310e-03
5.017607007175683975e-03
5.027853883802890778e-03
5.021998193114995956e-03
5.023462232202291489e-03
5.033709108829498291e-03
5.038101226091384888e-03
5.042491946369409561e-03
5.042491946369409561e-03
5.045420024544000626e-03
5.030781030654907227e-03
5.048348102718591690e-03
5.051274783909320831e-03
5.052738822996616364e-03
5.054202862083911896e-03
5.052738822996616364e-03
5.045420024544000626e-03
5.041027907282114029e-03
5.029317922890186310e-03
5.000039935111999512e-03
4.997112788259983063e-03
4.995649214833974838e-03
4.991257097572088242e-03
4.986865911632776260e-03
4.979546181857585907e-03
4.976619035005569458e-03
4.975154995918273926e-03
4.944413900375366211e-03
4.970762878656387329e-03
4.972226917743682861e-03
4.963444080203771591e-03
4.976619035005569458e-03
4.972226917743682861e-03
4.967836197465658188e-03
4.961980041116476059e-03
4.963444080203771591e-03
4.942949861288070679e-03
4.991257097572088242e-03
5.005896091461181641e-03
5.014678929001092911e-03
5.016142968088388443e-03
5.021998193114995956e-03
5.026389844715595245e-03
5.029317922890186310e-03
5.023462232202291489e-03
5.010286811739206314e-03
5.019071046262979507e-03
5.016142968088388443e-03
5.021998193114995956e-03
5.017607007175683975e-03
4.796564113348722458e-03
