5.118613131344318390e-03
5.118613131344318390e-03
5.118613131344318390e-03
5.117149092257022858e-03
5.120077170431613922e-03
5.087872035801410675e-03
5.114221014082431793e-03
5.121541209518909454e-03
5.118613131344318390e-03
5.118613131344318390e-03
5.114221014082431793e-03
5.115685053169727325e-03
5.112756974995136261e-03
5.117149092257022858e-03
5.101046990603208542e-03
5.103974137455224991e-03
5.101046990603208542e-03
5.101046990603208542e-03
5.125931929796934128e-03
5.130324047058820724e-03
5.137642845511436462e-03
5.130324047058820724e-03
5.137642845511436462e-03
5.136178806424140930e-03
5.156673025339841843e-03
5.156673025339841843e-03
5.150817800313234329e-03
5.155208986252546310e-03
5.165455862879753113e-03
5.156673025339841843e-03
5.150817800313234329e-03
5.294275935739278793e-03
5.123003851622343063e-03
5.089336074888706207e-03
5.084943957626819611e-03
5.076161120086908340e-03
5.071769002825021744e-03
5.074697080999612808e-03
5.062986165285110474e-03
5.060059018433094025e-03
5.024925805628299713e-03
5.048348102718591690e-03
5.045420024544000626e-03
5.041027907282114029e-03
5.032245069742202759e-03
5.024925805628299713e-03
5.030781030654907227e-03
5.027853883802890778e-03
5.007360130548477173e-03
4.981010220944881439e-03
5.020534154027700424e-03
5.030781030654907227e-03
5.035173147916793823e-03
5.039564799517393112e-03
5.036637187004089355e-03
5.043955985456705093e-03
5.045420024544000626e-03
5.041027907282114029e-03
5.032245069742202759e-03
5.045420024544000626e-03
5.042491946369409561e-03
5.036637187004089355e-03
5.039564799517393112e-03
5.061522126197814941e-03
5.004432052373886108e-03
5.007360130548477173e-03
4.978083074092864990e-03
4.978083074092864990e-03
4.982473794370889664e-03
4.978083074092864990e-03
4.975154995918273926e-03
4.967836197465658188e-03
4.967836197465658188e-03
4.970762878656387329e-03
4.969298839569091797e-03
4.959051962941884995e-03
4.966372158378362656e-03
4.963444080203771591e-03
4.961980041116476059e-03
4.961980041116476059e-03
4.964908119291067123e-03
4.970762878656387329e-03
4.991257097572088242e-03
5.002968013286590576e-03
4.986865911632776260e-03
5.020534154027700424e-03
5.021998193114995956e-03
5.019071046262979507e-03
5.023462232202291489e-03
5.017607007175683975e-03
5.019071046262979507e-03
5.019071046262979507e-03
5.017607007175683975e-03
5.005896091461181641e-03
5.019071046262979507e-03
5.021998193114995956e-03
