4.424745216965675354e-03
4.439382813870906830e-03
4.451094195246696472e-03
4.468659870326519012e-03
4.478907212615013123e-03
4.487690050154924393e-03
4.490618128329515457e-03
4.489154089242219925e-03
4.496473819017410278e-03
4.495009779930114746e-03
4.496473819017410278e-03
4.500865004956722260e-03
4.495009779930114746e-03
4.497936926782131195e-03
4.495009779930114746e-03
4.495009779930114746e-03
4.456948954612016678e-03
4.462805110961198807e-03
4.459877032786607742e-03
4.455485846847295761e-03
4.458412993699312210e-03
4.458412993699312210e-03
4.456948954612016678e-03
4.456948954612016678e-03
4.434992093592882156e-03
4.448166117072105408e-03
4.452557768672704697e-03
4.459877032786607742e-03
4.459877032786607742e-03
4.455485846847295761e-03
4.452557768672704697e-03
4.456948954612016678e-03
4.480370786041021347e-03
4.474516026675701141e-03
4.489154089242219925e-03
4.493546206504106522e-03
4.495009779930114746e-03
4.499400965869426727e-03
4.495009779930114746e-03
4.495009779930114746e-03
4.495009779930114746e-03
4.496473819017410278e-03
4.486226942390203476e-03
4.487690050154924393e-03
4.495009779930114746e-03
4.493546206504106522e-03
4.497936926782131195e-03
4.495009779930114746e-03
4.459877032786607742e-03
4.458412993699312210e-03
4.456948954612016678e-03
4.451094195246696472e-03
4.443774931132793427e-03
4.448166117072105408e-03
4.446702077984809875e-03
4.446702077984809875e-03
4.454021807760000229e-03
4.452557768672704697e-03
4.452557768672704697e-03
4.454021807760000229e-03
4.443774931132793427e-03
4.446702077984809875e-03
4.448166117072105408e-03
4.446702077984809875e-03
4.484762903302907944e-03
4.489154089242219925e-03
4.493546206504106522e-03
4.492082167416810989e-03
4.499400965869426727e-03
4.480370786041021347e-03
4.487690050154924393e-03
4.486226942390203476e-03
4.486226942390203476e-03
4.487690050154924393e-03
4.490618128329515457e-03
4.490618128329515457e-03
4.492082167416810989e-03
4.493546206504106522e-03
4.478907212615013123e-03
4.535998217761516571e-03
4.448166117072105408e-03
4.451094195246696472e-03
4.448166117072105408e-03
4.443774931132793427e-03
4.446702077984809875e-03
4.449630156159400940e-03
4.446702077984809875e-03
4.439382813870906830e-03
4.448166117072105408e-03
4.449630156159400940e-03
4.445238970220088959e-03
4.446702077984809875e-03
4.443774931132793427e-03
4.445238970220088959e-03
4.443774931132793427e-03
4.445238970220088959e-03
4.263720009475946426e-03
