5.114221014082431793e-03
5.117149092257022858e-03
5.120077170431613922e-03
5.115685053169727325e-03
5.115685053169727325e-03
5.114221014082431793e-03
5.115685053169727325e-03
5.098118912428617477e-03
5.103974137455224991e-03
5.115685053169727325e-03
5.111293867230415344e-03
5.103974137455224991e-03
5.106902215629816055e-03
5.103974137455224991e-03
5.099582951515913010e-03
5.099582951515913010e-03
5.076161120086908340e-03
5.089336074888706207e-03
5.096654873341321945e-03
5.105438176542520523e-03
5.103974137455224991e-03
5.106902215629816055e-03
5.111293867230415344e-03
5.109829828143119812e-03
5.080552771687507629e-03
5.115685053169727325e-03
5.117149092257022858e-03
5.121541209518909454e-03
5.121541209518909454e-03
5.117149092257022858e-03
5.108365789055824280e-03
5.099582951515913010e-03
5.096654873341321945e-03
5.048348102718591690e-03
5.045420024544000626e-03
5.033709108829498291e-03
5.029317922890186310e-03
5.021998193114995956e-03
5.021998193114995956e-03
5.017607007175683975e-03
5.016142968088388443e-03
5.010286811739206314e-03
4.989793058484792709e-03
5.005896091461181641e-03
5.001503974199295044e-03
4.997112788259983063e-03
4.994185175746679306e-03
4.988329950720071793e-03
4.975154995918273926e-03
4.995649214833974838e-03
4.998576827347278595e-03
4.989793058484792709e-03
5.016142968088388443e-03
5.023462232202291489e-03
5.023462232202291489e-03
5.026389844715595245e-03
5.024925805628299713e-03
5.029317922890186310e-03
5.029317922890186310e-03
5.019071046262979507e-03
5.027853883802890778e-03
5.029317922890186310e-03
5.029317922890186310e-03
5.024925805628299713e-03
5.014678929001092911e-03
4.978083074092864990e-03
4.975154995918273926e-03
4.979546181857585907e-03
4.964908119291067123e-03
4.966372158378362656e-03
4.969298839569091797e-03
4.960516002029180527e-03
4.964908119291067123e-03
4.959051962941884995e-03
4.963444080203771591e-03
4.960516002029180527e-03
4.957588855177164078e-03
4.935631062835454941e-03
4.966372158378362656e-03
5.140570923686027527e-03
4.956124816089868546e-03
4.964908119291067123e-03
4.982473794370889664e-03
4.995649214833974838e-03
5.008824169635772705e-03
5.010286811739206314e-03
5.007360130548477173e-03
5.019071046262979507e-03
5.023462232202291489e-03
5.019071046262979507e-03
5.017607007175683975e-03
5.020534154027700424e-03
5.016142968088388443e-03
5.019071046262979507e-03
4.991257097572088242e-03
5.007360130548477173e-03
4.789244849234819412e-03
