4.697022028267383575e-03
4.694093950092792511e-03
4.704340826719999313e-03
4.704340826719999313e-03
4.707268904894590378e-03
4.704340826719999313e-03
4.710196983069181442e-03
4.716052208095788956e-03
4.711661022156476974e-03
4.688239190727472305e-03
4.704340826719999313e-03
4.704340826719999313e-03
4.702876787632703781e-03
4.704340826719999313e-03
4.701414145529270172e-03
4.699950106441974640e-03
4.699950106441974640e-03
4.720443859696388245e-03
4.726299084722995758e-03
4.742402117699384689e-03
4.742402117699384689e-03
4.739474039524793625e-03
4.745328798890113831e-03
4.743865225464105606e-03
4.745328798890113831e-03
4.746792837977409363e-03
4.724835045635700226e-03
4.743865225464105606e-03
4.743865225464105606e-03
4.745328798890113831e-03
4.748256877064704895e-03
4.825841169804334641e-03
4.743865225464105606e-03
4.727763123810291290e-03
4.692629911005496979e-03
4.697022028267383575e-03
4.698486067354679108e-03
4.698486067354679108e-03
4.701414145529270172e-03
4.701414145529270172e-03
4.705804865807294846e-03
4.701414145529270172e-03
4.702876787632703781e-03
4.692629911005496979e-03
4.697022028267383575e-03
4.697022028267383575e-03
4.694093950092792511e-03
4.689703229814767838e-03
4.685311112552881241e-03
4.704340826719999313e-03
4.718979820609092712e-03
4.726299084722995758e-03
4.733617883175611496e-03
4.738010000437498093e-03
4.739474039524793625e-03
4.735081922262907028e-03
4.738010000437498093e-03
4.736545961350202560e-03
4.740938078612089157e-03
4.718979820609092712e-03
4.736545961350202560e-03
4.732154775410890579e-03
4.732154775410890579e-03
4.759967792779207230e-03
4.726299084722995758e-03
4.705804865807294846e-03
4.692629911005496979e-03
4.692629911005496979e-03
4.691166803240776062e-03
4.686775151640176773e-03
4.682383034378290176e-03
4.677991848438978195e-03
4.680919926613569260e-03
4.679455887526273727e-03
4.680919926613569260e-03
4.683847073465585709e-03
4.682383034378290176e-03
4.679455887526273727e-03
4.685311112552881241e-03
4.664816893637180328e-03
4.664816893637180328e-03
4.666280932724475861e-03
4.670673049986362457e-03
4.675063770264387131e-03
4.680919926613569260e-03
4.688239190727472305e-03
4.710196983069181442e-03
4.698486067354679108e-03
4.691166803240776062e-03
4.695557989180088043e-03
4.689703229814767838e-03
4.689703229814767838e-03
4.688239190727472305e-03
4.688239190727472305e-03
4.701414145529270172e-03
4.699950106441974640e-03
