4.682383034378290176e-03
4.701414145529270172e-03
4.705804865807294846e-03
4.704340826719999313e-03
4.710196983069181442e-03
4.705804865807294846e-03
4.705804865807294846e-03
4.685311112552881241e-03
4.699950106441974640e-03
4.701414145529270172e-03
4.701414145529270172e-03
4.699950106441974640e-03
4.697022028267383575e-03
4.702876787632703781e-03
4.702876787632703781e-03
4.707268904894590378e-03
4.682383034378290176e-03
4.716052208095788956e-03
4.730691201984882355e-03
4.736545961350202560e-03
4.736545961350202560e-03
4.738010000437498093e-03
4.738010000437498093e-03
4.742402117699384689e-03
4.729227162897586823e-03
4.736545961350202560e-03
4.735081922262907028e-03
4.738010000437498093e-03
4.738010000437498093e-03
4.739474039524793625e-03
4.740938078612089157e-03
4.739474039524793625e-03
4.729227162897586823e-03
4.717515781521797180e-03
4.704340826719999313e-03
4.695557989180088043e-03
4.694093950092792511e-03
4.688239190727472305e-03
4.691166803240776062e-03
4.695557989180088043e-03
4.692629911005496979e-03
4.694093950092792511e-03
4.697022028267383575e-03
4.695557989180088043e-03
4.692629911005496979e-03
4.689703229814767838e-03
4.694093950092792511e-03
4.691166803240776062e-03
4.675063770264387131e-03
4.679455887526273727e-03
4.704340826719999313e-03
4.711661022156476974e-03
4.710196983069181442e-03
4.713124129921197891e-03
4.717515781521797180e-03
4.713124129921197891e-03
4.716052208095788956e-03
4.718979820609092712e-03
4.721907898783683777e-03
4.729227162897586823e-03
4.733617883175611496e-03
4.720443859696388245e-03
4.720443859696388245e-03
4.790708888322114944e-03
4.713124129921197891e-03
4.685311112552881241e-03
4.664816893637180328e-03
4.669209010899066925e-03
4.657498095184564590e-03
4.654570017009973526e-03
4.653105977922677994e-03
4.638467915356159210e-03
4.638467915356159210e-03
4.634075798094272614e-03
4.603335168212652206e-03
4.637003876268863678e-03
4.637003876268863678e-03
4.639931954443454742e-03
4.641395062208175659e-03
4.632612224668264389e-03
4.612118005752563477e-03
4.615046083927154541e-03
4.622364882379770279e-03
4.620900843292474747e-03
4.631148185580968857e-03
4.634075798094272614e-03
4.635539837181568146e-03
4.639931954443454742e-03
4.637003876268863678e-03
4.635539837181568146e-03
4.632612224668264389e-03
4.613582044839859009e-03
4.634075798094272614e-03
4.628221038728952408e-03
4.631148185580968857e-03
4.631148185580968857e-03
4.415960982441902161e-03
