4.739474039524793625e-03
4.695557989180088043e-03
4.699950106441974640e-03
4.708732943981885910e-03
4.708732943981885910e-03
4.710196983069181442e-03
4.707268904894590378e-03
4.699950106441974640e-03
4.695557989180088043e-03
4.701414145529270172e-03
4.702876787632703781e-03
4.707268904894590378e-03
4.704340826719999313e-03
4.705804865807294846e-03
4.701414145529270172e-03
4.701414145529270172e-03
4.691166803240776062e-03
4.702876787632703781e-03
4.716052208095788956e-03
4.735081922262907028e-03
4.743865225464105606e-03
4.740938078612089157e-03
4.745328798890113831e-03
4.743865225464105606e-03
4.739474039524793625e-03
4.736545961350202560e-03
4.745328798890113831e-03
4.745328798890113831e-03
4.740938078612089157e-03
4.735081922262907028e-03
4.745328798890113831e-03
4.736545961350202560e-03
4.743865225464105606e-03
4.723371006548404694e-03
4.711661022156476974e-03
4.701414145529270172e-03
4.695557989180088043e-03
4.689703229814767838e-03
4.689703229814767838e-03
4.697022028267383575e-03
4.694093950092792511e-03
4.675063770264387131e-03
4.689703229814767838e-03
4.695557989180088043e-03
4.691166803240776062e-03
4.694093950092792511e-03
4.692629911005496979e-03
4.691166803240776062e-03
4.675063770264387131e-03
4.688239190727472305e-03
4.697022028267383575e-03
4.708732943981885910e-03
4.708732943981885910e-03
4.716052208095788956e-03
4.716052208095788956e-03
4.721907898783683777e-03
4.735081922262907028e-03
4.724835045635700226e-03
4.720443859696388245e-03
4.729227162897586823e-03
4.726299084722995758e-03
4.724835045635700226e-03
4.721907898783683777e-03
4.724835045635700226e-03
4.730691201984882355e-03
4.708732943981885910e-03
4.677991848438978195e-03
4.673600196838378906e-03
4.667744971811771393e-03
4.657498095184564590e-03
4.657498095184564590e-03
4.653105977922677994e-03
4.648714791983366013e-03
4.644323140382766724e-03
4.641395062208175659e-03
4.642859101295471191e-03
4.647251218557357788e-03
4.647251218557357788e-03
4.642859101295471191e-03
4.648714791983366013e-03
4.622364882379770279e-03
4.622364882379770279e-03
4.629685077816247940e-03
4.619438201189041138e-03
4.639931954443454742e-03
4.647251218557357788e-03
4.648714791983366013e-03
4.650178831070661545e-03
4.644323140382766724e-03
4.638467915356159210e-03
4.639931954443454742e-03
4.617974162101745605e-03
4.645787179470062256e-03
4.651641938835382462e-03
4.654570017009973526e-03
4.650178831070661545e-03
4.456948954612016678e-03
