4.667744971811771393e-03
4.698486067354679108e-03
4.704340826719999313e-03
4.704340826719999313e-03
4.702876787632703781e-03
4.707268904894590378e-03
4.707268904894590378e-03
4.697022028267383575e-03
4.699950106441974640e-03
4.702876787632703781e-03
4.708732943981885910e-03
4.702876787632703781e-03
4.705804865807294846e-03
4.705804865807294846e-03
4.701414145529270172e-03
4.702876787632703781e-03
4.733617883175611496e-03
4.694093950092792511e-03
4.718979820609092712e-03
4.735081922262907028e-03
4.740938078612089157e-03
4.743865225464105606e-03
4.745328798890113831e-03
4.740938078612089157e-03
4.730691201984882355e-03
4.740938078612089157e-03
4.740938078612089157e-03
4.738010000437498093e-03
4.743865225464105606e-03
4.748256877064704895e-03
4.745328798890113831e-03
4.745328798890113831e-03
4.762895870953798294e-03
4.730691201984882355e-03
4.710196983069181442e-03
4.699950106441974640e-03
4.695557989180088043e-03
4.691166803240776062e-03
4.701414145529270172e-03
4.698486067354679108e-03
4.676527809351682663e-03
4.699950106441974640e-03
4.698486067354679108e-03
4.697022028267383575e-03
4.695557989180088043e-03
4.694093950092792511e-03
4.694093950092792511e-03
4.694093950092792511e-03
4.680919926613569260e-03
4.676527809351682663e-03
4.711661022156476974e-03
4.708732943981885910e-03
4.718979820609092712e-03
4.721907898783683777e-03
4.723371006548404694e-03
4.729227162897586823e-03
4.729227162897586823e-03
4.716052208095788956e-03
4.727763123810291290e-03
4.732154775410890579e-03
4.733617883175611496e-03
4.729227162897586823e-03
4.730691201984882355e-03
4.723371006548404694e-03
4.740938078612089157e-03
4.705804865807294846e-03
4.698486067354679108e-03
4.683847073465585709e-03
4.676527809351682663e-03
4.670673049986362457e-03
4.663352854549884796e-03
4.658962134271860123e-03
4.654570017009973526e-03
4.651641938835382462e-03
4.645787179470062256e-03
4.656034056097269058e-03
4.656034056097269058e-03
4.653105977922677994e-03
4.656034056097269058e-03
4.650178831070661545e-03
4.629685077816247940e-03
4.626756999641656876e-03
4.615046083927154541e-03
4.641395062208175659e-03
4.647251218557357788e-03
4.650178831070661545e-03
4.651641938835382462e-03
4.660426173359155655e-03
4.656034056097269058e-03
4.647251218557357788e-03
4.645787179470062256e-03
4.645787179470062256e-03
4.651641938835382462e-03
4.648714791983366013e-03
4.651641938835382462e-03
4.648714791983366013e-03
4.499400965869426727e-03
