4.778997972607612610e-03
4.694093950092792511e-03
4.702876787632703781e-03
4.702876787632703781e-03
4.704340826719999313e-03
4.705804865807294846e-03
4.702876787632703781e-03
4.711661022156476974e-03
4.710196983069181442e-03
4.685311112552881241e-03
4.701414145529270172e-03
4.702876787632703781e-03
4.701414145529270172e-03
4.701414145529270172e-03
4.705804865807294846e-03
4.705804865807294846e-03
4.686775151640176773e-03
4.701414145529270172e-03
4.721907898783683777e-03
4.736545961350202560e-03
4.738010000437498093e-03
4.745328798890113831e-03
4.743865225464105606e-03
4.742402117699384689e-03
4.743865225464105606e-03
4.742402117699384689e-03
4.727763123810291290e-03
4.740938078612089157e-03
4.743865225464105606e-03
4.746792837977409363e-03
4.743865225464105606e-03
4.740938078612089157e-03
4.749720916152000427e-03
4.735081922262907028e-03
4.707268904894590378e-03
4.707268904894590378e-03
4.694093950092792511e-03
4.694093950092792511e-03
4.695557989180088043e-03
4.697022028267383575e-03
4.698486067354679108e-03
4.705804865807294846e-03
4.699950106441974640e-03
4.689703229814767838e-03
4.692629911005496979e-03
4.694093950092792511e-03
4.695557989180088043e-03
4.698486067354679108e-03
4.680919926613569260e-03
4.688239190727472305e-03
4.692629911005496979e-03
4.692629911005496979e-03
4.724835045635700226e-03
4.727763123810291290e-03
4.732154775410890579e-03
4.729227162897586823e-03
4.732154775410890579e-03
4.732154775410890579e-03
4.730691201984882355e-03
4.716052208095788956e-03
4.736545961350202560e-03
4.736545961350202560e-03
4.727763123810291290e-03
4.727763123810291290e-03
4.736545961350202560e-03
4.714588169008493423e-03
4.695557989180088043e-03
4.677991848438978195e-03
4.675063770264387131e-03
4.676527809351682663e-03
4.673600196838378906e-03
4.672136157751083374e-03
4.663352854549884796e-03
4.661888815462589264e-03
4.661888815462589264e-03
4.672136157751083374e-03
4.657498095184564590e-03
4.666280932724475861e-03
4.660426173359155655e-03
4.651641938835382462e-03
4.638467915356159210e-03
4.638467915356159210e-03
4.644323140382766724e-03
4.653105977922677994e-03
4.650178831070661545e-03
4.657498095184564590e-03
4.661888815462589264e-03
4.664816893637180328e-03
4.667744971811771393e-03
4.675063770264387131e-03
4.666280932724475861e-03
4.653105977922677994e-03
4.654570017009973526e-03
4.658962134271860123e-03
4.663352854549884796e-03
4.663352854549884796e-03
4.508183803409337997e-03
