4.689703229814767838e-03
4.704340826719999313e-03
4.708732943981885910e-03
4.705804865807294846e-03
4.702876787632703781e-03
4.702876787632703781e-03
4.677991848438978195e-03
4.697022028267383575e-03
4.701414145529270172e-03
4.701414145529270172e-03
4.705804865807294846e-03
4.704340826719999313e-03
4.705804865807294846e-03
4.705804865807294846e-03
4.702876787632703781e-03
4.695557989180088043e-03
4.698486067354679108e-03
4.711661022156476974e-03
4.732154775410890579e-03
4.742402117699384689e-03
4.745328798890113831e-03
4.743865225464105606e-03
4.743865225464105606e-03
4.730691201984882355e-03
4.738010000437498093e-03
4.740938078612089157e-03
4.742402117699384689e-03
4.739474039524793625e-03
4.742402117699384689e-03
4.743865225464105606e-03
4.740938078612089157e-03
4.726299084722995758e-03
4.740938078612089157e-03
4.716052208095788956e-03
4.699950106441974640e-03
4.692629911005496979e-03
4.689703229814767838e-03
4.697022028267383575e-03
4.691166803240776062e-03
4.694093950092792511e-03
4.686775151640176773e-03
4.695557989180088043e-03
4.694093950092792511e-03
4.692629911005496979e-03
4.695557989180088043e-03
4.691166803240776062e-03
4.697022028267383575e-03
4.707268904894590378e-03
4.663352854549884796e-03
4.689703229814767838e-03
4.697022028267383575e-03
4.704340826719999313e-03
4.707268904894590378e-03
4.713124129921197891e-03
4.721907898783683777e-03
4.723371006548404694e-03
4.721907898783683777e-03
4.718979820609092712e-03
4.726299084722995758e-03
4.721907898783683777e-03
4.721907898783683777e-03
4.720443859696388245e-03
4.720443859696388245e-03
4.749720916152000427e-03
4.718979820609092712e-03
4.695557989180088043e-03
4.676527809351682663e-03
4.661888815462589264e-03
4.654570017009973526e-03
4.644323140382766724e-03
4.644323140382766724e-03
4.639931954443454742e-03
4.648714791983366013e-03
4.619438201189041138e-03
4.644323140382766724e-03
4.642859101295471191e-03
4.635539837181568146e-03
4.632612224668264389e-03
4.629685077816247940e-03
4.612118005752563477e-03
4.612118005752563477e-03
4.623828921467065811e-03
4.622364882379770279e-03
4.631148185580968857e-03
4.637003876268863678e-03
4.631148185580968857e-03
4.632612224668264389e-03
4.634075798094272614e-03
4.632612224668264389e-03
4.632612224668264389e-03
4.622364882379770279e-03
4.642859101295471191e-03
4.642859101295471191e-03
4.638467915356159210e-03
4.634075798094272614e-03
4.631148185580968857e-03
4.395467229187488556e-03
