5.128860007971525192e-03
5.120077170431613922e-03
5.117149092257022858e-03
5.120077170431613922e-03
5.117149092257022858e-03
5.117149092257022858e-03
5.098118912428617477e-03
5.118613131344318390e-03
5.115685053169727325e-03
5.115685053169727325e-03
5.112756974995136261e-03
5.111293867230415344e-03
5.114221014082431793e-03
5.111293867230415344e-03
5.109829828143119812e-03
5.089336074888706207e-03
5.095190834254026413e-03
5.103974137455224991e-03
5.105438176542520523e-03
5.106902215629816055e-03
5.118613131344318390e-03
5.117149092257022858e-03
5.123003851622343063e-03
5.109829828143119812e-03
5.133251193910837173e-03
5.142034962773323059e-03
5.149354226887226105e-03
5.146426148712635040e-03
5.142034962773323059e-03
5.134714767336845398e-03
5.131788086146116257e-03
5.125931929796934128e-03
5.111293867230415344e-03
5.073233041912317276e-03
5.074697080999612808e-03
5.070305895060300827e-03
5.070305895060300827e-03
5.057130940258502960e-03
5.041027907282114029e-03
5.039564799517393112e-03
5.032245069742202759e-03
4.998576827347278595e-03
5.029317922890186310e-03
5.030781030654907227e-03
5.021998193114995956e-03
5.029317922890186310e-03
5.017607007175683975e-03
5.010286811739206314e-03
4.997112788259983063e-03
4.994185175746679306e-03
4.994185175746679306e-03
5.014678929001092911e-03
5.024925805628299713e-03
5.020534154027700424e-03
5.032245069742202759e-03
5.038101226091384888e-03
5.041027907282114029e-03
5.033709108829498291e-03
5.008824169635772705e-03
5.035173147916793823e-03
5.036637187004089355e-03
5.032245069742202759e-03
5.030781030654907227e-03
5.087872035801410675e-03
5.024925805628299713e-03
4.991257097572088242e-03
4.989793058484792709e-03
4.975154995918273926e-03
4.979546181857585907e-03
4.976619035005569458e-03
4.973690956830978394e-03
4.963444080203771591e-03
4.963444080203771591e-03
4.961980041116476059e-03
4.978083074092864990e-03
4.975154995918273926e-03
4.944413900375366211e-03
4.959051962941884995e-03
4.964908119291067123e-03
4.960516002029180527e-03
4.954660777002573013e-03
4.972226917743682861e-03
4.988329950720071793e-03
5.005896091461181641e-03
5.010286811739206314e-03
5.005896091461181641e-03
5.017607007175683975e-03
5.007360130548477173e-03
5.014678929001092911e-03
5.019071046262979507e-03
5.016142968088388443e-03
5.017607007175683975e-03
5.019071046262979507e-03
4.992721136659383774e-03
5.017607007175683975e-03
5.021998193114995956e-03
4.770215135067701340e-03
