5.086407996714115143e-03
5.118613131344318390e-03
5.123003851622343063e-03
5.117149092257022858e-03
5.120077170431613922e-03
5.117149092257022858e-03
5.121541209518909454e-03
5.121541209518909454e-03
5.118613131344318390e-03
5.115685053169727325e-03
5.106902215629816055e-03
5.111293867230415344e-03
5.109829828143119812e-03
5.112756974995136261e-03
5.114221014082431793e-03
5.109829828143119812e-03
5.096654873341321945e-03
5.092263221740722656e-03
5.112756974995136261e-03
5.115685053169727325e-03
5.125931929796934128e-03
5.130324047058820724e-03
5.133251193910837173e-03
5.137642845511436462e-03
5.142034962773323059e-03
5.153744947165250778e-03
5.149354226887226105e-03
5.139106884598731995e-03
5.150817800313234329e-03
5.147890187799930573e-03
5.146426148712635040e-03
5.152281839400529861e-03
5.139106884598731995e-03
5.095190834254026413e-03
5.080552771687507629e-03
5.033709108829498291e-03
5.067377816885709763e-03
5.073233041912317276e-03
5.073233041912317276e-03
5.055666901171207428e-03
5.054202862083911896e-03
5.049812141805887222e-03
5.039564799517393112e-03
5.038101226091384888e-03
5.036637187004089355e-03
5.029317922890186310e-03
5.024925805628299713e-03
5.017607007175683975e-03
5.008824169635772705e-03
5.005896091461181641e-03
5.020534154027700424e-03
5.030781030654907227e-03
5.030781030654907227e-03
5.002968013286590576e-03
5.038101226091384888e-03
5.042491946369409561e-03
5.048348102718591690e-03
5.052738822996616364e-03
5.042491946369409561e-03
5.039564799517393112e-03
5.035173147916793823e-03
5.039564799517393112e-03
5.038101226091384888e-03
5.051274783909320831e-03
5.032245069742202759e-03
4.991257097572088242e-03
4.992721136659383774e-03
4.983937833458185196e-03
4.986865911632776260e-03
4.983937833458185196e-03
4.970762878656387329e-03
4.970762878656387329e-03
4.969298839569091797e-03
4.970762878656387329e-03
4.966372158378362656e-03
4.970762878656387329e-03
4.972226917743682861e-03
4.970762878656387329e-03
4.961980041116476059e-03
4.998576827347278595e-03
4.945877939462661743e-03
4.970762878656387329e-03
4.986865911632776260e-03
5.004432052373886108e-03
5.010286811739206314e-03
5.013214889913797379e-03
5.019071046262979507e-03
5.030781030654907227e-03
4.995649214833974838e-03
5.019071046262979507e-03
5.020534154027700424e-03
5.017607007175683975e-03
5.019071046262979507e-03
5.029317922890186310e-03
5.020534154027700424e-03
5.020534154027700424e-03
4.740938078612089157e-03
