4.628221038728952408e-03
4.698486067354679108e-03
4.704340826719999313e-03
4.704340826719999313e-03
4.707268904894590378e-03
4.710196983069181442e-03
4.704340826719999313e-03
4.710196983069181442e-03
4.707268904894590378e-03
4.710196983069181442e-03
4.707268904894590378e-03
4.707268904894590378e-03
4.707268904894590378e-03
4.705804865807294846e-03
4.688239190727472305e-03
4.698486067354679108e-03
4.701414145529270172e-03
4.705804865807294846e-03
4.721907898783683777e-03
4.742402117699384689e-03
4.742402117699384689e-03
4.745328798890113831e-03
4.740938078612089157e-03
4.740938078612089157e-03
4.740938078612089157e-03
4.748256877064704895e-03
4.749720916152000427e-03
4.745328798890113831e-03
4.740938078612089157e-03
4.745328798890113831e-03
4.742402117699384689e-03
4.732154775410890579e-03
4.754112102091312408e-03
4.732154775410890579e-03
4.711661022156476974e-03
4.704340826719999313e-03
4.701414145529270172e-03
4.697022028267383575e-03
4.692629911005496979e-03
4.689703229814767838e-03
4.699950106441974640e-03
4.699950106441974640e-03
4.699950106441974640e-03
4.698486067354679108e-03
4.694093950092792511e-03
4.692629911005496979e-03
4.707268904894590378e-03
4.699950106441974640e-03
4.677991848438978195e-03
4.692629911005496979e-03
4.701414145529270172e-03
4.708732943981885910e-03
4.721907898783683777e-03
4.733617883175611496e-03
4.733617883175611496e-03
4.736545961350202560e-03
4.723371006548404694e-03
4.736545961350202560e-03
4.732154775410890579e-03
4.732154775410890579e-03
4.735081922262907028e-03
4.732154775410890579e-03
4.732154775410890579e-03
4.736545961350202560e-03
4.736545961350202560e-03
4.723371006548404694e-03
4.699950106441974640e-03
4.676527809351682663e-03
4.669209010899066925e-03
4.664816893637180328e-03
4.660426173359155655e-03
4.657498095184564590e-03
4.660426173359155655e-03
4.670673049986362457e-03
4.672136157751083374e-03
4.666280932724475861e-03
4.660426173359155655e-03
4.656034056097269058e-03
4.656034056097269058e-03
4.654570017009973526e-03
4.628221038728952408e-03
4.617974162101745605e-03
4.651641938835382462e-03
4.657498095184564590e-03
4.670673049986362457e-03
4.673600196838378906e-03
4.664816893637180328e-03
4.663352854549884796e-03
4.664816893637180328e-03
4.642859101295471191e-03
4.672136157751083374e-03
4.672136157751083374e-03
4.670673049986362457e-03
4.667744971811771393e-03
4.670673049986362457e-03
4.669209010899066925e-03
4.615046083927154541e-03
