5.105438176542520523e-03
5.121541209518909454e-03
5.121541209518909454e-03
5.118613131344318390e-03
5.109829828143119812e-03
5.120077170431613922e-03
5.118613131344318390e-03
5.117149092257022858e-03
5.114221014082431793e-03
5.115685053169727325e-03
5.118613131344318390e-03
5.112756974995136261e-03
5.111293867230415344e-03
5.101046990603208542e-03
5.115685053169727325e-03
5.108365789055824280e-03
5.095190834254026413e-03
5.095190834254026413e-03
5.103974137455224991e-03
5.109829828143119812e-03
5.123003851622343063e-03
5.137642845511436462e-03
5.146426148712635040e-03
5.149354226887226105e-03
5.153744947165250778e-03
5.147890187799930573e-03
5.144962109625339508e-03
5.147890187799930573e-03
5.144962109625339508e-03
5.144962109625339508e-03
5.137642845511436462e-03
5.152281839400529861e-03
5.140570923686027527e-03
5.095190834254026413e-03
5.082015879452228546e-03
5.068841855973005295e-03
5.064450204372406006e-03
5.071769002825021744e-03
5.058594979345798492e-03
5.046884063631296158e-03
5.052738822996616364e-03
5.043955985456705093e-03
5.038101226091384888e-03
5.032245069742202759e-03
5.024925805628299713e-03
5.021998193114995956e-03
5.029317922890186310e-03
5.013214889913797379e-03
4.981010220944881439e-03
5.002968013286590576e-03
5.011750850826501846e-03
5.020534154027700424e-03
5.030781030654907227e-03
5.045420024544000626e-03
5.039564799517393112e-03
5.039564799517393112e-03
5.032245069742202759e-03
5.036637187004089355e-03
5.042491946369409561e-03
5.045420024544000626e-03
5.042491946369409561e-03
5.042491946369409561e-03
5.042491946369409561e-03
5.038101226091384888e-03
5.023462232202291489e-03
4.976619035005569458e-03
4.981010220944881439e-03
4.982473794370889664e-03
4.983937833458185196e-03
4.983937833458185196e-03
4.978083074092864990e-03
4.973690956830978394e-03
4.970762878656387329e-03
4.964908119291067123e-03
4.951733164489269257e-03
4.959051962941884995e-03
4.964908119291067123e-03
4.967836197465658188e-03
4.960516002029180527e-03
5.058594979345798492e-03
4.959051962941884995e-03
4.963444080203771591e-03
4.983937833458185196e-03
4.988329950720071793e-03
5.011750850826501846e-03
5.016142968088388443e-03
5.017607007175683975e-03
5.019071046262979507e-03
5.016142968088388443e-03
5.021998193114995956e-03
5.021998193114995956e-03
4.988329950720071793e-03
5.019071046262979507e-03
5.021998193114995956e-03
5.020534154027700424e-03
5.021998193114995956e-03
4.783390089869499207e-03
